Transcript_ID_clean	baseMean_counts	mean_logCPM_AC	mean_logCPM_TOL	log2FC_TOL_vs_AC	p_value	FDR	rank_stat_signed_neglog10p	gene_id	gene_name	strict_consensus_amyloid
ENST00000680029	196.74844	2.0538213	7.0472155	4.993394	0.011261581	0.8093544299533921	1.9484006180236728	ENSG00000055609.21	KMT2C	False
ENST00000628517	35.851078	0.13762258	5.057557	4.9199347	0.003745058	0.8093544299533921	2.4265414420143134	ENSG00000029363.17	BCLAF1	False
ENST00000681056	320.99896	2.044472	6.7473288	4.702857	0.014904542	0.8093544299533921	1.8266813678782996	ENSG00000160710.19	ADAR	False
ENST00000359646	52.05293	0.8774438	5.3647966	4.487353	0.0027083764	0.8093544299533921	2.5672909815349914	ENSG00000244462.8	RBM12	False
ENST00000476451	64.490944	1.1138396	5.5904183	4.4765787	0.00072822435	0.8093544299533921	3.137734805854745	ENSG00000125944.22	HNRNPR	False
ENST00000443381	363.34903	2.2389903	6.6041327	4.3651423	0.02669228	0.8093544299533921	1.5736143192001846	ENSG00000158805.12	ZNF276	False
ENST00000677595	46.81904	0.7351158	4.9971604	4.2620444	0.0010903904	0.8093544299533921	2.9624179907695054	ENSG00000165071.15	TMEM71	False
ENST00000341455	73.501335	0.8507836	5.048948	4.198164	0.0027050572	0.8093544299533921	2.567823554820224	ENSG00000180376.17	CCDC66	False
ENST00000417652	281.68283	3.0952413	7.1204333	4.0251923	0.033034902	0.8093544299533921	1.4810269763465715	ENSG00000115053.17	NCL	False
ENST00000714473	107.92783	0.964221	4.9505877	3.9863667	0.0077480967	0.8093544299533921	2.1108049668358873	ENSG00000132612.17	VPS4A	False
ENST00000432900	155.17813	1.2114483	5.161791	3.9503427	0.08932688	0.8093544299533921	1.0490178304981588	ENSG00000189180.16	ZNF33A	False
ENST00000325722	172.3946	2.598717	6.5453243	3.9466074	0.020646416	0.8093544299533921	1.6851553337497063	ENSG00000142687.19	KIAA0319L	False
ENST00000699051	20.48804	0.0	3.9380436	3.9380436	0.0037235415	0.8093544299533921	2.4290438005753807	ENSG00000108021.22	TASOR2	False
ENST00000417955	31.791788	0.9039182	4.746475	3.842557	0.00191821	0.8093544299533921	2.717103860709203	ENSG00000161048.12	NAPEPLD	False
ENST00000679705	30.263988	2.8663772e-08	3.8033853	3.8033853	0.07654539	0.8093544299533921	1.116080974016462	ENSG00000157601.15	MX1	False
ENST00000560738	124.645004	1.9289122	5.7309155	3.8020034	0.02942048	0.8093544299533921	1.531350244014287	ENSG00000140575.13	IQGAP1	False
ENST00000610919	28.744837	0.34237635	4.1430182	3.800642	0.07061397	0.8093544299533921	1.1511093537916957	ENSG00000077684.16	JADE1	False
ENST00000341524	42.576485	1.2070279	4.994835	3.787807	0.0032117295	0.8093544299533921	2.493261044464685	ENSG00000069424.16	KCNAB2	False
ENST00000706581	155.07922	1.8562754	5.53197	3.6756945	0.026983803	0.8093544299533921	1.568896840227272	ENSG00000005249.14	PRKAR2B	False
ENST00000250784	690.5	3.876772	7.519443	3.642671	0.09197224	0.8093544299533921	1.036343239300416	ENSG00000129824.16	RPS4Y1	False
ENST00000674191	96.08571	1.5635449	5.186456	3.6229115	0.015181982	0.8093544299533921	1.818671529005033	ENSG00000133706.20	LARS1	False
ENST00000391748	150.97401	2.161559	5.728856	3.567297	0.104148306	0.8093544299533921	0.9823477897723419	ENSG00000131042.15	LILRB2	False
ENST00000376281	538.6799	3.5357618	7.100065	3.5643034	0.07737964	0.8093544299533921	1.1113733149477092	ENSG00000165119.22	HNRNPK	False
ENST00000679133	233.92488	1.2328917	4.776227	3.5433354	0.12851295	0.8093544299533921	0.8910531113367199	ENSG00000116539.14	ASH1L	False
ENST00000335181	20.0443	0.017430859	3.5356846	3.5182538	0.060265496	0.8093544299533921	1.2199312620472391	ENSG00000067225.21	PKM	False
ENST00000232978	2225.78	5.8710895	9.373491	3.5024018	0.11865326	0.8093544299533921	0.9257203244082678	ENSG00000114857.19	NKTR	False
ENST00000313601	1064.267	4.9922867	8.472704	3.4804173	0.088575676	0.8093544299533921	1.0526855240837956	ENSG00000114353.17	GNAI2	False
ENST00000324453	33.847057	0.0	3.4737732	3.4737732	0.06899198	0.8093544299533921	1.1612013819554297	ENSG00000180354.16	MTURN	True
ENST00000401525	78.17002	1.4019083	4.8755856	3.4736772	0.011478988	0.8093544299533921	1.9400963809547782	ENSG00000157954.15	WIPI2	False
ENST00000396083	76.520874	1.4295384	4.894571	3.4650326	0.013062089	0.8093544299533921	1.8839873697533491	ENSG00000066654.14	THUMPD1	False
ENST00000433961	14.6169815	0.15866593	3.6040797	3.4454138	0.00093085563	0.8093544299533921	3.0311176689193506	ENSG00000132256.20	TRIM5	False
ENST00000247461	18.85152	0.5889038	4.03058	3.4416761	0.001383905	0.8093544299533921	2.858893737344195	ENSG00000127022.16	CANX	False
ENST00000540010	61.928223	1.5345048	4.9711485	3.4366436	0.015372121	0.8093544299533921	1.8132662120405905	ENSG00000056558.11	TRAF1	False
ENST00000331340	13.47005	0.0	3.435579	3.435579	0.057908572	0.8093544299533921	1.237257142521973	ENSG00000185811.21	IKZF1	False
ENST00000703354	56.216564	1.2793953	4.708379	3.4289834	0.0072915754	0.8093544299533921	2.13717862726366	ENSG00000113575.12	PPP2CA	False
ENST00000358029	532.26086	3.340267	6.768077	3.42781	0.07633212	0.8093544299533921	1.117292663753982	ENSG00000124222.23	STX16	False
ENST00000475937	57.85322	1.6121207	5.023376	3.4112554	0.016819865	0.8093544299533921	1.7741775068822982	ENSG00000114861.24	FOXP1	False
ENST00000290219	186.40286	2.248018	5.651587	3.403569	0.06240506	0.8093544299533921	1.2047801881197446	ENSG00000159128.16	IFNGR2	False
ENST00000460843	13.0402355	0.00026911375	3.4018722	3.401603	0.057987638	0.8093544299533921	1.2366645822944415	ENSG00000181090.21	EHMT1	False
ENST00000612484	105.98305	2.2421901	5.640044	3.397854	0.019916154	0.8093544299533921	1.7007945145510555	ENSG00000086758.17	HUWE1	False
ENST00000684293	58.96322	0.9662096	4.331236	3.3650262	0.006367943	0.8093544299533921	2.196000847392359	ENSG00000091409.17	ITGA6	False
ENST00000542133	92.500595	2.4124005	5.7439117	3.3315113	0.009689123	0.8093544299533921	2.01371551427029	ENSG00000185864.19	NPIPB4	True
ENST00000677140	30.17558	0.6251361	3.9436123	3.3184762	0.092649356	0.8093544299533921	1.0331575972886058	ENSG00000070756.17	PABPC1	False
ENST00000673058	52.04643	1.5023451	4.806362	3.304017	0.01774635	0.8093544299533921	1.7508909623945093	ENSG00000198707.17	CEP290	False
ENST00000376802	624.1561	1.2562553	4.5352426	3.2789874	0.3218921	0.81312025904341	0.4922896649500204	ENSG00000206503.15	HLA-A	False
ENST00000621507	47.599083	1.8051907	5.0699396	3.264749	0.019328484	0.8093544299533921	1.713802200853685	ENSG00000125779.24	PANK2	False
ENST00000392583	18.138577	0.50238997	3.7532825	3.2508926	0.006046146	0.8093544299533921	2.2185213587652415	ENSG00000111335.14	OAS2	False
ENST00000611299	27.985119	0.5572282	3.797157	3.2399287	0.0029507452	0.8093544299533921	2.530068295225224	ENSG00000164674.17	SYTL3	False
ENST00000617537	126.44381	2.6123648	5.8504047	3.23804	0.040224206	0.8093544299533921	1.395512523050147	ENSG00000136250.12	AOAH	False
ENST00000367212	13.34671	0.0	3.2314637	3.2314637	0.070174284	0.8093544299533921	1.1538220081216035	ENSG00000058673.17	ZC3H11A	False
ENST00000684950	19.825731	0.68893903	3.9143007	3.2253616	0.0042502675	0.8093544299533921	2.3715837337047816	ENSG00000099219.15	ERMP1	False
ENST00000679448	150.8483	2.8726413	6.0573196	3.1846783	0.035597038	0.8093544299533921	1.448586143614798	ENSG00000127914.19	AKAP9	False
ENST00000707167	8.437151	0.0	3.1706119	3.1706119	0.00052542816	0.8093544299533921	3.279486657796578	ENSG00000113649.14	TCERG1	False
ENST00000426496	2262.7297	6.348156	9.491748	3.143592	0.13545604	0.8093544299533921	0.8682016233512498	ENSG00000117523.18	PRRC2C	False
ENST00000256707	139.24258	2.2740428	5.399624	3.125581	0.035436515	0.8093544299533921	1.4505489982056703	ENSG00000134313.17	KIDINS220	False
ENST00000700387	209.7893	2.9086697	6.0259457	3.117276	0.064395145	0.8093544299533921	1.1911468773735663	ENSG00000065000.20	AP3D1	False
ENST00000396410	70.34569	1.9159399	5.0260205	3.1100807	0.050263643	0.8093544299533921	1.298746035591406	ENSG00000179889.20	PDXDC1	False
ENST00000367679	167.29343	2.88683	5.993951	3.1071208	0.06121958	0.8093544299533921	1.213109650882592	ENSG00000116161.18	CACYBP	False
ENST00000377349	16.425293	2.579726e-06	3.103026	3.1030233	0.09405267	0.8093544299533921	1.0266288600170768	ENSG00000196873.16	ZNG1C	True
ENST00000703205	48.980976	1.5730435	4.6724167	3.0993733	0.0076496615	0.8093544299533921	2.1163577816693597	ENSG00000180071.21	ANKRD18A	False
ENST00000608872	32.996613	0.46241054	3.5517483	3.0893378	0.10016233	0.8093544299533921	0.9992955931064827	ENSG00000119402.18	FBXW2	False
ENST00000679848	97.485886	2.4956534	5.573806	3.0781524	0.031495586	0.8093544299533921	1.5017503063316178	ENSG00000137959.17	IFI44L	False
ENST00000611140	12.721219	0.20678855	3.2847095	3.077921	0.07097662	0.8093544299533921	1.148884671468916	ENSG00000077684.16	JADE1	False
ENST00000704484	31.03118	0.4948517	3.5600178	3.065166	0.088422365	0.8093544299533921	1.0534378709722698	ENSG00000011523.15	CEP68	False
ENST00000489400	59.357525	1.1445098	4.204125	3.0596151	0.14781402	0.8093544299533921	0.8302843701138122	ENSG00000173230.17	GOLGB1	False
ENST00000395603	414.1312	3.8434894	6.9023967	3.0589073	0.13912903	0.8093544299533921	0.8565822498406777	ENSG00000085224.23	ATRX	False
ENST00000685211	26.11345	1.3597347	4.418452	3.0587173	0.010860028	0.8093544299533921	1.9641690652035253	ENSG00000134369.16	NAV1	False
ENST00000347519	9.56541	2.8663772e-08	3.0479302	3.0479302	0.05998965	0.8093544299533921	1.221923673306903	ENSG00000254505.11	CHMP4A	False
ENST00000651177	81.85777	2.353845	5.3937984	3.0399535	0.03260012	0.8093544299533921	1.486780805168769	ENSG00000114374.13	USP9Y	False
ENST00000576586	72.44393	1.9935316	5.0141964	3.0206647	0.027354358	0.8093544299533921	1.5629734772956112	ENSG00000007168.15	PAFAH1B1	False
ENST00000523444	9.40771	0.0	3.0057812	3.0057812	0.061366897	0.8093544299533921	1.2120658355995562	ENSG00000104320.15	NBN	False
ENST00000360905	78.55394	0.8728655	3.8724556	2.9995902	0.10568175	0.8093544299533921	0.9760000153005767	ENSG00000082805.21	ERC1	False
ENST00000329797	13.162425	0.43072215	3.4291496	2.9984274	0.0016875954	0.8093544299533921	2.772731670184747	ENSG00000183484.12	GPR132	False
ENST00000343470	9.453481	0.0	2.9857323	2.9857323	0.06300017	0.8093544299533921	1.2006582622588315	ENSG00000145220.14	LYAR	False
ENST00000692877	68.287674	1.4045576	4.385522	2.9809642	0.14831278	0.8093544299533921	0.8288214324948044	ENSG00000136485.16	DCAF7	False
ENST00000689072	53.156593	1.2588106	4.231293	2.9724827	0.013370898	0.8093544299533921	1.8738394365132327	ENSG00000214654.9	B3GALT9	False
ENST00000393888	28.244226	1.2109925	4.1799393	2.968947	0.023081541	0.8093544299533921	1.6367351984573801	ENSG00000173786.17	CNP	False
ENST00000259456	489.0232	3.6952736	6.6622925	2.9670188	0.14897265	0.8093544299533921	0.8268934701221349	ENSG00000136929.13	HEMGN	False
ENST00000699296	191.98366	2.330862	5.294009	2.9631472	0.0818926	0.8093544299533921	1.0867553289163365	ENSG00000116044.17	NFE2L2	False
ENST00000285697	97.86235	2.5705867	5.532534	2.9619474	0.050048802	0.8093544299533921	1.300606313193324	ENSG00000155330.10	C16orf87	False
ENST00000558096	6.9816804	0.0	2.9591553	2.9591553	0.0007222543	0.8093544299533921	3.141309877573929	ENSG00000100889.12	PCK2	False
ENST00000354655	47.83978	1.2451936	4.2025023	2.9573088	0.012778576	0.8093544299533921	1.8935175239943747	ENSG00000197142.11	ACSL5	False
ENST00000258607	7.4877424	0.0	2.9494143	2.9494143	0.00036663143	0.8093544299533921	3.4357703076902273	ENSG00000136108.15	CKAP2	False
ENST00000548836	12.636344	0.045216788	2.994598	2.949381	0.061371397	0.8093544299533921	1.2120339891310963	ENSG00000135655.16	USP15	False
ENST00000391947	202.45908	2.8368018	5.785881	2.9490793	0.07288495	0.8093544299533921	1.137362157321938	ENSG00000198625.14	MDM4	True
ENST00000439151	37.93236	1.4370214	4.3769255	2.9399042	0.01422144	0.8093544299533921	1.8470564245262073	ENSG00000165671.22	NSD1	False
ENST00000320027	112.271706	2.350838	5.272154	2.921316	0.046353552	0.8093544299533921	1.3339169763439185	ENSG00000120694.20	HSPH1	False
ENST00000302937	13.69283	0.0	2.9198544	2.9198544	0.06360831	0.8093544299533921	1.1964861353531486	ENSG00000170892.13	TSEN34	False
ENST00000351806	29.5	1.4407037	4.3496475	2.9089437	0.023170823	0.8093544299533921	1.6350585359779672	ENSG00000170909.14	OSCAR	False
ENST00000532695	57.76541	1.9743863	4.8779902	2.903604	0.021302246	0.8093544299533921	1.67157461338078	ENSG00000111011.18	RSRC2	False
ENST00000375300	121.69967	2.4027297	5.291254	2.8885243	0.023451477	0.8093544299533921	1.6298297943843087	ENSG00000160584.17	SIK3	False
ENST00000681160	12.65946	0.22385532	3.1046977	2.8808424	0.071098104	0.8093544299533921	1.148141979882101	ENSG00000141252.21	VPS53	False
ENST00000519124	13.462959	0.18722028	3.062675	2.8754547	0.06378041	0.8093544299533921	1.1953126791573183	ENSG00000156802.13	ATAD2	False
ENST00000462666	36.002148	1.3615112	4.2196593	2.858148	0.025545152	0.8093544299533921	1.59269151044225	ENSG00000188313.13	PLSCR1	False
ENST00000545648	459.21396	3.925326	6.7731743	2.8478482	0.07972463	0.8093544299533921	1.0984074756262334	ENSG00000133872.14	SARAF	False
ENST00000448238	1264.8646	5.492592	8.336836	2.844244	0.16550884	0.8093544299533921	0.7811788143104501	ENSG00000164190.19	NIPBL	False
ENST00000600806	16.599558	0.6476123	3.4891956	2.8415833	0.009282575	0.8093544299533921	2.0323315336574588	ENSG00000099783.13	HNRNPM	False
ENST00000371826	52.16572	1.2872115	4.12569	2.8384786	0.16614668	0.8093544299533921	0.7795083306570598	ENSG00000119922.11	IFIT2	False
ENST00000361776	19.328152	0.4524988	3.288302	2.835803	0.07579347	0.8093544299533921	1.120368224017498	ENSG00000198815.9	FOXJ3	False
ENST00000679928	136.21461	2.7874336	5.6156425	2.828209	0.04823592	0.8093544299533921	1.316629439858897	ENSG00000182173.14	TSEN54	False
ENST00000641185	74.76901	2.4062212	5.234065	2.827844	0.031146124	0.8093544299533921	1.5065959916320686	ENSG00000169208.3	OR10G3	False
ENST00000562196	34.030434	1.5082693	4.3307433	2.822474	0.008006904	0.8093544299533921	2.096535363627745	ENSG00000260691.8	ANKRD20A1	False
ENST00000620230	28.9	1.0908456	3.905838	2.8149924	0.008426942	0.8093544299533921	2.074329998724491	ENSG00000130706.13	ADRM1	False
ENST00000367182	471.6837	3.3822181	6.195018	2.8127997	0.1351644	0.8093544299533921	0.8691376952470078	ENSG00000198625.14	MDM4	False
ENST00000507561	24.74919	0.6873796	3.5001693	2.8127897	0.13050452	0.8093544299533921	0.8843744505245156	ENSG00000168214.22	RBPJ	False
ENST00000530429	797.1885	4.845128	7.6509557	2.8058276	0.12919337	0.8093544299533921	0.8887597879557414	ENSG00000029363.17	BCLAF1	False
ENST00000396212	19.875942	0.34606016	3.1473312	2.801271	0.082045585	0.8093544299533921	1.085944784479806	ENSG00000103540.17	CCP110	False
ENST00000265077	138.86453	3.1496933	5.948101	2.7984078	0.046446323	0.8093544299533921	1.3330486582592864	ENSG00000038427.16	VCAN	False
ENST00000677051	104.75832	2.7313278	5.5265937	2.795266	0.07321349	0.8093544299533921	1.1354089030248997	ENSG00000075413.19	MARK3	False
ENST00000368815	73.41835	1.7638875	4.5430183	2.779131	0.04147169	0.8093544299533921	1.3822482671089662	ENSG00000107938.18	EDRF1	False
ENST00000682773	644.392	5.4012103	8.177171	2.7759604	0.07523666	0.8093544299533921	1.1235704738376533	ENSG00000101347.11	SAMHD1	False
ENST00000371856	105.86753	1.8285173	4.6010075	2.77249	0.09847151	0.8093544299533921	1.0066894137251567	ENSG00000124214.21	STAU1	False
ENST00000674411	43.95809	1.4136006	4.1849465	2.771346	0.036602825	0.8093544299533921	1.436485395409059	ENSG00000168259.17	DNAJC7	False
ENST00000290921	42.11731	1.345892	4.1135287	2.7676368	0.029482866	0.8093544299533921	1.5304303057569149	ENSG00000159692.18	CTBP1	False
ENST00000366542	57.87858	1.8706919	4.6376553	2.7669635	0.019749742	0.8093544299533921	1.7044385733613558	ENSG00000143702.17	CEP170	False
ENST00000707174	565.75574	4.6193905	7.38232	2.7629294	0.11911092	0.8093544299533921	0.924048422593775	ENSG00000059804.17	SLC2A3	False
ENST00000697110	100.15864	2.130545	4.888553	2.7580082	0.044815812	0.8093544299533921	1.3485687278407235	ENSG00000170074.21	FAM153A	True
ENST00000686876	106.40407	2.9901798	5.7394114	2.7492316	0.0332573	0.8093544299533921	1.4781130358399417	ENSG00000181555.22	SETD2	False
ENST00000699738	1007.17267	5.3120446	8.051219	2.7391744	0.16994822	0.8093544299533921	0.7696833791147697	ENSG00000147010.19	SH3KBP1	False
ENST00000314128	214.53146	3.4130309	6.151279	2.738248	0.08042548	0.8093544299533921	1.0946063464395128	ENSG00000170581.15	STAT2	False
ENST00000299427	50.71949	1.6247951	4.3595734	2.7347784	0.052283626	0.8093544299533921	1.2816343002270838	ENSG00000166340.18	TPP1	False
ENST00000637033	16.26226	0.91261595	3.6438048	2.7311888	0.007596469	0.8093544299533921	2.1193882290449158	ENSG00000175344.19	CHRNA7	False
ENST00000412756	96.538536	2.406495	5.1344323	2.7279372	0.05843743	0.8093544299533921	1.233308896701328	ENSG00000163728.11	TTC14	False
ENST00000515098	75.42025	2.6813889	5.4073915	2.7260027	0.04492166	0.8093544299533921	1.3475442138483573	ENSG00000145916.19	RMND5B	False
ENST00000531206	16.174133	0.6052773	3.3272324	2.721955	0.0011530821	0.8093544299533921	2.938139761657452	ENSG00000004897.12	CDC27	False
ENST00000700013	731.669	5.1124797	7.8216095	2.7091298	0.1226455	0.8093544299533921	0.9113483913961913	ENSG00000146247.15	PHIP	False
ENST00000523438	15.4825	0.45223925	3.1605613	2.708322	0.010489671	0.8093544299533921	1.9792381511127655	ENSG00000036448.10	MYOM2	False
ENST00000415149	349.37006	4.0255613	6.7295256	2.7039642	0.1027577	0.8093544299533921	0.9881856258997168	ENSG00000114439.19	BBX	False
ENST00000409196	37.926247	1.434945	4.1374874	2.7025423	0.03977991	0.8093544299533921	1.4003362151870518	ENSG00000204120.16	GIGYF2	False
ENST00000368874	26.117132	0.49645105	3.188014	2.691563	0.08481909	0.8093544299533921	1.0715063741384516	ENSG00000143393.17	PI4KB	False
ENST00000555761	141.94962	2.0030146	4.691089	2.6880746	0.08885755	0.8093544299533921	1.051305682750544	ENSG00000100603.14	SNW1	False
ENST00000342115	28.19024	1.2533122	3.9412553	2.687943	0.019933105	0.8093544299533921	1.700425056103009	ENSG00000116337.20	AMPD2	False
ENST00000292123	82.59501	2.3693144	5.047552	2.6782377	0.05426566	0.8093544299533921	1.265474916146294	ENSG00000160633.13	SAFB	False
ENST00000326499	119.76597	2.0861213	4.7637873	2.677666	0.046607215	0.8093544299533921	1.3315468478234223	ENSG00000112303.14	VNN2	False
ENST00000533616	646.1339	4.5463505	7.2121696	2.6658192	0.13636889	0.8093544299533921	0.8652847084031051	ENSG00000084234.18	APLP2	False
ENST00000611010	13.664824	0.6658284	3.3294077	2.6635792	0.01042952	0.8093544299533921	1.9817356720792618	ENSG00000160752.15	FDPS	False
ENST00000361365	145.81995	2.6664932	5.326414	2.659921	0.081770204	0.8093544299533921	1.0874049187297883	ENSG00000198692.10	EIF1AY	False
ENST00000295897	170.3	0.91520816	3.5726469	2.6574388	0.2532764	0.8093544299533921	0.5964052621430732	ENSG00000163631.19	ALB	False
ENST00000529637	208.99088	3.7759123	6.430387	2.6544747	0.08150206	0.8093544299533921	1.0888314268645356	ENSG00000090686.16	USP48	False
ENST00000336079	139.04788	2.7190647	5.373276	2.6542115	0.086712	0.8093544299533921	1.0619207829259856	ENSG00000067048.17	DDX3Y	False
ENST00000686445	8.829033	0.28203574	2.9327288	2.650693	0.069903865	0.8093544299533921	1.1554988085168687	ENSG00000144741.19	SLC25A26	True
ENST00000216037	14.270334	0.44379282	3.0916204	2.6478276	0.07921674	0.8093544299533921	1.1011830284272837	ENSG00000100219.17	XBP1	False
ENST00000429622	110.18449	2.3043003	4.94898	2.6446795	0.051176637	0.8093544299533921	1.2909282530672814	ENSG00000100385.15	IL2RB	False
ENST00000417464	16.500895	0.4652644	3.1087742	2.6435099	0.038655896	0.8093544299533921	1.412784258744663	ENSG00000183696.14	UPP1	True
ENST00000339594	203.68797	3.5825603	6.2225504	2.63999	0.06837317	0.8093544299533921	1.165114262270339	ENSG00000009954.11	BAZ1B	False
ENST00000405822	68.66852	2.1567311	4.795796	2.6390648	0.024383806	0.8093544299533921	1.6128985110993248	ENSG00000099991.18	CABIN1	False
ENST00000698457	75.571754	2.452593	5.0892415	2.6366484	0.03339578	0.8093544299533921	1.4763084295587279	ENSG00000198677.13	SKIC3	False
ENST00000345306	32.33259	1.013762	3.6503608	2.6365988	0.010794941	0.8093544299533921	1.9667797134554539	ENSG00000152942.19	RAD17	False
ENST00000685744	22.486639	0.6486743	3.2802527	2.6315784	0.11765698	0.8093544299533921	0.9293822905249882	ENSG00000065534.20	MYLK	False
ENST00000291547	27.42658	0.5813876	3.2107234	2.6293359	0.10606597	0.8093544299533921	0.9744239170476543	ENSG00000160199.15	PKNOX1	False
ENST00000374940	22.393372	0.65363073	3.2804608	2.62683	0.14082329	0.8093544299533921	0.8513255144102146	ENSG00000237541.4	HLA-DQA2	False
ENST00000504373	138.79819	3.052994	5.679533	2.626539	0.058901247	0.8093544299533921	1.2298755133302737	ENSG00000135535.17	CD164	True
ENST00000704013	1116.0642	5.828758	8.454679	2.6259208	0.13632488	0.8093544299533921	0.8654248679411062	ENSG00000165119.22	HNRNPK	False
ENST00000634871	42.11866	1.2315403	3.8563764	2.624836	0.0201909	0.8093544299533921	1.6948443180272632	ENSG00000179912.21	R3HDM2	False
ENST00000690021	116.610374	3.0302837	5.6479354	2.6176517	0.041446444	0.8093544299533921	1.3825127285801024	ENSG00000178105.12	DDX10	False
ENST00000626874	632.1848	4.859778	7.47415	2.6143723	0.15095498	0.8093544299533921	0.8211525646010034	ENSG00000173575.24	CHD2	False
ENST00000378183	55.43396	1.5924028	4.20043	2.608027	0.04853649	0.8093544299533921	1.313931627816158	ENSG00000204977.10	TRIM13	False
ENST00000392122	24.78257	0.6152209	3.2193797	2.6041589	0.006907732	0.8093544299533921	2.160664505940179	ENSG00000198821.12	CD247	False
ENST00000344537	6.5401597	0.0	2.602818	2.602818	0.06492727	0.8093544299533921	1.1875728408309885	ENSG00000047579.20	DTNBP1	False
ENST00000649963	417.5	4.504828	7.1070156	2.6021876	0.10612609	0.8093544299533921	0.9741778264563554	ENSG00000122218.17	COPA	True
ENST00000564754	1212.5663	5.421213	8.0216465	2.6004333	0.19304293	0.8093544299533921	0.714346090474246	ENSG00000103994.18	ZNF106	False
ENST00000308191	8.4266405	0.0	2.5996404	2.5996404	0.057825923	0.8093544299533921	1.237877426679378	ENSG00000171408.14	PDE7B	False
ENST00000456556	346.6442	3.9776886	6.5758286	2.59814	0.10022177	0.8093544299533921	0.9990379400963879	ENSG00000174501.15	ANKRD36C	False
ENST00000534113	12.8220005	0.0	2.5909054	2.5909054	0.070028506	0.8093544299533921	1.1547251375045928	ENSG00000187742.15	SECISBP2	False
ENST00000698103	105.59627	2.3536637	4.937207	2.5835435	0.06213482	0.8093544299533921	1.2066649486798968	ENSG00000135899.20	SP110	False
ENST00000380715	39.48953	1.645824	4.220484	2.5746598	0.01957569	0.8093544299533921	1.7082829022040773	ENSG00000164985.15	PSIP1	False
ENST00000438704	15.549153	0.73465043	3.308432	2.5737817	0.019106373	0.8093544299533921	1.7188217437494318	ENSG00000164104.12	HMGB2	False
ENST00000375110	262.14386	4.0798125	6.652994	2.5731816	0.13370746	0.8093544299533921	0.8738443491240379	ENSG00000120616.16	EPC1	False
ENST00000371602	113.283325	2.8103578	5.3826914	2.5723336	0.04577692	0.8093544299533921	1.3393534451751754	ENSG00000101126.18	ADNP	False
ENST00000228425	19.04356	1.0483974	3.6194148	2.5710173	0.017326081	0.8093544299533921	1.7612996552891316	ENSG00000110841.14	PPFIBP1	False
ENST00000534324	44.27753	0.77948385	3.345148	2.5656643	0.12090691	0.8093544299533921	0.9175488714583586	ENSG00000215883.11	CYB5RL	False
ENST00000378465	74.67373	2.5610988	5.1231303	2.5620315	0.04381012	0.8093544299533921	1.3584255402454877	ENSG00000065809.14	FAM107B	False
ENST00000551840	31.87766	1.0577006	3.616498	2.5587974	0.011790738	0.8093544299533921	1.9284589946648374	ENSG00000111142.14	METAP2	False
ENST00000674895	13.514273	0.60372895	3.1604044	2.5566754	0.00072169525	0.8093544299533921	3.1416461525994697	ENSG00000159267.17	HLCS	False
ENST00000409931	36.20718	1.7071576	4.263317	2.5561595	0.022322714	0.8093544299533921	1.651252998518821	ENSG00000167202.12	TBC1D2B	False
ENST00000017003	18.66906	1.0803264	3.632563	2.5522366	0.0123388525	0.8093544299533921	1.9087252269972266	ENSG00000015532.10	XYLT2	False
ENST00000379619	150.20396	3.5945988	6.137388	2.5427895	0.08964969	0.8093544299533921	1.0474511972978309	ENSG00000075426.12	FOSL2	False
ENST00000482491	10.149321	0.33596024	2.875074	2.5391138	0.0028920332	0.8093544299533921	2.5387967261821514	ENSG00000143748.18	NVL	False
ENST00000615877	41.674683	1.9112114	4.445982	2.5347705	0.041989457	0.8093544299533921	1.3768597429679224	ENSG00000167984.18	NLRC3	False
ENST00000520810	55.73719	1.719767	4.251712	2.5319448	0.033472445	0.8093544299533921	1.4753125651637995	ENSG00000104365.16	IKBKB	False
ENST00000611659	63.26287	1.0351788	3.5646586	2.52948	0.31988326	0.8121593305743525	0.49500849051099505	ENSG00000143549.22	TPM3	False
ENST00000382041	274.3515	3.6620686	6.1904364	2.5283678	0.14548469	0.8093544299533921	0.8371827192560716	ENSG00000100503.27	NIN	False
ENST00000704420	18.76322	0.47744563	3.0048485	2.5274029	0.1372304	0.8093544299533921	0.8625496825756275	ENSG00000148737.18	TCF7L2	False
ENST00000560674	7.9	0.11913804	2.6465108	2.5273728	0.0030351416	0.8093544299533921	2.5178210397813103	ENSG00000182253.15	SYNM	False
ENST00000545134	25.117329	0.8918493	3.4167175	2.5248682	0.006594187	0.8093544299533921	2.1808387336270285	ENSG00000127311.10	HELB	False
ENST00000479838	249.9082	3.6374722	6.1604795	2.5230074	0.10863979	0.8093544299533921	0.9640110761236315	ENSG00000005483.23	KMT2E	False
ENST00000705822	497.6542	4.6023707	7.1217666	2.5193958	0.15002911	0.8093544299533921	0.8238244730360689	ENSG00000070961.17	ATP2B1	False
ENST00000647098	62.787262	1.8369993	4.3517594	2.51476	0.033169944	0.8093544299533921	1.4792552637924778	ENSG00000115355.18	CCDC88A	False
ENST00000366582	33.90718	0.9823095	3.4958677	2.5135581	0.12340489	0.8093544299533921	0.9086676297053676	ENSG00000119285.11	HEATR1	False
ENST00000435829	50.906136	1.257952	3.7686243	2.5106723	0.034770116	0.8093544299533921	1.4587938577990431	ENSG00000154814.14	OXNAD1	False
ENST00000628285	417.18805	3.7018187	6.204995	2.5031765	0.15624872	0.8093544299533921	0.806183535907735	ENSG00000095787.26	WAC	False
ENST00000700114	314.29312	3.5944908	6.093713	2.499222	0.12843668	0.8093544299533921	0.8913109135916379	ENSG00000146247.15	PHIP	False
ENST00000394466	80.03792	2.180483	4.676067	2.4955838	0.032168698	0.8093544299533921	1.4925665222947746	ENSG00000113580.15	NR3C1	False
ENST00000687226	22.554626	1.0979398	3.5919445	2.4940047	0.13910078	0.8093544299533921	0.8566704499464977	ENSG00000121940.17	CLCC1	False
ENST00000316403	78.17354	2.3025627	4.7943754	2.4918127	0.06361605	0.8093544299533921	1.1964332847819146	ENSG00000120885.22	CLU	False
ENST00000336314	262.3349	4.002625	6.486882	2.4842572	0.12088353	0.8093544299533921	0.9176328596503831	ENSG00000155506.19	LARP1	False
ENST00000680513	21.72263	0.30810392	2.790833	2.482729	0.2214687	0.8093544299533921	0.6546876397662301	ENSG00000127914.19	AKAP9	False
ENST00000679328	67.64317	2.741088	5.2203293	2.4792414	0.05295378	0.8093544299533921	1.2761030356859084	ENSG00000170144.22	HNRNPA3	False
ENST00000325974	27.08075	0.7131305	3.1912239	2.4780934	0.16174474	0.8093544299533921	0.7911698242225876	ENSG00000122674.12	CCZ1	False
ENST00000271373	170.74944	2.6598551	5.1212516	2.4613965	0.09584385	0.8093544299533921	1.0184357421126624	ENSG00000143158.11	MPC2	False
ENST00000394053	16.78974	1.2298251	3.691009	2.461184	0.023780866	0.8093544299533921	1.6237723416357661	ENSG00000065911.13	MTHFD2	False
ENST00000372189	63.1	2.1439803	4.6016626	2.4576824	0.050207928	0.8093544299533921	1.2992277024172965	ENSG00000107263.19	RAPGEF1	False
ENST00000401547	31.103374	0.8381899	3.2938118	2.455622	0.13688388	0.8093544299533921	0.863647678320192	ENSG00000110066.16	KMT5B	False
ENST00000623724	342.97202	4.436415	6.8918505	2.4554353	0.11403167	0.8093544299533921	0.9429745059278763	ENSG00000161405.17	IKZF3	False
ENST00000687939	39.678078	1.1643871	3.6188674	2.4544802	0.1856748	0.8093544299533921	0.7312470317776772	ENSG00000116473.15	RAP1A	False
ENST00000302068	49.34559	1.8269383	4.280383	2.453445	0.012901893	0.8093544299533921	1.889346568038065	ENSG00000171564.12	FGB	False
ENST00000372692	365.8856	4.0942225	6.5448494	2.4506269	0.12258055	0.8093544299533921	0.911578432202458	ENSG00000119335.18	SET	False
ENST00000491710	7.095311	0.35884824	2.808874	2.4500256	0.004184957	0.8093544299533921	2.378308986693545	ENSG00000095951.18	HIVEP1	False
ENST00000644067	710.3268	5.00022	7.4500012	2.4497814	0.18350154	0.8093544299533921	0.7363602828458301	ENSG00000171634.19	BPTF	False
ENST00000680437	62.92274	1.3996099	3.8468876	2.4472775	0.17356567	0.8093544299533921	0.7605361687657243	ENSG00000137509.12	PRCP	False
ENST00000546165	7.32958	0.0	2.4442263	2.4442263	0.06350962	0.8093544299533921	1.1971604808217824	ENSG00000130713.17	EXOSC2	False
ENST00000512242	46.057274	2.21653	4.660408	2.443878	0.009615074	0.8093544299533921	2.017047372956094	ENSG00000184432.11	COPB2	False
ENST00000676657	49.575325	2.0857322	4.5252323	2.4395	0.0480761	0.8093544299533921	1.318070764299215	ENSG00000064601.21	CTSA	False
ENST00000377270	27.336905	1.2766966	3.7147427	2.438046	0.004965085	0.8093544299533921	2.304073306007057	ENSG00000165060.15	FXN	True
ENST00000554001	304.2426	4.1416855	6.5788136	2.437128	0.1577368	0.8093544299533921	0.8020669927662568	ENSG00000100906.12	NFKBIA	True
ENST00000644737	110.1331	3.3697093	5.804118	2.434409	0.028872838	0.8093544299533921	1.5395105222137697	ENSG00000127616.22	SMARCA4	False
ENST00000447368	19.05811	1.1197815	3.5521057	2.4323242	0.017551769	0.8093544299533921	1.7556791161219265	ENSG00000153560.12	UBP1	False
ENST00000262455	129.65175	2.8406305	5.2687826	2.428152	0.069508135	0.8093544299533921	1.157964362067791	ENSG00000023318.9	ERP44	False
ENST00000335272	50.3349	0.7894492	3.2156405	2.4261913	0.11840633	0.8093544299533921	0.9266250685074308	ENSG00000180957.19	PITPNB	False
ENST00000568016	20.412811	0.6936524	3.1182177	2.4245653	0.050715167	0.8093544299533921	1.2948621394420252	ENSG00000135698.10	MPHOSPH6	False
ENST00000538426	30.667461	1.6809808	4.1026697	2.421689	0.022330899	0.8093544299533921	1.6510937967514114	ENSG00000167770.13	OTUB1	False
ENST00000452510	173.42128	3.4829195	5.9035087	2.4205892	0.054132678	0.8093544299533921	1.2665404904680846	ENSG00000145833.16	DDX46	False
ENST00000317961	43.85235	1.8700686	4.287243	2.4171743	0.039643325	0.8093544299533921	1.4018299280968949	ENSG00000012817.16	KDM5D	False
ENST00000342679	160.2199	3.029536	5.444678	2.4151418	0.09016919	0.8093544299533921	1.0449418250711016	ENSG00000034152.20	MAP2K3	False
ENST00000602637	411.87775	4.376886	6.791157	2.4142709	0.14565101	0.8093544299533921	0.8366864915325821	ENSG00000180573.10	H2AC6	False
ENST00000677064	120.71163	2.8190534	5.230267	2.4112136	0.10122344	0.8093544299533921	0.9947189119997406	ENSG00000113013.16	HSPA9	False
ENST00000683060	158.44382	3.506635	5.9160795	2.4094446	0.09008443	0.8093544299533921	1.0453502479217773	ENSG00000130640.15	TUBGCP2	False
ENST00000573947	21.571161	0.9027272	3.310266	2.407539	0.010705888	0.8093544299533921	1.9703772933080208	ENSG00000072210.19	ALDH3A2	False
ENST00000523338	206.4233	3.3047702	5.709372	2.4046018	0.091811396	0.8093544299533921	1.0371034082149297	ENSG00000145901.17	TNIP1	False
ENST00000550846	19.607225	0.535221	2.9389434	2.4037223	0.01371745	0.8093544299533921	1.8627266077492017	ENSG00000123349.15	PFDN5	False
ENST00000576544	393.56348	3.1374962	5.5403566	2.4028604	0.38350904	0.823835243286134	0.4162243946270505	ENSG00000184009.13	ACTG1	False
ENST00000369068	161.0649	3.2054043	5.606121	2.4007168	0.07638519	0.8093544299533921	1.1169908221452096	ENSG00000163125.16	RPRD2	False
ENST00000678095	32.78178	1.1596813	3.5579746	2.3982933	0.022578292	0.8093544299533921	1.6463089224173204	ENSG00000107371.14	EXOSC3	False
ENST00000458591	26.917027	0.6218894	3.011366	2.3894765	0.12463966	0.8093544299533921	0.9043437439478688	ENSG00000092108.22	SCFD1	False
ENST00000703967	51.12973	1.9382387	4.3265696	2.388331	0.042026382	0.8093544299533921	1.3764779968915501	ENSG00000118922.19	KLF12	False
ENST00000539068	314.9061	3.8767345	6.2642612	2.3875268	0.14896592	0.8093544299533921	0.8269130623684496	ENSG00000096060.15	FKBP5	False
ENST00000519509	12.954399	0.5147313	2.9020188	2.3872876	0.0056550563	0.8093544299533921	2.2475630646105316	ENSG00000147419.19	CCDC25	False
ENST00000342754	101.862625	2.4496794	4.8331275	2.3834481	0.14876741	0.8093544299533921	0.8274921928832276	ENSG00000162614.19	NEXN	False
ENST00000375000	33.99601	1.8007618	4.183405	2.3826432	0.05190787	0.8093544299533921	1.2847667840147028	ENSG00000127483.19	HP1BP3	False
ENST00000519632	73.27113	2.573034	4.952914	2.3798802	0.0557513	0.8093544299533921	1.2537449908493044	ENSG00000146414.17	SHPRH	False
ENST00000409112	84.63822	2.2211597	4.6003137	2.379154	0.2994852	0.8113486273734618	0.5236246251909449	ENSG00000067066.17	SP100	False
ENST00000684145	29.738281	0.6313272	3.0103226	2.3789954	0.020397032	0.8093544299533921	1.6904330295791046	ENSG00000188452.15	CERKL	False
ENST00000322535	55.129925	0.8523473	3.2309318	2.3785844	0.23517945	0.8093544299533921	0.628600622076647	ENSG00000087365.16	SF3B2	False
ENST00000301764	59.5542	2.3695626	4.7457066	2.376144	0.049747676	0.8093544299533921	1.3032272058288563	ENSG00000167986.15	DDB1	False
ENST00000479930	10.701267	0.20941973	2.5821123	2.3726926	0.096858114	0.8093544299533921	1.0138639916757213	ENSG00000182670.14	TTC3	False
ENST00000581897	24.357662	1.4576937	3.817388	2.3596945	0.1002891	0.8093544299533921	0.9987462707369082	ENSG00000266338.7	NBPF15	False
ENST00000435611	208.60088	2.880478	5.2388306	2.3583527	0.13194986	0.8093544299533921	0.8795910765119183	ENSG00000183486.14	MX2	False
ENST00000514001	149.73225	3.4581597	5.8126254	2.3544657	0.09424368	0.8093544299533921	1.0257477505601005	ENSG00000145703.17	IQGAP2	False
ENST00000396475	11.611551	0.8693297	3.2230322	2.3537025	0.05039367	0.8093544299533921	1.2976240054273616	ENSG00000105926.16	PALS2	False
ENST00000337959	208.65213	3.5856688	5.936911	2.3512423	0.10957946	0.8093544299533921	0.9602708486953847	ENSG00000100266.19	PACSIN2	False
ENST00000280352	97.83207	1.4776262	3.8266525	2.3490262	0.19753614	0.8093544299533921	0.7043534354191751	ENSG00000150776.18	NKAPD1	False
ENST00000338981	21.272284	0.9281779	3.2771444	2.3489666	0.010245054	0.8093544299533921	1.9894857469354517	ENSG00000114374.13	USP9Y	False
ENST00000715174	48.542595	0.72776866	3.076407	2.3486383	0.25014374	0.8093544299533921	0.6018103670309523	ENSG00000155657.29	TTN	False
ENST00000492526	75.97149	1.44954	3.7959394	2.3463993	0.212205	0.8093544299533921	0.6732444022091798	ENSG00000137776.17	SLTM	False
ENST00000457008	45.839684	1.7229894	4.064663	2.3416734	0.035132404	0.8093544299533921	1.454292126632264	ENSG00000134398.15	ERN2	False
ENST00000674581	285.0221	2.126103	4.4659476	2.3398447	0.27307272	0.8093544299533921	0.5637216844456626	ENSG00000072864.16	NDE1	False
ENST00000620315	21.628544	0.843625	3.180726	2.337101	0.027456075	0.8093544299533921	1.5613615482375556	ENSG00000165732.14	DDX21	False
ENST00000367535	521.6094	4.463899	6.800361	2.336462	0.17775428	0.8093544299533921	0.7501799262396551	ENSG00000116701.16	NCF2	False
ENST00000537100	64.20336	1.9096943	4.2454224	2.3357282	0.08949707	0.8093544299533921	1.04819119699375	ENSG00000139372.15	TDG	True
ENST00000382044	63.339222	2.5604765	4.889387	2.3289106	0.036232207	0.8093544299533921	1.4409052114830525	ENSG00000067369.14	TP53BP1	False
ENST00000622567	155.02951	3.2227628	5.550581	2.3278182	0.07640044	0.8093544299533921	1.1169041603765326	ENSG00000065809.14	FAM107B	False
ENST00000392045	224.7605	3.9087906	6.2359986	2.327208	0.12509587	0.8093544299533921	0.9027570140291562	ENSG00000079263.19	SP140	False
ENST00000308418	204.97685	3.4471614	5.7691803	2.3220189	0.09529932	0.8093544299533921	1.0209102053630277	ENSG00000172922.11	RNASEH2C	False
ENST00000254584	16.36261	0.77464485	3.095236	2.3205912	0.004335708	0.8093544299533921	2.3629399757391694	ENSG00000132254.13	ARFIP2	False
ENST00000552235	26.99642	0.96297663	3.283071	2.3200943	0.012706731	0.8093544299533921	1.8959661486972428	ENSG00000139168.9	ZCRB1	False
ENST00000550547	11.959241	0.6984518	3.0148916	2.3164399	0.0012427821	0.8093544299533921	2.905605008599624	ENSG00000139624.14	CERS5	False
ENST00000618150	321.3247	4.271016	6.587102	2.3160858	0.15286347	0.8093544299533921	0.8156962784853915	ENSG00000125676.20	THOC2	False
ENST00000309863	50.31067	1.199505	3.506742	2.3072371	0.16137917	0.8093544299533921	0.7921525133681656	ENSG00000135968.22	GCC2	False
ENST00000651943	60.336784	2.1404383	4.4432683	2.30283	0.028962811	0.8093544299533921	1.5381592829381	ENSG00000198589.15	LRBA	False
ENST00000557154	267.92017	3.5380566	5.840167	2.3021104	0.117463134	0.8093544299533921	0.9300984152053111	ENSG00000100650.16	SRSF5	False
ENST00000594001	30.69781	0.9962171	3.296708	2.300491	0.13772233	0.8093544299533921	0.8609956438124666	ENSG00000105402.8	NAPA	True
ENST00000409564	34.77589	1.5685191	3.8678393	2.2993202	0.023422685	0.8093544299533921	1.6303633310562133	ENSG00000135951.16	TSGA10	False
ENST00000398193	21.168964	0.5732372	2.8680289	2.2947917	0.018149488	0.8093544299533921	1.7411356297679494	ENSG00000187627.18	RGPD1	False
ENST00000444761	83.82393	2.479585	4.7707677	2.2911828	0.09507966	0.8093544299533921	1.021912378057372	ENSG00000180398.13	MCFD2	True
ENST00000263681	63.443653	2.2248924	4.515163	2.2902706	0.030261572	0.8093544299533921	1.5191085089371335	ENSG00000077514.9	POLD3	False
ENST00000652698	177.42427	3.5797226	5.8675733	2.2878506	0.06953369	0.8093544299533921	1.157804717889461	ENSG00000157168.22	NRG1	False
ENST00000388795	26.599407	1.2773206	3.5650785	2.2877579	0.18510708	0.8093544299533921	0.7325769649829168	ENSG00000164074.17	ABHD18	False
ENST00000355396	17.4	1.2814113	3.5672944	2.285883	0.019676398	0.8093544299533921	1.7060543907033434	ENSG00000106868.17	SUSD1	False
ENST00000323883	615.54156	4.711784	6.9964485	2.2846646	0.22111443	0.8093544299533921	0.6553829204810114	ENSG00000150867.14	PIP4K2A	False
ENST00000430334	33.958775	0.7193163	3.003843	2.2845268	0.13333032	0.8093544299533921	0.8750710936994245	ENSG00000225190.12	PLEKHM1	False
ENST00000566454	72.71714	2.224579	4.508788	2.284209	0.08968394	0.8093544299533921	1.047285308453223	ENSG00000103064.15	SLC7A6	False
ENST00000699492	176.76428	3.487048	5.7694826	2.2824347	0.09822646	0.8093544299533921	1.00777151685905	ENSG00000187239.19	FNBP1	False
ENST00000345046	18.912846	1.0120324	3.2923543	2.280322	0.021825373	0.8093544299533921	1.6610383219415248	ENSG00000185825.17	BCAP31	False
ENST00000590061	75.35404	2.0422676	4.3220677	2.2798002	0.07124492	0.8093544299533921	1.1472461102080163	ENSG00000141646.17	SMAD4	False
ENST00000524622	120.80281	1.0370356	3.3156714	2.278636	0.31578046	0.8118754707110037	0.5006147458105686	ENSG00000135426.16	TESPA1	False
ENST00000565500	425.5052	4.4390016	6.713096	2.2740946	0.17036802	0.8093544299533921	0.7686119346871101	ENSG00000103994.18	ZNF106	False
ENST00000442938	28.430408	1.5343176	3.808069	2.2737513	0.005692366	0.8093544299533921	2.2447071805838017	ENSG00000149582.16	TMEM25	False
ENST00000699723	197.74863	3.706879	5.978739	2.27186	0.12878515	0.8093544299533921	0.8901342177163903	ENSG00000147010.19	SH3KBP1	False
ENST00000261254	22.1847	0.385941	2.6565366	2.2705956	0.24194331	0.8093544299533921	0.6162863737263962	ENSG00000118971.9	CCND2	False
ENST00000296519	37.85567	1.9495773	4.2158804	2.266303	0.023496427	0.8093544299533921	1.6289981806085734	ENSG00000164118.13	CEP44	False
ENST00000580104	90.16661	2.4997656	4.7607346	2.260969	0.061157726	0.8093544299533921	1.2135486728997065	ENSG00000153339.15	TRAPPC8	False
ENST00000314830	17.0206	0.872303	3.1290119	2.2567089	0.017390562	0.8093544299533921	1.7596863774160272	ENSG00000095370.20	SH2D3C	False
ENST00000560079	351.55588	3.2221649	5.4774594	2.2552946	0.21502441	0.8093544299533921	0.6675122319199773	ENSG00000166716.10	ZNF592	False
ENST00000395386	68.839645	0.84822536	3.1027887	2.2545633	0.16374263	0.8093544299533921	0.7858382339035227	ENSG00000129292.21	PHF20L1	False
ENST00000594907	12.362841	0.7321834	2.9862695	2.254086	0.1189116	0.8093544299533921	0.9247757713999913	ENSG00000099783.13	HNRNPM	False
ENST00000560371	35.544506	1.8685671	4.1218357	2.2532687	0.0427393	0.8093544299533921	1.369172613493771	ENSG00000131323.17	TRAF3	False
ENST00000295743	28.43595	1.005002	3.2553465	2.2503445	0.17552042	0.8093544299533921	0.75567235036757	ENSG00000163508.13	EOMES	False
ENST00000639828	19.303448	1.1087626	3.3590813	2.2503185	0.027903486	0.8093544299533921	1.5543415359824533	ENSG00000243335.10	KCTD7	False
ENST00000341832	438.6682	4.451722	6.698393	2.2466707	0.1850237	0.8093544299533921	0.7327726497111808	ENSG00000248333.9	CDK11B	False
ENST00000442253	136.56665	3.2073696	5.4535394	2.2461698	0.08307656	0.8093544299533921	1.0805215000419413	ENSG00000170915.9	PAQR8	False
ENST00000451628	75.02579	2.5412588	4.7843957	2.243137	0.041558906	0.8093544299533921	1.381335888811536	ENSG00000161551.15	ZNF577	False
ENST00000306875	26.647333	1.1936988	3.436337	2.242638	0.011718132	0.8093544299533921	1.9311416289075127	ENSG00000213380.16	COG8	False
ENST00000257177	46.048622	1.8714498	4.1125226	2.2410727	0.055633057	0.8093544299533921	1.2546670759180873	ENSG00000134744.14	TUT4	False
ENST00000300747	19.80827	0.8537119	3.094686	2.2409742	0.008650182	0.8093544299533921	2.062974764161355	ENSG00000167333.13	TRIM68	False
ENST00000651766	68.40038	2.5065722	4.7463226	2.2397504	0.040886007	0.8093544299533921	1.3884252986958172	ENSG00000214413.9	BBIP1	True
ENST00000427112	13.909678	0.8714871	3.1105578	2.2390707	0.0005734088	0.8093544299533921	3.24153565392525	ENSG00000085982.16	USP40	False
ENST00000368072	67.72852	2.3202665	4.558396	2.2381294	0.084821075	0.8093544299533921	1.0714962266780463	ENSG00000162735.19	PEX19	False
ENST00000680790	174.3407	2.996928	5.23191	2.2349823	0.18297577	0.8093544299533921	0.7376064188361776	ENSG00000188906.17	LRRK2	False
ENST00000468689	35.28886	1.1244968	3.357622	2.2331252	0.16471747	0.8093544299533921	0.7832603484408699	ENSG00000002933.9	TMEM176A	False
ENST00000645471	97.35018	2.19466	4.426692	2.232032	0.09709287	0.8093544299533921	1.0128126751466908	ENSG00000167460.17	TPM4	False
ENST00000368076	10.5	0.64916646	2.8806472	2.2314806	0.10677436	0.8093544299533921	0.9715330232700485	ENSG00000162734.13	PEA15	False
ENST00000345005	63.907295	1.4776484	3.709026	2.2313776	0.20614581	0.8093544299533921	0.6858254919916268	ENSG00000179335.20	CLK3	False
ENST00000424732	51.078995	2.097441	4.3258233	2.2283823	0.076248944	0.8093544299533921	1.1177661677521349	ENSG00000127483.19	HP1BP3	False
ENST00000541082	20.720007	1.2021838	3.4283957	2.226212	0.011027511	0.8093544299533921	1.9575224920974827	ENSG00000125898.13	FAM110A	False
ENST00000514429	30.069489	1.4405333	3.6593747	2.2188416	0.029015452	0.8093544299533921	1.5373706645918321	ENSG00000197603.16	CPLANE1	False
ENST00000638708	24.580221	1.172789	3.3910494	2.2182603	0.15931162	0.8093544299533921	0.7977525396294812	ENSG00000266173.7	STRADA	False
ENST00000642384	124.92848	3.0953817	5.3124676	2.2170858	0.07808698	0.8093544299533921	1.1074213748474229	ENSG00000119866.22	BCL11A	False
ENST00000684182	285.07596	3.2548192	5.4715233	2.2167041	0.31071675	0.8118754707110037	0.5076353367960728	ENSG00000072110.16	ACTN1	False
ENST00000672341	57.771088	1.3450699	3.561739	2.216669	0.056222346	0.8093544299533921	1.2500910389379671	ENSG00000164022.18	AIMP1	False
ENST00000710932	84.20402	2.2935092	4.5098495	2.2163403	0.07751347	0.8093544299533921	1.110622813889999	ENSG00000180488.17	MIGA1	False
ENST00000370791	84.20402	2.2935092	4.5098495	2.2163403	0.07751347	0.8093544299533921	1.110622813889999	ENSG00000180488.17	MIGA1	False
ENST00000619493	64.68155	2.2504032	4.462805	2.2124016	0.029336074	0.8093544299533921	1.5325980021063335	ENSG00000101246.20	ARFRP1	False
ENST00000320610	33.30767	1.1116362	3.3238971	2.212261	0.035268925	0.8093544299533921	1.4526077758602542	ENSG00000130856.18	ZNF236	False
ENST00000502326	31.247808	1.6969203	3.907874	2.2109537	0.054639213	0.8093544299533921	1.2624955663664044	ENSG00000134352.21	IL6ST	False
ENST00000689304	162.94978	3.5767014	5.7865076	2.2098062	0.11557979	0.8093544299533921	0.9371180938133887	ENSG00000119397.19	CNTRL	True
ENST00000638156	26.72471	1.8502531	4.058759	2.208506	0.021193054	0.8093544299533921	1.673806464029093	ENSG00000107863.20	ARHGAP21	False
ENST00000389547	211.56844	3.7462873	5.954553	2.2082658	0.12289546	0.8093544299533921	0.9104641716392995	ENSG00000131626.19	PPFIA1	False
ENST00000526629	9.371847	0.67797154	2.8860807	2.2081091	0.0036586628	0.8093544299533921	2.4366776173620113	ENSG00000120458.13	MSANTD2	False
ENST00000382772	102.06383	2.610735	4.8162236	2.2054887	0.120378	0.8093544299533921	0.9194528673564569	ENSG00000198692.10	EIF1AY	False
ENST00000295890	76.98825	2.2896655	4.4949203	2.2052548	0.04399323	0.8093544299533921	1.3566141418087392	ENSG00000163626.17	COX18	False
ENST00000603946	74.33241	2.7345674	4.939786	2.2052186	0.029045558	0.8093544299533921	1.5369202817222425	ENSG00000166197.17	NOLC1	False
ENST00000342505	238.56604	2.900879	5.1050224	2.2041435	0.16862938	0.8093544299533921	0.7730667616998022	ENSG00000162434.14	JAK1	False
ENST00000539652	32.632286	1.6455036	3.8486464	2.2031426	0.015770065	0.8093544299533921	1.8021665257956356	ENSG00000228144.2	ENSG00000228144	False
ENST00000698100	210.15018	3.6254826	5.828242	2.2027593	0.12693079	0.8093544299533921	0.8964330232484778	ENSG00000135899.20	SP110	False
ENST00000429383	14.940402	0.7073984	2.9085345	2.201136	0.121480875	0.8093544299533921	0.9154920896258423	ENSG00000131374.15	TBC1D5	False
ENST00000696896	8.427481	0.7393787	2.9393044	2.1999257	0.008281467	0.8093544299533921	2.081892747917705	ENSG00000101003.12	GINS1	True
ENST00000319637	20.658197	1.3399439	3.5374942	2.1975503	0.014030653	0.8093544299533921	1.8529221144104597	ENSG00000183317.17	EPHA10	False
ENST00000424697	12.03642	0.71181875	2.9080734	2.1962547	0.12836611	0.8093544299533921	0.8915496102692806	ENSG00000166526.19	ZNF3	False
ENST00000359860	152.90485	2.66356	4.856469	2.1929092	0.18772666	0.8093544299533921	0.7264740430559358	ENSG00000172661.20	WASHC2C	False
ENST00000367255	47.283585	1.0141051	3.2062912	2.192186	0.34791487	0.81719736681995	0.458527003277447	ENSG00000131018.25	SYNE1	False
ENST00000675217	51.078865	1.6854178	3.8642113	2.1787934	0.09181018	0.8093544299533921	1.0371091529276213	ENSG00000151092.18	NGLY1	False
ENST00000405159	81.16264	2.4464898	4.62315	2.17666	0.123658374	0.8093544299533921	0.9077764685629637	ENSG00000133193.13	VCF1	False
ENST00000368042	128.63043	3.3194683	5.494831	2.1753628	0.1077443	0.8093544299533921	0.967605700587081	ENSG00000026751.17	SLAMF7	False
ENST00000370470	49.103508	2.0711179	4.2434297	2.1723118	0.072634324	0.8093544299533921	1.1388580984684527	ENSG00000102081.16	FMR1	False
ENST00000549818	25.133228	1.3951567	3.567358	2.1722012	0.01048314	0.8093544299533921	1.9795086090440768	ENSG00000167553.17	TUBA1C	True
ENST00000244061	51.572926	1.9875541	4.155961	2.168407	0.23651327	0.8093544299533921	0.6261444838339998	ENSG00000124226.11	RNF114	False
ENST00000415272	58.46752	2.269239	4.4370837	2.1678448	0.036061052	0.8093544299533921	1.442961605059263	ENSG00000101361.17	NOP56	False
ENST00000699919	74.59172	1.1819788	3.3479433	2.1659646	0.20689535	0.8093544299533921	0.6842492670902045	ENSG00000122512.17	PMS2	False
ENST00000556594	26.228214	1.4872328	3.652761	2.1655283	0.01227928	0.8093544299533921	1.910827081143678	ENSG00000100784.12	RPS6KA5	True
ENST00000441867	381.11978	4.519803	6.6852865	2.1654835	0.19231814	0.8093544299533921	0.7159797466271499	ENSG00000204574.14	ABCF1	False
ENST00000349213	164.07259	3.1341076	5.298592	2.1644845	0.10027993	0.8093544299533921	0.998785989764859	ENSG00000054267.22	ARID4B	False
ENST00000402030	88.8039	2.5455523	4.7053194	2.1597672	0.057473354	0.8093544299533921	1.2405334574818518	ENSG00000128604.21	IRF5	False
ENST00000594295	14.499209	0.46727327	2.6257596	2.1584864	0.09507981	0.8093544299533921	1.0219116974189493	ENSG00000197608.12	ZNF841	False
ENST00000682237	33.63495	0.72011685	2.8775089	2.157392	0.12574896	0.8093544299533921	0.9004955905928334	ENSG00000046651.16	OFD1	False
ENST00000645495	18.929562	0.8905406	3.0458558	2.1553152	0.0074760523	0.8093544299533921	2.1263276708825063	ENSG00000137710.17	RDX	False
ENST00000312239	25.546179	1.3243526	3.4782214	2.1538687	0.19093513	0.8093544299533921	0.719114147647026	ENSG00000127483.19	HP1BP3	False
ENST00000391736	29.16299	1.6088648	3.762296	2.1534312	0.023866318	0.8093544299533921	1.6222145740141956	ENSG00000186818.13	LILRB4	False
ENST00000527218	32.92157	1.3349959	3.4883723	2.1533766	0.060090408	0.8093544299533921	1.2211948491750004	ENSG00000147789.16	ZNF7	False
ENST00000422032	5.9564548	0.42532572	2.5768406	2.151515	0.0009409763	0.8093544299533921	3.026421307834127	ENSG00000115504.15	EHBP1	False
ENST00000479013	123.75493	3.0087242	5.158363	2.1496387	0.120326124	0.8093544299533921	0.9196400722900815	ENSG00000128928.10	IVD	False
ENST00000622263	260.78775	3.8675814	6.0167093	2.149128	0.17020439	0.8093544299533921	0.7690292524709986	ENSG00000129292.21	PHF20L1	False
ENST00000373068	11.710795	0.9699034	3.114443	2.1445396	0.016822347	0.8093544299533921	1.7741134021574285	ENSG00000148339.13	SLC25A25	False
ENST00000651508	39.646847	1.4818026	3.6258595	2.1440568	0.027775679	0.8093544299533921	1.5563353189435756	ENSG00000204677.14	FAM153CP	False
ENST00000302014	585.58545	4.9250917	7.065466	2.1403742	0.18867141	0.8093544299533921	0.7242939047293898	ENSG00000170458.15	CD14	False
ENST00000271417	321.9603	4.3151984	6.4555416	2.1403432	0.16785675	0.8093544299533921	0.7750611824096731	ENSG00000143195.13	ILDR2	False
ENST00000394419	26.435751	0.1957374	2.3343434	2.138606	0.22346029	0.8093544299533921	0.6507996480663467	ENSG00000072110.16	ACTN1	False
ENST00000369645	10.300017	0.49918553	2.6363788	2.1371932	0.015176942	0.8093544299533921	1.8188157358448556	ENSG00000155363.19	MOV10	False
ENST00000518622	706.0702	4.5165696	6.651994	2.1354246	0.22670819	0.8093544299533921	0.6445327929631085	ENSG00000105483.18	CARD8	False
ENST00000512468	32.63718	2.128066	4.260171	2.1321049	0.0048128963	0.8093544299533921	2.3175935000116463	ENSG00000163633.12	C4orf36	True
ENST00000675903	52.67765	1.3236911	3.4555519	2.1318607	0.1958581	0.8093544299533921	0.708058449514882	ENSG00000153827.15	TRIP12	False
ENST00000595001	23.766312	0.7530742	2.8827744	2.1297002	0.16187511	0.8093544299533921	0.7908199131403433	ENSG00000213020.10	ZNF611	True
ENST00000576153	53.423992	2.1946285	4.32344	2.1288116	0.03494699	0.8093544299533921	1.456590233382902	ENSG00000161921.17	CXCL16	False
ENST00000688074	46.521835	2.1617472	4.2903748	2.1286275	0.017230863	0.8093544299533921	1.7636929768247522	ENSG00000197535.16	MYO5A	False
ENST00000545354	8.884306	0.37441245	2.503028	2.1286154	0.08473797	0.8093544299533921	1.0719219369535011	ENSG00000110344.10	UBE4A	False
ENST00000648897	22.061783	1.2504576	3.376448	2.1259904	0.018907351	0.8093544299533921	1.7233693037584463	ENSG00000028116.18	VRK2	False
ENST00000324210	125.60065	3.348656	5.473639	2.124983	0.0819734	0.8093544299533921	1.0863270318028402	ENSG00000152601.18	MBNL1	False
ENST00000272793	28.786993	1.1595079	3.2833517	2.1238437	0.060219407	0.8093544299533921	1.220263524852075	ENSG00000144357.18	UBR3	False
ENST00000690292	16.175013	0.41953516	2.5426269	2.1230917	0.0507427	0.8093544299533921	1.29462642189645	ENSG00000001631.17	KRIT1	False
ENST00000441448	52.260277	1.3080094	3.4306118	2.1226025	0.18791832	0.8093544299533921	0.7260308781402284	ENSG00000197498.13	RPF2	False
ENST00000676214	60.40023	0.76990956	2.8920865	2.122177	0.32694033	0.8142173533113395	0.4855315061656491	ENSG00000075785.14	RAB7A	False
ENST00000458258	51.808205	1.4543477	3.5761862	2.1218386	0.1360579	0.8093544299533921	0.8662762415877887	ENSG00000119314.16	PTBP3	False
ENST00000683202	19.881649	0.57162946	2.692599	2.1209695	0.10432734	0.8093544299533921	0.9816018513694466	ENSG00000147133.18	TAF1	False
ENST00000286835	9.7	0.52847797	2.6486516	2.1201737	0.10776873	0.8093544299533921	0.967507237757249	ENSG00000156304.15	SCAF4	False
ENST00000615491	350.65048	3.692623	5.812703	2.1200802	0.24817851	0.8093544299533921	0.6052358239069797	ENSG00000185811.21	IKZF1	False
ENST00000372213	20.2	0.52847797	2.6483932	2.1199152	0.14141141	0.8093544299533921	0.8495155511388762	ENSG00000151224.13	MAT1A	False
ENST00000698412	27.933533	0.7893924	2.9055462	2.1161537	0.30275795	0.8118754707110037	0.5189044460251219	ENSG00000072756.18	TRNT1	False
ENST00000344373	146.197	3.0766504	5.190135	2.1134846	0.106983915	0.8093544299533921	0.9706815135699517	ENSG00000131355.15	ADGRE3	False
ENST00000681158	44.769264	1.6038662	3.7153444	2.1114783	0.050457474	0.8093544299533921	1.2970744962470606	ENSG00000184014.9	DENND5A	False
ENST00000531074	55.452454	2.4984825	4.6076903	2.1092079	0.04479223	0.8093544299533921	1.34879730411717	ENSG00000254732.2	ENSG00000254732	False
ENST00000683918	96.74254	3.174386	5.279064	2.1046782	0.0973947	0.8093544299533921	1.0114646875407232	ENSG00000167491.18	GATAD2A	False
ENST00000372805	1514.5826	6.598505	8.702434	2.1039286	0.14629588	0.8093544299533921	0.8347679182695553	ENSG00000131236.18	CAP1	False
ENST00000482862	31.323471	1.256014	3.3590744	2.1030602	0.061315924	0.8093544299533921	1.2124267232548376	ENSG00000135250.17	SRPK2	False
ENST00000644077	338.0926	4.265143	6.3674703	2.1023273	0.1847635	0.8093544299533921	0.733383805216139	ENSG00000111642.16	CHD4	False
ENST00000558247	164.70737	3.7305439	5.8322396	2.1016958	0.14641559	0.8093544299533921	0.8344126744461012	ENSG00000132466.20	ANKRD17	False
ENST00000400590	88.21001	2.2989156	4.396825	2.0979092	0.079083554	0.8093544299533921	1.1019138193546263	ENSG00000180776.17	ZDHHC20	False
ENST00000473314	11.465708	0.73984075	2.83757	2.0977292	0.008365276	0.8093544299533921	2.0775197115589803	ENSG00000117616.18	RSRP1	False
ENST00000587896	77.76759	2.1540453	4.2510314	2.096986	0.10986043	0.8093544299533921	0.959158714638583	ENSG00000099622.14	CIRBP	False
ENST00000697780	62.589832	1.8142052	3.9107418	2.0965366	0.26199552	0.8093544299533921	0.5817061279387925	ENSG00000172575.14	RASGRP1	False
ENST00000409207	48.67258	1.6861929	3.7812772	2.0950842	0.049347263	0.8093544299533921	1.30673693156564	ENSG00000180398.13	MCFD2	True
ENST00000345060	13.839201	0.7503219	2.845203	2.094881	0.002555795	0.8093544299533921	2.592473981460464	ENSG00000188778.6	ADRB3	False
ENST00000497579	46.20598	2.220959	4.3141346	2.0931756	0.094861634	0.8093544299533921	1.022909398512718	ENSG00000114126.18	TFDP2	False
ENST00000614077	13.033812	0.40145954	2.4924903	2.0910308	0.12332927	0.8093544299533921	0.9089338500269375	ENSG00000241343.10	RPL36A	False
ENST00000502653	14.601108	0.98721725	3.0769494	2.0897322	0.022939043	0.8093544299533921	1.6394247022397543	ENSG00000018189.13	RUFY3	False
ENST00000592889	33.42134	1.8512267	3.9404125	2.0891857	0.08812801	0.8093544299533921	1.05488604658951	ENSG00000126246.10	IGFLR1	False
ENST00000651591	27.128881	1.588921	3.673914	2.084993	0.03210822	0.8093544299533921	1.4933837537010606	ENSG00000072756.18	TRNT1	True
ENST00000533089	83.54992	2.6158154	4.7004447	2.0846293	0.05707347	0.8093544299533921	1.2435657204930246	ENSG00000069702.11	TGFBR3	False
ENST00000434713	36.94472	1.1908711	3.2741952	2.083324	0.03941875	0.8093544299533921	1.4042971570474774	ENSG00000118007.13	STAG1	False
ENST00000416919	284.09418	1.2636523	3.346611	2.0829587	0.4081328	0.8322411833574862	0.3891985103389416	ENSG00000116977.19	LGALS8	False
ENST00000358951	247.99593	3.969612	6.0512323	2.0816205	0.13222657	0.8093544299533921	0.8786812629252168	ENSG00000118873.17	RAB3GAP2	False
ENST00000333750	12.6	0.76951736	2.8488846	2.0793672	0.0011771775	0.8093544299533921	2.929158035712628	ENSG00000130038.10	CRACR2A	True
ENST00000376437	38.606865	1.523853	3.6028066	2.0789537	0.030084372	0.8093544299533921	1.5216590560664094	ENSG00000204560.10	DHX16	False
ENST00000398263	149.41754	3.427498	5.505963	2.0784647	0.06792486	0.8093544299533921	1.1679712663227197	ENSG00000152291.15	TGOLN2	False
ENST00000344419	32.583336	1.2338284	3.3118205	2.077992	0.045724485	0.8093544299533921	1.3398511766711878	ENSG00000009765.15	IYD	False
ENST00000392237	66.71187	2.2544768	4.3313217	2.076845	0.067556456	0.8093544299533921	1.1703331432436546	ENSG00000163596.17	ICA1L	False
ENST00000677035	45.523243	1.2178266	3.2942734	2.0764468	0.18495159	0.8093544299533921	0.7329419342658517	ENSG00000075413.19	MARK3	False
ENST00000295025	135.55907	2.5999649	4.673735	2.0737703	0.35046357	0.81719736681995	0.4553571204454945	ENSG00000162924.16	REL	False
ENST00000377298	175.2978	3.7456295	5.8156962	2.0700667	0.150736	0.8093544299533921	0.8217830016964184	ENSG00000171603.18	CLSTN1	False
ENST00000399914	25.64265	1.4188814	3.4884431	2.0695617	0.02383561	0.8093544299533921	1.6227737182455637	ENSG00000171189.18	GRIK1	False
ENST00000507439	42.998497	2.0769947	4.144286	2.0672915	0.038604483	0.8093544299533921	1.4133622592465533	ENSG00000151552.13	QDPR	False
ENST00000219789	30.119598	1.018445	3.0852754	2.0668304	0.16347042	0.8093544299533921	0.786560828830488	ENSG00000103502.14	CDIPT	False
ENST00000689134	38.486763	1.189916	3.254013	2.064097	0.26815566	0.8093544299533921	0.5716130250770657	ENSG00000119397.19	CNTRL	False
ENST00000474112	11.50018	0.94738364	3.0082622	2.0608785	0.008772716	0.8093544299533921	2.056865933526896	ENSG00000163635.20	ATXN7	False
ENST00000282841	13.914841	0.30766824	2.3680954	2.0604272	0.23476589	0.8093544299533921	0.6293650081520646	ENSG00000152904.11	GGPS1	False
ENST00000222511	17.622269	1.5424477	3.6011834	2.0587358	0.027130703	0.8093544299533921	1.5665389606625393	ENSG00000105793.16	GTPBP10	False
ENST00000455205	17.947054	1.2501694	3.3072212	2.0570517	0.010297641	0.8093544299533921	1.9872622461046894	ENSG00000071553.18	ATP6AP1	False
ENST00000339796	31.3603	1.7632351	3.8197782	2.056543	0.07660209	0.8093544299533921	1.115759401249259	ENSG00000010030.14	ETV7	False
ENST00000414083	104.094215	3.1759665	5.231741	2.0557745	0.103991434	0.8093544299533921	0.9830024330980184	ENSG00000204209.13	DAXX	False
ENST00000700315	52.638477	2.1125257	4.1673517	2.054826	0.07806064	0.8093544299533921	1.1075678818802612	ENSG00000080815.20	PSEN1	False
ENST00000519810	80.90967	2.7724354	4.8247814	2.052346	0.0678393	0.8093544299533921	1.1685186284085636	ENSG00000128694.12	OSGEPL1	False
ENST00000329134	97.52763	3.027055	5.078698	2.0516431	0.07788379	0.8093544299533921	1.108552937095266	ENSG00000183878.16	UTY	False
ENST00000360190	66.57104	1.6692028	3.719869	2.050666	0.25008726	0.8093544299533921	0.6019084295468574	ENSG00000136861.19	CDK5RAP2	False
ENST00000311528	47.661217	2.6597273	4.7103777	2.0506504	0.03479949	0.8093544299533921	1.4584271192132188	ENSG00000167526.14	RPL13	False
ENST00000367066	455.53534	5.1707797	7.2191753	2.0483956	0.23803027	0.8093544299533921	0.6233678112375325	ENSG00000164691.19	TAGAP	False
ENST00000366857	47.345013	0.74831516	2.794233	2.045918	0.23349528	0.8093544299533921	0.6317218938002446	ENSG00000143771.12	CNIH4	False
ENST00000247881	96.14311	3.1487455	5.19	2.0412545	0.06606987	0.8093544299533921	1.179996539910895	ENSG00000127364.4	TAS2R4	False
ENST00000651546	192.70067	3.1409855	5.181142	2.0401564	0.2293347	0.8093544299533921	0.6395302338397408	ENSG00000105483.18	CARD8	False
ENST00000417167	11.623435	0.6827974	2.7225823	2.039785	0.0076447297	0.8093544299533921	2.1166378662691656	ENSG00000136146.15	MED4	False
ENST00000316999	113.6735	3.5198996	5.5582943	2.0383947	0.058138248	0.8093544299533921	1.2355380630040897	ENSG00000112305.15	SMAP1	False
ENST00000261798	38.64745	1.4669304	3.5052953	2.038365	0.24333768	0.8093544299533921	0.6137906441257676	ENSG00000113712.19	CSNK1A1	False
ENST00000322764	19.378092	0.9390552	2.9755373	2.036482	0.19715273	0.8093544299533921	0.7051971964389092	ENSG00000159840.16	ZYX	False
ENST00000522420	7.570649	0.2111067	2.2474785	2.0363717	0.11162724	0.8093544299533921	0.9522297996628978	ENSG00000156787.17	TBC1D31	False
ENST00000549863	410.56665	4.850628	6.8869205	2.0362926	0.13002308	0.8093544299533921	0.8859795601477649	ENSG00000197111.16	PCBP2	False
ENST00000704293	8.635752	0.3194202	2.3550596	2.0356395	0.08929053	0.8093544299533921	1.0491946016775888	ENSG00000138709.20	LARP1B	False
ENST00000338368	15.64884	0.5931742	2.6280165	2.0348423	0.12139342	0.8093544299533921	0.915804853796598	ENSG00000253729.9	PRKDC	False
ENST00000519837	545.17883	4.619366	6.65417	2.0348039	0.31789082	0.8118754707110037	0.4977220094456602	ENSG00000164754.16	RAD21	False
ENST00000288599	145.24158	1.6399022	3.6745336	2.0346313	0.25653198	0.8093544299533921	0.5908584806842455	ENSG00000084676.16	NCOA1	False
ENST00000426572	22.29247	1.445138	3.47893	2.033792	0.013437649	0.8093544299533921	1.8716766995490048	ENSG00000106261.17	ZKSCAN1	False
ENST00000528095	251.55368	4.0046945	6.038393	2.0336986	0.17879522	0.8093544299533921	0.7476440997506969	ENSG00000048649.14	RSF1	True
ENST00000392708	48.480965	1.6217643	3.649767	2.0280027	0.22491555	0.8093544299533921	0.6479805193062861	ENSG00000134910.14	STT3A	False
ENST00000526421	128.23361	3.4244492	5.451639	2.02719	0.14930189	0.8093544299533921	0.8259347045537146	ENSG00000023445.17	BIRC3	False
ENST00000381692	284.60815	2.0423195	4.0686216	2.026302	0.3497915	0.81719736681995	0.45619075190219416	ENSG00000159140.23	SON	False
ENST00000336926	355.40707	3.9326518	5.9580274	2.0253756	0.1831805	0.8093544299533921	0.7371207691427359	ENSG00000127946.17	HIP1	False
ENST00000397614	8.90413	0.62610364	2.6486673	2.0225637	0.12267017	0.8093544299533921	0.9112610199626493	ENSG00000023191.17	RNH1	False
ENST00000677699	44.49995	2.4563856	4.478896	2.0225105	0.056574203	0.8093544299533921	1.2473815549695448	ENSG00000152217.20	SETBP1	False
ENST00000678828	345.75464	3.8157265	5.8376136	2.021887	0.26241618	0.8093544299533921	0.5810093843009695	ENSG00000115053.17	NCL	False
ENST00000590720	32.511864	0.92904615	2.9505887	2.0215425	0.34912792	0.81719736681995	0.45701542085698155	ENSG00000131467.12	PSME3	False
ENST00000693432	11.675992	0.92361856	2.944991	2.0213726	0.028186146	0.8093544299533921	1.5499643002036547	ENSG00000134313.17	KIDINS220	False
ENST00000305414	327.80963	4.4446793	6.461499	2.01682	0.15879877	0.8093544299533921	0.7991528682063179	ENSG00000129682.16	FGF13	False
ENST00000429243	63.48213	2.4238262	4.4405594	2.0167332	0.1359755	0.8093544299533921	0.8665393515821491	ENSG00000205352.11	PRR13	False
ENST00000265729	29.630192	1.0699853	3.0865085	2.0165234	0.043936	0.8093544299533921	1.357179491617127	ENSG00000075142.14	SRI	False
ENST00000358655	71.57835	3.1595786	5.175892	2.0163133	0.03172627	0.8093544299533921	1.4985809715999852	ENSG00000140105.18	WARS1	False
ENST00000292475	11.61708	0.6972542	2.7134914	2.0162373	0.013157144	0.8093544299533921	1.8808383658590448	ENSG00000241468.8	ATP5MF	False
ENST00000508244	28.883331	1.7959422	3.8121233	2.016181	0.027282337	0.8093544299533921	1.5641184351853834	ENSG00000197603.16	CPLANE1	False
ENST00000678533	57.551258	2.192572	4.2086687	2.0160966	0.04177342	0.8093544299533921	1.3790999692812995	ENSG00000149131.17	SERPING1	False
ENST00000424127	31.796097	0.96072483	2.9764366	2.0157118	0.3465667	0.81719736681995	0.4602131603350593	ENSG00000160219.12	GAB3	False
ENST00000407073	29.880072	1.238608	3.2539382	2.0153303	0.06613843	0.8093544299533921	1.17954610923231	ENSG00000204406.14	MBD5	False
ENST00000361357	656.54395	4.2733464	6.2879357	2.0145893	0.23712775	0.8093544299533921	0.6250176174703956	ENSG00000198909.8	MAP3K3	False
ENST00000688969	10.73748	0.30286434	2.3171377	2.0142734	0.07779988	0.8093544299533921	1.1090210783750842	ENSG00000132600.18	PRMT7	False
ENST00000714120	288.87527	3.990874	6.00462	2.013746	0.17765601	0.8093544299533921	0.7504200965005027	ENSG00000146433.11	TMEM181	False
ENST00000700473	98.79878	3.1397016	5.152231	2.0125296	0.08209964	0.8093544299533921	1.0856587531494093	ENSG00000213024.13	NUP62	False
ENST00000540210	65.43966	1.0222296	3.033957	2.0117273	0.2556522	0.8093544299533921	0.5923504838793918	ENSG00000060339.14	CCAR1	False
ENST00000514033	531.91125	5.049755	7.058676	2.0089207	0.19352579	0.8093544299533921	0.7132611483937631	ENSG00000109787.13	KLF3	False
ENST00000626782	588.7319	5.3242774	7.3330746	2.0087972	0.16641071	0.8093544299533921	0.7788187150060077	ENSG00000173575.24	CHD2	False
ENST00000448120	36.636604	1.8642856	3.8728871	2.0086017	0.028203545	0.8093544299533921	1.5496962981626814	ENSG00000078246.17	TULP3	False
ENST00000699318	58.103516	1.8911481	3.8986619	2.0075138	0.08133995	0.8093544299533921	1.0896961102168183	ENSG00000151694.15	ADAM17	False
ENST00000324774	163.39616	3.6453488	5.6496005	2.0042517	0.07446045	0.8093544299533921	1.1280743619236526	ENSG00000110931.19	CAMKK2	False
ENST00000695966	141.7145	3.1150315	5.117369	2.0023377	0.10583853	0.8093544299533921	0.9753562016920533	ENSG00000124496.13	TRERF1	False
ENST00000683931	17.251076	0.88635415	2.8880446	2.0016904	0.022083143	0.8093544299533921	1.655939119731419	ENSG00000182923.20	CEP63	False
ENST00000646285	30.313929	1.551885	3.5533864	2.0015016	0.118083	0.8093544299533921	0.9278126210832389	ENSG00000115355.18	CCDC88A	False
ENST00000511367	81.25041	2.7726805	4.773632	2.0009515	0.084215984	0.8093544299533921	1.0746054738808777	ENSG00000113360.17	DROSHA	False
ENST00000644753	28.323345	0.68886596	2.688727	1.999861	0.30777344	0.8118754707110037	0.5117688597861392	ENSG00000102974.16	CTCF	False
ENST00000679659	23.419956	1.1782867	3.1780338	1.9997472	0.0524972	0.8093544299533921	1.2798638540590952	ENSG00000008311.16	AASS	True
ENST00000686154	36.756626	2.0222695	4.021029	1.9987595	0.01202564	0.8093544299533921	1.9198917888520322	ENSG00000146282.19	RARS2	False
ENST00000635625	42.499153	1.7934765	3.7903755	1.996899	0.057640407	0.8093544299533921	1.2392729595193746	ENSG00000179295.19	PTPN11	False
ENST00000249064	29.86474	0.6684268	2.664122	1.9956954	0.1266213	0.8093544299533921	0.8974932115797348	ENSG00000159873.10	CCDC117	False
ENST00000276202	128.80215	1.0646998	3.0585074	1.9938077	0.3766394	0.8226842929596185	0.4240742553501098	ENSG00000147251.16	DOCK11	False
ENST00000588877	23.930271	0.9581914	2.9515357	1.9933443	0.026098441	0.8093544299533921	1.5833854290936558	ENSG00000154265.16	ABCA5	False
ENST00000316005	401.7794	4.3994308	6.3921943	1.9927635	0.21133049	0.8093544299533921	0.6750378434314602	ENSG00000065243.20	PKN2	False
ENST00000371884	34.0036	1.6837549	3.6764755	1.9927206	0.24859653	0.8093544299533921	0.6045049304708187	ENSG00000162367.12	TAL1	False
ENST00000473325	196.87148	3.7185152	5.7109838	1.9924686	0.14613305	0.8093544299533921	0.8352515503255673	ENSG00000158816.16	VWA5B1	False
ENST00000690814	23.643091	1.2947267	3.2868285	1.9921018	0.19975972	0.8093544299533921	0.6994920755822495	ENSG00000136861.19	CDK5RAP2	False
ENST00000251091	9.061853	0.6270312	2.6186125	1.9915813	2.9950437e-05	0.6023032928533212	4.523596833087596	ENSG00000020577.14	SAMD4A	False
ENST00000543641	5.39755	0.46258488	2.4521585	1.9895736	0.006287779	0.8093544299533921	2.2015027177294715	ENSG00000077458.13	FAM76B	True
ENST00000453744	150.94336	2.3191044	4.30738	1.9882758	0.31581932	0.8118754707110037	0.5005613016777574	ENSG00000109332.20	UBE2D3	False
ENST00000437412	22.48071	0.729243	2.7137182	1.9844751	0.19198927	0.8093544299533921	0.716723036294572	ENSG00000118495.21	PLAGL1	False
ENST00000432408	66.3482	1.5106853	3.495091	1.9844056	0.13240743	0.8093544299533921	0.878087654302586	ENSG00000113851.16	CRBN	False
ENST00000555054	238.94109	4.737335	6.721651	1.9843159	0.034646552	0.8093544299533921	1.4603399788740636	ENSG00000089737.19	DDX24	False
ENST00000652691	1796.483	7.012802	8.995783	1.9829807	0.128582	0.8093544299533921	0.8908198209116682	ENSG00000197471.12	SPN	False
ENST00000699705	172.09576	3.4872189	5.4691668	1.9819479	0.140703	0.8093544299533921	0.8516966652547768	ENSG00000091592.17	NLRP1	False
ENST00000395710	29.978703	0.6552147	2.6346984	1.9794836	0.1742577	0.8093544299533921	0.7588080332279962	ENSG00000198301.12	SDAD1	True
ENST00000448903	9.93864	0.59947854	2.5788047	1.9793262	0.13189547	0.8093544299533921	0.8797701279805883	ENSG00000183020.15	AP2A2	False
ENST00000344698	15.563664	1.0499651	3.028926	1.9789608	0.0027827437	0.8093544299533921	2.5555267985076893	ENSG00000135749.20	PCNX2	False
ENST00000369550	113.68058	3.0110633	4.9894204	1.9783571	0.17246817	0.8093544299533921	0.7632910434396067	ENSG00000130826.19	DKC1	False
ENST00000373555	86.29749	2.8718956	4.8496947	1.9777992	0.10550999	0.8093544299533921	0.9767064223908061	ENSG00000136935.14	GOLGA1	False
ENST00000699753	55.11447	2.4502835	4.428079	1.9777956	0.08776701	0.8093544299533921	1.0566686847442033	ENSG00000122512.17	PMS2	False
ENST00000406691	20.9418	1.3358513	3.310955	1.9751037	0.016277319	0.8093544299533921	1.7884171300008453	ENSG00000163001.12	CFAP36	False
ENST00000389103	25.973572	1.9960117	3.9686902	1.9726784	0.020179447	0.8093544299533921	1.6950907439862206	ENSG00000009335.19	UBE3C	False
ENST00000674475	22.104137	0.5798956	2.552422	1.9725264	0.14496642	0.8093544299533921	0.8387325755047758	ENSG00000197321.16	SVIL	False
ENST00000683625	50.081093	2.4362805	4.4086742	1.9723938	0.157783	0.8093544299533921	0.8019397861857869	ENSG00000055609.21	KMT2C	False
ENST00000683853	49.68497	2.3525243	4.324703	1.9721789	0.06324334	0.8093544299533921	1.1989852229927707	ENSG00000213614.11	HEXA	False
ENST00000361040	85.312355	2.9219759	4.8940372	1.9720614	0.12087846	0.8093544299533921	0.9176510886784839	ENSG00000116580.20	GON4L	False
ENST00000409015	89.228775	2.8084536	4.7791147	1.9706612	0.099865705	0.8093544299533921	1.0005836287327923	ENSG00000152291.15	TGOLN2	False
ENST00000348610	56.49827	1.8880693	3.858335	1.9702657	0.21088675	0.8093544299533921	0.6759507130050215	ENSG00000138468.16	SENP7	False
ENST00000401753	84.53272	2.6181808	4.587958	1.9697771	0.14391282	0.8093544299533921	0.8419005105852442	ENSG00000134318.16	ROCK2	False
ENST00000681896	309.22113	4.8766255	6.846275	1.9696493	0.15451178	0.8093544299533921	0.8110384055780742	ENSG00000157601.15	MX1	False
ENST00000696222	394.8302	5.1536965	7.1225886	1.9688921	0.11247252	0.8093544299533921	0.9489535769623811	ENSG00000093072.19	ADA2	False
ENST00000464839	815.4191	5.9869123	7.9549174	1.9680052	0.188871	0.8093544299533921	0.7238347289041108	ENSG00000162645.13	GBP2	False
ENST00000379597	34.5073	1.1952348	3.1625936	1.9673588	0.05323799	0.8093544299533921	1.2737783533862386	ENSG00000111846.20	GCNT2	False
ENST00000693020	140.60153	3.5120256	5.478693	1.9666674	0.14407137	0.8093544299533921	0.8414223129305347	ENSG00000055483.20	USP36	False
ENST00000650792	22.533157	1.4153324	3.381576	1.9662436	0.0043865475	0.8093544299533921	2.3578771647597825	ENSG00000011376.12	LARS2	False
ENST00000582337	118.87942	3.1539805	5.119617	1.9656365	0.10851227	0.8093544299533921	0.9645211614143365	ENSG00000215421.10	ZNF407	False
ENST00000316519	21.991598	1.5298624	3.4943414	1.964479	0.015511321	0.8093544299533921	1.8093512172188084	ENSG00000081760.17	AACS	True
ENST00000675453	35.907993	1.1435786	3.1076558	1.9640771	0.18656857	0.8093544299533921	0.7291615099529678	ENSG00000153827.15	TRIP12	False
ENST00000389863	14.910174	0.98006415	2.9439766	1.9639125	0.054780576	0.8093544299533921	1.2613734025947534	ENSG00000197381.18	ADARB1	False
ENST00000650807	51.531044	1.5089809	3.4728472	1.9638664	0.25529605	0.8093544299533921	0.5929559020937331	ENSG00000263001.8	GTF2I	False
ENST00000614462	12.193533	0.54420704	2.5067568	1.9625497	0.0051645846	0.8093544299533921	2.2869646032003286	ENSG00000176731.12	RBIS	False
ENST00000593731	56.92229	2.709768	4.669127	1.9593589	0.054895736	0.8093544299533921	1.260461385663482	ENSG00000268173.3	ENSG00000268173	False
ENST00000426333	151.3038	3.6457322	5.6026096	1.9568775	0.11851731	0.8093544299533921	0.9262182164069466	ENSG00000108883.13	EFTUD2	False
ENST00000431469	39.19823	1.2596822	3.2165494	1.9568672	0.20737846	0.8093544299533921	0.6832363508349137	ENSG00000075856.12	SART3	False
ENST00000620138	94.00906	1.7570006	3.7130885	1.956088	0.2810002	0.8093544299533921	0.551293375727627	ENSG00000205531.14	NAP1L4	False
ENST00000469941	22.452957	0.64111364	2.5917957	1.950682	0.046490006	0.8093544299533921	1.3326403963766824	ENSG00000081154.12	PCNP	False
ENST00000610160	65.79869	2.5866787	4.5370264	1.9503477	0.043805543	0.8093544299533921	1.3584709286116532	ENSG00000149600.12	COMMD7	True
ENST00000286544	98.830215	2.910258	4.8596563	1.9493983	0.09226457	0.8093544299533921	1.034965036557463	ENSG00000156050.10	FAM161B	False
ENST00000378799	89.60958	2.6723363	4.621146	1.9488099	0.07497455	0.8093544299533921	1.125086121803303	ENSG00000182149.21	IST1	False
ENST00000529208	24.57652	1.2296385	3.1775832	1.9479448	0.06016859	0.8093544299533921	1.2206301628498877	ENSG00000079819.20	EPB41L2	False
ENST00000607452	8.035772	0.84930706	2.7959695	1.9466624	0.0058679306	0.8093544299533921	2.2315150315806065	ENSG00000170634.13	ACYP2	False
ENST00000549595	36.96249	1.8930101	3.8392076	1.9461975	0.053924937	0.8093544299533921	1.2682103552084176	ENSG00000079387.15	SENP1	False
ENST00000714430	11.82029	0.43890953	2.384654	1.9457445	0.0897478	0.8093544299533921	1.0469761816524041	ENSG00000117586.12	TNFSF4	False
ENST00000677271	808.173	5.910212	7.852901	1.942689	0.18834051	0.8093544299533921	0.7250562466104584	ENSG00000168610.17	STAT3	False
ENST00000695514	7.8305807	0.39964578	2.3418188	1.942173	0.009893585	0.8093544299533921	2.0046463108231247	ENSG00000132842.15	AP3B1	False
ENST00000428908	20.72044	1.3969463	3.3384988	1.9415525	0.08686445	0.8093544299533921	1.0611579304071017	ENSG00000153064.12	BANK1	False
ENST00000260777	70.59564	2.68795	4.628101	1.940151	0.024764422	0.8093544299533921	1.6061717982286967	ENSG00000187164.20	SHTN1	False
ENST00000407184	45.78465	2.1253326	4.0642514	1.9389188	0.03819009	0.8093544299533921	1.4180493276353765	ENSG00000272968.5	RBAK-RBAKDN	False
ENST00000678885	233.93501	1.2621077	3.200703	1.9385952	0.41471022	0.8342325295688415	0.38225525802684546	ENSG00000204120.16	GIGYF2	False
ENST00000389793	458.3457	4.44232	6.3805227	1.9382029	0.14491762	0.8093544299533921	0.8388788004321326	ENSG00000143669.16	LYST	False
ENST00000674324	17.235172	1.2223464	3.1588411	1.9364947	0.006685893	0.8093544299533921	2.1748405747357227	ENSG00000146205.15	ANO7	False
ENST00000379286	17.981133	1.2104641	3.1457505	1.9352864	0.19326267	0.8093544299533921	0.7138520327520188	ENSG00000089063.16	TMEM230	False
ENST00000677681	232.82024	4.2386985	6.173607	1.9349084	0.11727727	0.8093544299533921	0.9307861445900231	ENSG00000106682.16	EIF4H	True
ENST00000416682	20.288973	0.8334832	2.7680688	1.9345856	0.055972416	0.8093544299533921	1.252025947108069	ENSG00000075413.19	MARK3	False
ENST00000539616	22.61459	1.630714	3.565085	1.9343709	0.045700375	0.8093544299533921	1.3400802363475601	ENSG00000020426.11	MNAT1	False
ENST00000559742	9.398895	0.6420648	2.5763083	1.9342434	0.005163811	0.8093544299533921	2.287029649291571	ENSG00000073417.15	PDE8A	False
ENST00000685760	95.1191	2.9982479	4.9309387	1.9326909	0.113272026	0.8093544299533921	0.9458773308705978	ENSG00000197535.16	MYO5A	False
ENST00000529601	37.2	2.0379512	3.970455	1.9325037	0.029836161	0.8093544299533921	1.525257057097204	ENSG00000149809.17	TM7SF2	False
ENST00000380358	96.51244	1.5261556	3.457672	1.9315165	0.43362355	0.842654100473947	0.3628871370650134	ENSG00000170004.19	CHD3	False
ENST00000409868	20.487621	0.49296153	2.424049	1.9310874	0.27169845	0.8093544299533921	0.5659128470232765	ENSG00000204843.13	DCTN1	False
ENST00000389154	368.74902	4.620009	6.551092	1.9310832	0.16651583	0.8093544299533921	0.7785444808975621	ENSG00000204842.18	ATXN2	True
ENST00000359930	48.55865	1.8305856	3.7602959	1.9297103	0.07066246	0.8093544299533921	1.1508112398677968	ENSG00000196562.16	SULF2	False
ENST00000449651	24.219212	1.3578016	3.2862625	1.928461	0.0154411355	0.8093544299533921	1.8113207658715833	ENSG00000163297.18	ANTXR2	False
ENST00000527169	36.13755	1.4214077	3.345892	1.9244843	0.26981854	0.8093544299533921	0.5689282049660777	ENSG00000166012.17	TAF1D	False
ENST00000348513	44.535057	2.1072226	4.0316043	1.9243817	0.012986657	0.8093544299533921	1.8865026227691708	ENSG00000073584.20	SMARCE1	False
ENST00000579624	17.033413	1.1891207	3.113238	1.9241174	0.023918701	0.8093544299533921	1.621262404031962	ENSG00000133313.15	CNDP2	False
ENST00000361972	24.002	1.6166161	3.5393152	1.9226991	0.015628558	0.8093544299533921	1.8060811008406712	ENSG00000198879.13	SFMBT2	False
ENST00000553635	257.9324	4.2237744	6.145852	1.9220777	0.22522381	0.8093544299533921	0.6473857000574191	ENSG00000100650.16	SRSF5	False
ENST00000676941	13.0	0.79602927	2.7176726	1.9216433	0.0051045446	0.8093544299533921	2.292042999602402	ENSG00000186340.17	THBS2	False
ENST00000680852	41.60221	2.178335	4.099021	1.920686	0.10894327	0.8093544299533921	0.9627995986031345	ENSG00000124523.17	SIRT5	False
ENST00000227520	46.567223	2.4338512	4.353724	1.9198728	0.073643334	0.8093544299533921	1.1328665569932674	ENSG00000110104.13	CCDC86	False
ENST00000443785	11.494026	0.34587884	2.2655892	1.9197104	0.18086447	0.8093544299533921	0.7426467442126634	ENSG00000159086.15	PAXBP1	False
ENST00000514572	12.376285	0.8658306	2.784915	1.9190843	0.00093824	0.8093544299533921	3.027686068191029	ENSG00000035928.17	RFC1	True
ENST00000446600	5.414235	0.30128172	2.2200055	1.9187238	0.0065593226	0.8093544299533921	2.1831410099263624	ENSG00000091073.20	DTX2	False
ENST00000238561	10.914622	0.644527	2.5625756	1.9180486	0.056711916	0.8093544299533921	1.24632568083516	ENSG00000063761.16	ADCK1	False
ENST00000373477	53.488403	1.9302641	3.8474884	1.9172243	0.07878568	0.8093544299533921	1.1035527109406942	ENSG00000134684.13	YARS1	False
ENST00000524782	18.618252	1.0571557	2.9729478	1.9157921	0.06925245	0.8093544299533921	1.1595648808462262	ENSG00000149182.15	ARFGAP2	False
ENST00000542783	14.486931	1.0765184	2.9921083	1.9155899	0.013031023	0.8093544299533921	1.8850215012346223	ENSG00000163659.13	TIPARP	False
ENST00000690804	175.88232	3.8650265	5.780544	1.9155173	0.12562196	0.8093544299533921	0.9009344363536316	ENSG00000133703.14	KRAS	True
ENST00000511209	19.29712	1.4011399	3.314485	1.9133452	0.23166135	0.8093544299533921	0.6351464180178125	ENSG00000062194.16	GPBP1	False
ENST00000652548	38.66539	2.0209224	3.934185	1.9132626	0.031890877	0.8093544299533921	1.4963335430495697	ENSG00000203791.15	EEF1AKMT2	False
ENST00000357086	67.50576	2.62022	4.5329375	1.9127176	0.036262102	0.8093544299533921	1.440547019734469	ENSG00000150995.21	ITPR1	False
ENST00000565803	19.012634	0.8786807	2.7912598	1.912579	0.20607495	0.8093544299533921	0.6859747903678535	ENSG00000177200.18	CHD9	False
ENST00000651066	46.35662	1.9503015	3.8627443	1.9124428	0.062113523	0.8093544299533921	1.2068138340463361	ENSG00000123297.20	TSFM	False
ENST00000344686	19.486002	1.1786437	3.0900435	1.9113998	0.015667476	0.8093544299533921	1.8050009685484472	ENSG00000006062.18	MAP3K14	False
ENST00000575023	63.200012	2.2535155	4.1643667	1.9108512	0.081096694	0.8093544299533921	1.0909968506199648	ENSG00000142494.13	SLC47A1	False
ENST00000252593	21.545897	1.3252841	3.2349424	1.9096583	0.02910167	0.8093544299533921	1.5360820914585613	ENSG00000130303.14	BST2	False
ENST00000217901	25.633312	1.4319291	3.3407292	1.9088001	0.03792694	0.8093544299533921	1.421052213882106	ENSG00000067829.20	IDH3G	False
ENST00000695102	167.86578	3.2805321	5.1891494	1.9086173	0.1693853	0.8093544299533921	0.771124284693795	ENSG00000149262.19	INTS4	False
ENST00000448864	32.1155	0.9829283	2.8905053	1.907577	0.23501834	0.8093544299533921	0.6288982405494896	ENSG00000182899.17	RPL35A	False
ENST00000527414	61.68974	2.2480586	4.155604	1.9075453	0.33686575	0.8158433703746901	0.4725431388175925	ENSG00000100697.17	DICER1	False
ENST00000367463	45.59418	2.3895624	4.2969666	1.9074042	0.008249032	0.8093544299533921	2.083596995278053	ENSG00000111962.8	UST	False
ENST00000361085	124.461044	3.405481	5.3125668	1.9070857	0.11134674	0.8093544299533921	0.9533225071342329	ENSG00000075407.19	ZNF37A	False
ENST00000683288	6.7166452	0.3541365	2.260929	1.9067926	0.08147393	0.8093544299533921	1.0889813255272394	ENSG00000119392.16	GLE1	True
ENST00000447399	85.17933	2.872179	4.7784815	1.9063025	0.095094405	0.8093544299533921	1.0218450340543022	ENSG00000133789.15	SWAP70	False
ENST00000515800	16.648779	0.6966431	2.6025856	1.9059424	0.11923283	0.8093544299533921	0.9236041355803761	ENSG00000145715.15	RASA1	False
ENST00000346341	125.60002	3.0596712	4.9654574	1.9057863	0.11233379	0.8093544299533921	0.9494895903799139	ENSG00000141480.18	ARRB2	False
ENST00000700254	45.88022	1.9860011	3.891496	1.9054948	0.050634973	0.8093544299533921	1.2955494193970805	ENSG00000165282.15	PIGO	False
ENST00000626176	31.120617	1.2956616	3.200651	1.9049894	0.058796972	0.8093544299533921	1.23064503891978	ENSG00000114062.22	UBE3A	False
ENST00000550785	15.205394	0.88567144	2.790467	1.9047956	0.018801676	0.8093544299533921	1.7258034330431908	ENSG00000186815.13	TPCN1	False
ENST00000612493	85.9833	2.9178188	4.8225737	1.9047549	0.10651505	0.8093544299533921	0.9725890246977353	ENSG00000198646.14	NCOA6	False
ENST00000393328	590.5067	5.262196	7.166277	1.9040809	0.17470337	0.8093544299533921	0.7576987062662651	ENSG00000121067.19	SPOP	False
ENST00000628118	593.2877	5.2833676	7.1873174	1.9039497	0.18801963	0.8093544299533921	0.7257967986848302	ENSG00000173575.24	CHD2	False
ENST00000465404	564.5423	5.5174127	7.4211507	1.903738	0.1730583	0.8093544299533921	0.7618075637584459	ENSG00000123505.20	AMD1	False
ENST00000355151	123.14854	3.2753985	5.178516	1.9031174	0.13824907	0.8093544299533921	0.8593377832283096	ENSG00000172590.18	MRPL52	False
ENST00000393006	10.33377	0.71416116	2.6165257	1.9023645	0.0028294038	0.8093544299533921	2.5483050599615087	ENSG00000136709.12	WDR33	False
ENST00000651348	13.482361	0.76462364	2.662574	1.8979504	0.13007338	0.8093544299533921	0.8858115628018017	ENSG00000140694.18	PARN	False
ENST00000394963	7.075305	0.76024145	2.6577764	1.8975348	0.02093731	0.8093544299533921	1.6790791056677536	ENSG00000066117.15	SMARCD1	False
ENST00000392185	34.639263	1.6712761	3.568696	1.8974199	0.027224956	0.8093544299533921	1.5650328121815957	ENSG00000130340.17	SNX9	False
ENST00000651280	14.846689	0.5809273	2.4774916	1.8965642	0.29088947	0.8109740254625081	0.5362719969902252	ENSG00000075856.12	SART3	False
ENST00000588572	70.74066	2.4504678	4.34573	1.895262	0.06770505	0.8093544299533921	1.1693789361381615	ENSG00000160471.13	COX6B2	True
ENST00000681277	61.997353	0.99663186	2.8917313	1.8950994	0.377671	0.8230751633283137	0.422886357963381	ENSG00000119917.15	IFIT3	False
ENST00000347613	24.661987	1.1775875	3.0720863	1.8944988	0.21863858	0.8093544299533921	0.6602731939538307	ENSG00000109572.16	CLCN3	False
ENST00000604567	250.0	3.8571968	5.7504163	1.8932195	0.18834785	0.8093544299533921	0.7250393415269347	ENSG00000139718.12	SETD1B	False
ENST00000443240	4.6380525	0.15558133	2.044417	1.8888355	0.072079234	0.8093544299533921	1.142189838389334	ENSG00000082898.19	XPO1	False
ENST00000409318	51.08192	2.0281029	3.916903	1.8888001	0.102146	0.8093544299533921	0.9907786369145598	ENSG00000204634.13	TBC1D8	False
ENST00000491150	36.366	1.5899334	3.477858	1.8879247	0.17009357	0.8093544299533921	0.7693121133461763	ENSG00000075790.12	BCAP29	False
ENST00000311320	45.279182	2.3277762	4.213978	1.8862016	0.0483122	0.8093544299533921	1.315943200175667	ENSG00000174791.11	RIN1	False
ENST00000644218	88.47102	0.9629362	2.8489885	1.8860524	0.3689105	0.8194459451468774	0.43307899367201086	ENSG00000166340.18	TPP1	False
ENST00000273077	13.109482	0.9893124	2.8743932	1.8850808	0.009880069	0.8093544299533921	2.0052400350569988	ENSG00000127838.15	PNKD	False
ENST00000425080	31.913641	1.9058043	3.7903414	1.8845371	0.10038649	0.8093544299533921	0.9983247179693415	ENSG00000143815.15	LBR	False
ENST00000435205	39.233562	2.3378682	4.2216964	1.8838282	0.02734576	0.8093544299533921	1.563110005373716	ENSG00000164142.16	FHIP1A	False
ENST00000300590	76.77708	2.7991335	4.6809516	1.881818	0.09739107	0.8093544299533921	1.0114808674531641	ENSG00000167208.16	SNX20	False
ENST00000713851	22.77805	0.91670257	2.795066	1.8783636	0.15183435	0.8093544299533921	0.8186299545288956	ENSG00000115839.20	RAB3GAP1	True
ENST00000522514	43.062	0.74896646	2.6272068	1.8782403	0.32292166	0.8139175739499288	0.49090281892590204	ENSG00000168300.14	PCMTD1	False
ENST00000435050	7.121358	0.6825593	2.5604088	1.8778496	0.013860052	0.8093544299533921	1.8582351261924543	ENSG00000189143.10	CLDN4	False
ENST00000706847	68.86134	2.1457958	4.021798	1.8760023	0.12035002	0.8093544299533921	0.9195538399158464	ENSG00000067208.17	EVI5	False
ENST00000594841	346.52167	4.7364383	6.6122737	1.8758354	0.15995407	0.8093544299533921	0.7960047020641157	ENSG00000141867.19	BRD4	False
ENST00000343638	111.196205	2.9032629	4.778036	1.8747733	0.11925677	0.8093544299533921	0.9235169497926271	ENSG00000108312.16	UBTF	False
ENST00000614328	15.73744	1.302498	3.1746306	1.8721327	0.21085377	0.8093544299533921	0.6760186287561776	ENSG00000110958.16	PTGES3	False
ENST00000370179	36.6	2.0121357	3.8835902	1.8714545	0.033752397	0.8093544299533921	1.4716953831935509	ENSG00000125534.10	PPDPF	False
ENST00000419234	90.5	2.969101	4.8405223	1.8714213	0.10568297	0.8093544299533921	0.9759949940050652	ENSG00000089234.16	BRAP	False
ENST00000550527	110.712425	3.0891817	4.9605117	1.87133	0.11790482	0.8093544299533921	0.928468442060313	ENSG00000120868.15	APAF1	False
ENST00000361351	18.898083	0.68042594	2.5517466	1.8713207	0.080679186	0.8093544299533921	1.0932384938600856	ENSG00000138629.16	UBL7	False
ENST00000514580	461.9435	4.6921287	6.562461	1.8703322	0.20654829	0.8093544299533921	0.6849783993970675	ENSG00000181381.15	DDX60L	False
ENST00000518071	6.3894706	0.58436877	2.4534936	1.8691249	0.009009415	0.8093544299533921	2.0453033940664103	ENSG00000120963.12	ZNF706	False
ENST00000525373	19.409166	1.2842637	3.1531541	1.8688904	0.030906035	0.8093544299533921	1.5099567130620892	ENSG00000136153.21	LMO7	False
ENST00000567815	23.54549	0.1902261	2.0579026	1.8676765	0.2502593	0.8093544299533921	0.6016097571673289	ENSG00000167526.14	RPL13	False
ENST00000525948	21.069328	1.6145893	3.482001	1.8674117	0.10634185	0.8093544299533921	0.9732958038167976	ENSG00000134644.16	PUM1	False
ENST00000488546	764.61163	5.8895583	7.75546	1.8659015	0.19269086	0.8093544299533921	0.7151388754807907	ENSG00000087460.29	GNAS	False
ENST00000625245	7.1030083	0.51816374	2.3839383	1.8657746	0.01064229	0.8093544299533921	1.9729649061159529	ENSG00000172062.17	SMN1	False
ENST00000628696	7.1030083	0.51816374	2.3839383	1.8657746	0.01064229	0.8093544299533921	1.9729649061159529	ENSG00000205571.15	SMN2	False
ENST00000549701	160.90195	3.5169637	5.3818994	1.8649356	0.1692769	0.8093544299533921	0.7714023204921452	ENSG00000087470.21	DNM1L	False
ENST00000517979	58.30081	2.419277	4.283604	1.8643272	0.041792326	0.8093544299533921	1.378903460396762	ENSG00000147419.19	CCDC25	False
ENST00000373797	549.0647	5.5047975	7.3686543	1.8638568	0.22018747	0.8093544299533921	0.6572073980212079	ENSG00000159023.23	EPB41	False
ENST00000554482	30.609707	1.7720252	3.6357656	1.8637403	0.06651843	0.8093544299533921	1.1770579876124807	ENSG00000119655.11	NPC2	False
ENST00000254066	283.2492	3.9570618	5.8194113	1.8623495	0.20700976	0.8093544299533921	0.684009172847412	ENSG00000131759.18	RARA	False
ENST00000399202	40.75834	1.8562975	3.717071	1.8607736	0.13529648	0.8093544299533921	0.8687135059027488	ENSG00000047346.13	ATOSA	False
ENST00000445378	165.55066	3.6988099	5.559253	1.8604434	0.13233614	0.8093544299533921	0.8783215381266111	ENSG00000077380.16	DYNC1I2	True
ENST00000521381	101.13556	2.3175032	4.1746206	1.8571174	0.1585126	0.8093544299533921	0.7999361906893686	ENSG00000145675.16	PIK3R1	False
ENST00000541687	41.242104	1.910051	3.7652194	1.8551685	0.27465636	0.8093544299533921	0.5612103472161885	ENSG00000005436.14	GCFC2	False
ENST00000389561	104.21885	2.9920065	4.8471594	1.8551528	0.114321	0.8093544299533921	0.9418739819762625	ENSG00000183495.15	EP400	False
ENST00000511671	21.46797	0.538338	2.3928914	1.8545535	0.28074852	0.8093544299533921	0.5516825301875236	ENSG00000112851.16	ERBIN	False
ENST00000644342	15.635164	1.5490521	3.4024806	1.8534285	0.055950247	0.8093544299533921	1.25219799380953	ENSG00000159023.23	EPB41	False
ENST00000350878	425.69293	4.743792	6.5969777	1.8531857	0.18516399	0.8093544299533921	0.7324434701985135	ENSG00000071054.17	MAP4K4	False
ENST00000296511	101.123276	3.0382025	4.891035	1.8528326	0.089801915	0.8093544299533921	1.046714402077686	ENSG00000164111.15	ANXA5	False
ENST00000700669	18.747238	0.88168716	2.733478	1.8517909	0.1701717	0.8093544299533921	0.7691126805056973	ENSG00000079691.19	CARMIL1	False
ENST00000582135	6.947975	0.6573783	2.5088377	1.8514594	0.017233925	0.8093544299533921	1.7636158028907114	ENSG00000198081.11	ZBTB14	False
ENST00000509274	5.506784	0.33186167	2.181298	1.8494363	0.0006900704	0.8093544299533921	3.161106608215113	ENSG00000168310.12	IRF2	False
ENST00000483858	45.961098	2.212291	4.061371	1.8490798	0.035477232	0.8093544299533921	1.4500502696850963	ENSG00000173933.21	RBM4	False
ENST00000438420	15.221519	0.90779227	2.7557647	1.8479724	0.024383966	0.8093544299533921	1.6128956580454483	ENSG00000110756.18	HPS5	False
ENST00000508778	144.56453	2.8174026	4.665188	1.8477852	0.23247313	0.8093544299533921	0.6336272277106477	ENSG00000182923.20	CEP63	False
ENST00000492607	10.138654	0.31136277	2.1588898	1.847527	0.11524011	0.8093544299533921	0.9383963285071518	ENSG00000106565.19	TMEM176B	False
ENST00000443674	11.838016	0.4857702	2.331791	1.8460207	0.14370252	0.8093544299533921	0.8425356101092137	ENSG00000145819.18	ARHGAP26	False
ENST00000537169	153.0306	3.803154	5.648362	1.8452082	0.19798633	0.8093544299533921	0.703364784632396	ENSG00000102401.20	ARMCX3	False
ENST00000680357	26.180298	1.5274014	3.3700137	1.8426123	0.054747038	0.8093544299533921	1.261639375909202	ENSG00000167986.15	DDB1	False
ENST00000424390	92.3293	3.1037915	4.9459825	1.842191	0.1351003	0.8093544299533921	0.8693436702630126	ENSG00000117450.15	PRDX1	False
ENST00000546845	72.109146	2.684644	4.5267153	1.8420713	0.08508159	0.8093544299533921	1.0701643913815146	ENSG00000092841.19	MYL6	True
ENST00000375299	342.80267	4.839645	6.6815796	1.8419347	0.122358225	0.8093544299533921	0.9123668307563658	ENSG00000169062.15	UPF3A	False
ENST00000366773	45.6	1.9153099	3.7569447	1.8416348	0.040971477	0.8093544299533921	1.3875183840815206	ENSG00000130023.16	ERMARD	False
ENST00000370574	171.5295	3.5527809	5.393797	1.841016	0.16887172	0.8093544299533921	0.7724430843503535	ENSG00000117174.11	ZNHIT6	False
ENST00000706255	41.438526	1.3562932	3.1971774	1.8408842	0.06188845	0.8093544299533921	1.208390401863784	ENSG00000185829.19	ARL17A	False
ENST00000651323	83.163376	3.0856621	4.926482	1.8408201	0.006296785	0.8093544299533921	2.200881129471348	ENSG00000178971.17	CTC1	False
ENST00000455584	9.3	0.69276303	2.532558	1.8397949	0.050897516	0.8093544299533921	1.2933034097867369	ENSG00000251537.4	ENSG00000251537	False
ENST00000240423	28.220348	1.7270423	3.5667584	1.8397161	0.027582044	0.8093544299533921	1.5593735564957216	ENSG00000121152.10	NCAPH	False
ENST00000396496	294.07074	4.112413	5.9517927	1.8393798	0.2237041	0.8093544299533921	0.6503260568452778	ENSG00000183323.13	CCDC125	False
ENST00000514111	25.538332	1.6027678	3.4411979	1.83843	0.07662485	0.8093544299533921	1.1156303742702098	ENSG00000170571.12	EMB	False
ENST00000559209	87.64346	2.5253294	4.3635445	1.8382151	0.11698706	0.8093544299533921	0.931862184162362	ENSG00000157450.16	RNF111	False
ENST00000565438	41.514427	2.19269	4.0307317	1.8380418	0.084753074	0.8093544299533921	1.0718445422187641	ENSG00000147274.14	RBMX	True
ENST00000644327	48.985497	0.8890581	2.7260666	1.8370085	0.36061248	0.8185482386998197	0.4429592451755553	ENSG00000127616.22	SMARCA4	False
ENST00000366839	34.027943	1.1576185	2.9942408	1.8366222	0.11722322	0.8093544299533921	0.9309863602733647	ENSG00000143742.14	SRP9	True
ENST00000382436	16.08702	0.93611366	2.772495	1.8363814	0.16558644	0.8093544299533921	0.7809752261979953	ENSG00000215126.12	ZNG1F	False
ENST00000374021	38.3115	1.9054171	3.7412512	1.8358341	0.08668212	0.8093544299533921	1.0620704832434333	ENSG00000196821.10	ILRUN	False
ENST00000580070	74.48717	1.7317501	3.5672688	1.8355187	0.35480762	0.8173803121090482	0.4500070674235823	ENSG00000266412.6	NCOA4	False
ENST00000513252	86.3629	2.7654917	4.600771	1.8352792	0.09735758	0.8093544299533921	1.0116302361782368	ENSG00000081189.17	MEF2C	False
ENST00000650883	19.881685	0.97077733	2.8049612	1.8341839	0.17132077	0.8093544299533921	0.7661899919437362	ENSG00000184584.14	STING1	False
ENST00000595962	84.04542	2.849162	4.6824293	1.8332672	0.076948084	0.8093544299533921	1.1138021899439405	ENSG00000198464.14	ZNF480	False
ENST00000443980	47.403908	2.4652426	4.298095	1.8328526	0.08290239	0.8093544299533921	1.0814329658014827	ENSG00000157191.20	NECAP2	False
ENST00000505526	58.67494	2.7270343	4.559082	1.8320477	0.07323657	0.8093544299533921	1.1352720052799876	ENSG00000249915.9	PDCD6	True
ENST00000339732	20.191944	1.5580468	3.389723	1.8316762	0.008164066	0.8093544299533921	2.088093498866049	ENSG00000131386.20	GALNT15	False
ENST00000291478	47.195606	2.4037814	4.2353973	1.8316159	0.06032805	0.8093544299533921	1.219480701852581	ENSG00000160145.16	KALRN	False
ENST00000538453	40.738926	1.9934187	3.824844	1.8314252	0.08517291	0.8093544299533921	1.0696985322404093	ENSG00000140853.17	NLRC5	False
ENST00000513438	42.742874	2.1966815	4.027911	1.8312297	0.05234041	0.8093544299533921	1.281162874316843	ENSG00000285437.2	POLR2J3	True
ENST00000679378	14.388471	0.6595694	2.4904845	1.8309151	0.30761778	0.8118754707110037	0.5119885613516121	ENSG00000083312.19	TNPO1	False
ENST00000300231	22.0	1.5491081	3.3796577	1.8305496	0.046581674	0.8093544299533921	1.3317849049090682	ENSG00000166963.13	MAP1A	False
ENST00000354489	50.113846	1.9035479	3.7340307	1.8304828	0.12657815	0.8093544299533921	0.8976412485572656	ENSG00000111837.12	MAK	False
ENST00000550075	8.127902	0.61335844	2.442769	1.8294106	0.030029945	0.8093544299533921	1.5224454621208292	ENSG00000111605.18	CPSF6	False
ENST00000539317	27.240305	0.91949725	2.7487562	1.8292589	0.37114578	0.8199748637125035	0.4304554674153712	ENSG00000084070.12	SMAP2	False
ENST00000644963	244.88248	4.0576053	5.8862147	1.8286095	0.24303365	0.8093544299533921	0.6143335950101817	ENSG00000127616.22	SMARCA4	False
ENST00000614189	155.46109	3.358224	5.186628	1.828404	0.1873504	0.8093544299533921	0.7273453585451086	ENSG00000180628.15	PCGF5	False
ENST00000571217	188.21573	3.7939079	5.621886	1.8279779	0.2509003	0.8093544299533921	0.6004988222456685	ENSG00000132530.17	XAF1	True
ENST00000588897	13.87039	1.0077285	2.8348536	1.8271252	0.18963544	0.8093544299533921	0.7220804947130482	ENSG00000108799.13	EZH1	False
ENST00000676293	65.27247	2.2991538	4.125478	1.826324	0.12348895	0.8093544299533921	0.9083719099861159	ENSG00000116688.18	MFN2	False
ENST00000679412	43.028633	2.1494114	3.9748845	1.8254731	0.033693682	0.8093544299533921	1.4724515221255596	ENSG00000254469.11	XNDC1N	False
ENST00000553673	6.016618	0.2886367	2.114014	1.8253772	0.0009118083	0.8093544299533921	3.0400964675543314	ENSG00000119616.11	FCF1	True
ENST00000297598	35.488224	1.7279762	3.5530212	1.825045	0.024034608	0.8093544299533921	1.6191629539304295	ENSG00000164951.16	PDP1	False
ENST00000695303	25.345058	0.9813979	2.8051033	1.8237054	0.049549274	0.8093544299533921	1.3049627031656679	ENSG00000149262.19	INTS4	False
ENST00000684236	1184.3469	6.3435745	8.167121	1.8235464	0.20879886	0.8093544299533921	0.6802718860944053	ENSG00000026297.17	RNASET2	False
ENST00000409249	16.498331	1.4181409	3.2414274	1.8232865	0.04033171	0.8093544299533921	1.3943533628109788	ENSG00000115318.12	LOXL3	False
ENST00000432937	10.105384	0.830925	2.6541235	1.8231986	0.058403816	0.8093544299533921	1.2335587753911323	ENSG00000135164.19	DMTF1	False
ENST00000304874	7.390391	0.22924405	2.050584	1.8213401	0.09804699	0.8093544299533921	1.008565742200225	ENSG00000126522.17	ASL	False
ENST00000301329	36.791183	2.1926715	4.0136466	1.8209751	0.08597219	0.8093544299533921	1.0656420106726034	ENSG00000167699.14	GLOD4	False
ENST00000592732	52.371788	2.0348105	3.8550663	1.8202558	0.07388154	0.8093544299533921	1.1314640798936322	ENSG00000127452.9	FBXL12	False
ENST00000296604	41.485275	2.1077454	3.9271102	1.8193648	0.032636285	0.8093544299533921	1.486299285287365	ENSG00000164188.9	RANBP3L	False
ENST00000567020	12.95759	0.45987788	2.2787945	1.8189167	0.10610039	0.8093544299533921	0.9742830284451027	ENSG00000162065.14	TBC1D24	False
ENST00000637015	158.89803	3.4629993	5.28189	1.8188906	0.19925277	0.8093544299533921	0.700595633768728	ENSG00000049618.25	ARID1B	False
ENST00000522912	206.85922	4.4857106	6.304312	1.8186016	0.1287385	0.8093544299533921	0.8902915799053344	ENSG00000153914.16	SREK1	False
ENST00000597017	40.64013	2.0274894	3.846046	1.8185565	0.046271514	0.8093544299533921	1.334686288804544	ENSG00000105438.9	KDELR1	False
ENST00000423902	16.203129	0.7076816	2.5255132	1.8178315	0.31910136	0.8118754707110037	0.4960713401978127	ENSG00000171316.14	CHD7	False
ENST00000550665	175.8602	3.762869	5.5805416	1.8176727	0.19612174	0.8093544299533921	0.7074742681745159	ENSG00000169203.18	NPIPB12	False
ENST00000295901	29.709864	0.682612	2.499519	1.8169072	0.14633395	0.8093544299533921	0.8346549109062983	ENSG00000163636.11	PSMD6	False
ENST00000684393	65.368034	2.1413758	3.9573708	1.815995	0.14147781	0.8093544299533921	0.8493116764947188	ENSG00000099246.18	RAB18	False
ENST00000534968	313.84064	4.454532	6.2705116	1.8159795	0.27110833	0.8093544299533921	0.5668571393292503	ENSG00000066294.15	CD84	False
ENST00000432752	10.5	0.65848476	2.4740486	1.8155639	0.08835798	0.8093544299533921	1.0537542332785395	ENSG00000167264.18	DUS2	False
ENST00000372088	11.229863	0.4353037	2.2505217	1.815218	0.014453134	0.8093544299533921	1.8400379837844891	ENSG00000107771.17	CCSER2	False
ENST00000638837	10.904814	0.994009	2.8081844	1.8141754	0.058175717	0.8093544299533921	1.2352582588116856	ENSG00000121897.15	LIAS	False
ENST00000691893	21.686337	1.5657789	3.3796759	1.813897	0.03765051	0.8093544299533921	1.4242291289156541	ENSG00000167004.14	PDIA3	False
ENST00000535572	426.91748	5.2826543	7.096089	1.8134346	0.20496908	0.8093544299533921	0.6883116518006154	ENSG00000060237.19	WNK1	False
ENST00000268758	70.49078	2.1927247	4.0045853	1.8118606	0.12677093	0.8093544299533921	0.8969803287783009	ENSG00000087111.22	PIGS	True
ENST00000539119	23.14516	0.6391091	2.4496164	1.8105073	0.059368186	0.8093544299533921	1.2264462229782456	ENSG00000076043.11	REXO2	False
ENST00000698321	420.45874	4.9425187	6.751764	1.8092451	0.15435266	0.8093544299533921	0.8114858678857615	ENSG00000131508.17	UBE2D2	False
ENST00000652605	25.4	1.763357	3.5715847	1.8082277	0.022231383	0.8093544299533921	1.6530335144134987	ENSG00000094841.14	UPRT	False
ENST00000418622	26.810352	1.4300175	3.2346482	1.8046308	0.04406655	0.8093544299533921	1.3558909656541975	ENSG00000107036.12	RIC1	False
ENST00000447468	7.59786	0.7442005	2.546394	1.8021936	0.0004851398	0.8093544299533921	3.314133084747257	ENSG00000185250.16	PPIL6	False
ENST00000505863	406.7746	4.5703654	6.3722754	1.8019099	0.18907507	0.8093544299533921	0.723365735568154	ENSG00000181381.15	DDX60L	False
ENST00000696333	62.51314	2.7222989	4.5237103	1.8014114	0.09542044	0.8093544299533921	1.0203585736895717	ENSG00000112936.21	C7	False
ENST00000372697	29.070053	1.4569772	3.2577143	1.800737	0.042633202	0.8093544299533921	1.3702520488451504	ENSG00000117010.17	ZNF684	False
ENST00000682464	20.708918	1.0508193	2.850123	1.7993037	0.054853357	0.8093544299533921	1.260796785688742	ENSG00000135317.14	SNX14	False
ENST00000494258	14.948855	1.1031877	2.9024465	1.7992588	0.00480536	0.8093544299533921	2.3182740719796695	ENSG00000003402.21	CFLAR	True
ENST00000380728	155.60628	3.4162512	5.2149897	1.7987385	0.16611025	0.8093544299533921	0.7796035750108269	ENSG00000132522.16	GPS2	False
ENST00000561312	18.682795	0.518059	2.316577	1.798518	0.26174226	0.8093544299533921	0.5821261453232556	ENSG00000117899.11	MESD	False
ENST00000255432	15.5	1.372632	3.170999	1.798367	0.060162462	0.8093544299533921	1.2206743975018894	ENSG00000133067.18	LGR6	False
ENST00000682523	7.8034835	0.7295785	2.527871	1.7982924	0.14028509	0.8093544299533921	0.8529884860874254	ENSG00000152207.8	CYSLTR2	False
ENST00000714494	97.38362	2.831687	4.628577	1.7968903	0.13073504	0.8093544299533921	0.8836079968598421	ENSG00000165699.16	TSC1	False
ENST00000681412	124.24104	2.5402853	4.335739	1.7954538	0.39569744	0.8293641072483107	0.4026367542983099	ENSG00000127914.19	AKAP9	False
ENST00000399759	17.100353	0.7668292	2.5617437	1.7949145	0.3252156	0.8142173533113395	0.487828619737961	ENSG00000196689.13	TRPV1	False
ENST00000262291	41.8413	1.6031208	3.3972104	1.7940896	0.2992432	0.8112092915290223	0.5239756926662416	ENSG00000062716.13	VMP1	False
ENST00000370628	52.23153	2.192919	3.9869053	1.7939863	0.15990517	0.8093544299533921	0.7961375069654675	ENSG00000102245.9	CD40LG	False
ENST00000417154	108.96262	1.6016492	3.393281	1.7916318	0.29099256	0.8109740254625081	0.5361181177487632	ENSG00000115419.14	GLS	False
ENST00000286428	48.55432	1.5019866	3.293488	1.7915014	0.1281485	0.8093544299533921	0.8922864859851397	ENSG00000155959.12	VBP1	False
ENST00000260818	99.54569	3.0227644	4.8138366	1.7910721	0.12205131	0.8093544299533921	0.9134575423328928	ENSG00000138246.17	DNAJC13	False
ENST00000448850	51.474873	2.1763957	3.967458	1.7910624	0.06745863	0.8093544299533921	1.1709624855550849	ENSG00000142192.22	APP	True
ENST00000639628	179.01707	3.4171317	5.2069516	1.78982	0.1728295	0.8093544299533921	0.7623821418545801	ENSG00000153187.21	HNRNPU	False
ENST00000411696	96.969025	2.9349115	4.724284	1.7893727	0.10487571	0.8093544299533921	0.9793250711619711	ENSG00000115568.16	ZNF142	False
ENST00000399228	169.95746	3.5685422	5.3577724	1.7892301	0.17745245	0.8093544299533921	0.7509180123444873	ENSG00000197535.16	MYO5A	True
ENST00000413330	34.18547	1.6711084	3.4595935	1.7884852	0.040869657	0.8093544299533921	1.3885990076332821	ENSG00000148688.14	RPP30	False
ENST00000530762	8.999397	0.75302297	2.5410523	1.7880294	0.009095122	0.8093544299533921	2.0411914659497934	ENSG00000132275.11	RRP8	False
ENST00000529230	89.64917	2.865158	4.6521106	1.7869525	0.11388561	0.8093544299533921	0.9435311427305454	ENSG00000175216.15	CKAP5	False
ENST00000392612	72.94171	3.028929	4.815427	1.7864978	0.083177105	0.8093544299533921	1.0799962015650113	ENSG00000172794.20	RAB37	False
ENST00000678868	24.36621	1.5049816	3.2914028	1.7864212	0.10664563	0.8093544299533921	0.9720569407080561	ENSG00000093010.15	COMT	False
ENST00000399494	110.79785	2.3447304	4.13108	1.7863498	0.35966486	0.8183252159569281	0.44410199473160655	ENSG00000189403.15	HMGB1	False
ENST00000623665	5.987072	0.19504564	1.9796777	1.7846321	0.06955963	0.8093544299533921	1.157642759970388	ENSG00000250673.3	REELD1	False
ENST00000675263	43.75426	2.2967243	4.080836	1.7841115	0.08043753	0.8093544299533921	1.0945412545699111	ENSG00000147224.13	PRPS1	True
ENST00000254521	31.383617	1.9291326	3.7117958	1.7826632	0.022872107	0.8093544299533921	1.6406938239697686	ENSG00000132196.16	HSD17B7	False
ENST00000535381	26.705164	1.723073	3.5052602	1.7821872	0.033808466	0.8093544299533921	1.470974533535182	ENSG00000164241.14	C5orf63	False
ENST00000261653	36.788074	1.9409591	3.7225897	1.7816306	0.113576494	0.8093544299533921	0.944711541108024	ENSG00000111450.15	STX2	False
ENST00000547131	12.346535	0.6984741	2.4792576	1.7807834	0.012047442	0.8093544299533921	1.9191051675160815	ENSG00000058272.19	PPP1R12A	False
ENST00000539539	220.54106	4.6050143	6.3856773	1.780663	0.14367722	0.8093544299533921	0.8426120844877985	ENSG00000060339.14	CCAR1	False
ENST00000697188	217.98589	4.3824224	6.1622963	1.7798738	0.12831204	0.8093544299533921	0.8917326024342883	ENSG00000198064.15	NPIPB13	False
ENST00000690614	62.39498	2.4856768	4.2640133	1.7783365	0.08067966	0.8093544299533921	1.093235927062555	ENSG00000182901.18	RGS7	False
ENST00000380034	174.05113	3.602539	5.3795743	1.7770352	0.18375789	0.8093544299533921	0.7357540133377906	ENSG00000132256.20	TRIM5	False
ENST00000436139	23.764717	1.8297963	3.6045802	1.7747838	0.010371252	0.8093544299533921	1.9841688146969885	ENSG00000138670.19	RASGEF1B	False
ENST00000647103	52.66665	2.3457074	4.119794	1.7740865	0.116479985	0.8093544299533921	0.9337486924075759	ENSG00000159023.23	EPB41	False
ENST00000380324	127.14197	2.602068	4.375964	1.7738962	0.3925921	0.8283759992706762	0.40605844127885427	ENSG00000140455.17	USP3	False
ENST00000528301	81.565956	3.004069	4.777925	1.7738559	0.04741517	0.8093544299533921	1.324082680506457	ENSG00000233024.7	NPIPA9	False
ENST00000316341	13.880719	0.9857187	2.7591555	1.7734368	0.05435267	0.8093544299533921	1.264779109680833	ENSG00000124067.17	SLC12A4	False
ENST00000258399	27.618793	1.9253231	3.6985223	1.7731992	0.11125757	0.8093544299533921	0.9536704376089694	ENSG00000135913.11	USP37	False
ENST00000673310	31.885721	1.148258	2.9204252	1.7721672	0.10068046	0.8093544299533921	0.9970547958566323	ENSG00000156110.15	ADK	False
ENST00000697205	38.43422	2.2548163	4.026545	1.7717288	0.06517512	0.8093544299533921	1.18591813713159	ENSG00000198648.12	STK39	False
ENST00000508175	66.27108	2.7118323	4.4822507	1.7704184	0.082813434	0.8093544299533921	1.0818992046365077	ENSG00000154274.15	C4orf19	True
ENST00000519728	1374.6407	6.1264725	7.8968554	1.7703829	0.29865155	0.8111088466013822	0.524835232392893	ENSG00000254087.8	LYN	False
ENST00000528776	121.66099	3.2097054	4.97983	1.7701244	0.14894003	0.8093544299533921	0.8269885724628167	ENSG00000188997.8	KCTD21	False
ENST00000715282	21.20075	1.451303	3.219699	1.7683959	0.017066194	0.8093544299533921	1.767863328332637	ENSG00000115339.15	GALNT3	False
ENST00000451053	33.284985	1.5857168	3.3538022	1.7680854	0.020481402	0.8093544299533921	1.6886403170487405	ENSG00000139719.12	VPS33A	False
ENST00000358151	72.135254	2.8719978	4.6400104	1.7680125	0.054473013	0.8093544299533921	1.263818604961374	ENSG00000173258.13	ZNF483	False
ENST00000283415	29.502228	1.887053	3.6538985	1.7668455	0.04359526	0.8093544299533921	1.3605607463459242	ENSG00000153395.10	LPCAT1	False
ENST00000396516	39.107872	0.68718594	2.4537106	1.7665246	0.32422733	0.8142173533113395	0.48915037597547045	ENSG00000122299.12	ZC3H7A	False
ENST00000706574	14.930044	1.3353752	3.1014304	1.7660552	0.016250791	0.8093544299533921	1.7891254943284391	ENSG00000114302.17	PRKAR2A	False
ENST00000401878	35.090187	1.3179041	3.0831904	1.7652863	0.24255022	0.8093544299533921	0.6151983198402793	ENSG00000184863.11	RBM33	False
ENST00000489941	15.539841	1.2673789	3.0324721	1.7650932	0.0018849922	0.8093544299533921	2.724690434614862	ENSG00000136153.21	LMO7	False
ENST00000288368	19.221842	1.1113853	2.874618	1.7632327	0.012500312	0.8093544299533921	1.9030791409066532	ENSG00000046889.19	PREX2	False
ENST00000395940	59.219505	2.7223475	4.4853573	1.7630098	0.09487226	0.8093544299533921	1.0228607601403847	ENSG00000183625.16	CCR3	False
ENST00000695081	520.7362	5.476146	7.238185	1.7620387	0.19208929	0.8093544299533921	0.716496849987426	ENSG00000005810.20	MYCBP2	False
ENST00000475278	195.98695	4.381809	6.143378	1.7615685	0.11919894	0.8093544299533921	0.9237276040978831	ENSG00000174891.14	RSRC1	False
ENST00000360473	83.08743	2.7938917	4.5552983	1.7614067	0.12396882	0.8093544299533921	0.906687542098841	ENSG00000198553.9	KCNRG	False
ENST00000357878	14.973257	1.0767493	2.8381429	1.7613935	0.005759236	0.8093544299533921	2.2396351294744843	ENSG00000188620.11	HMX3	False
ENST00000589097	56.645836	2.7157183	4.4769454	1.7612271	0.056200925	0.8093544299533921	1.2502565343892267	ENSG00000104886.12	PLEKHJ1	False
ENST00000266041	40.021496	1.7929393	3.5524151	1.7594758	0.04778577	0.8093544299533921	1.3207014102129682	ENSG00000055955.17	ITIH4	False
ENST00000679802	13.7257	1.1418138	2.8995218	1.7577081	0.0077277217	0.8093544299533921	2.1119485263066617	ENSG00000135744.9	AGT	False
ENST00000349062	130.99536	3.7782013	5.5357795	1.7575781	0.07816759	0.8093544299533921	1.1069732914391666	ENSG00000146833.16	TRIM4	False
ENST00000575009	1302.5255	6.257931	8.014691	1.7567601	0.19290304	0.8093544299533921	0.7146609240215525	ENSG00000167978.19	SRRM2	False
ENST00000519937	14.676905	0.67608887	2.432335	1.7562461	0.07004683	0.8093544299533921	1.1546115314989642	ENSG00000168878.19	SFTPB	False
ENST00000407929	5.4205656	0.1852297	1.9410136	1.7557839	0.12209998	0.8093544299533921	0.9132844046603592	ENSG00000183023.19	SLC8A1	False
ENST00000659924	5.3447485	0.36492112	2.1200361	1.755115	0.0063031134	0.8093544299533921	2.2004448780168584	ENSG00000142599.20	RERE	False
ENST00000651305	49.01984	2.379497	4.134446	1.7549491	0.08669583	0.8093544299533921	1.0620018035426628	ENSG00000169255.15	B3GALNT1	False
ENST00000678874	79.74512	2.8151548	4.5690365	1.7538817	0.109674685	0.8093544299533921	0.9598936054463093	ENSG00000137275.16	RIPK1	False
ENST00000681828	121.263954	3.3569834	5.1099668	1.7529833	0.1322901	0.8093544299533921	0.8784726713711872	ENSG00000135541.22	AHI1	False
ENST00000460390	44.491848	2.3404572	4.09267	1.7522128	0.0716514	0.8093544299533921	1.144775324723255	ENSG00000187609.16	EXD3	False
ENST00000355283	47.94862	2.3845766	4.135282	1.7507055	0.051255643	0.8093544299533921	1.2902583107882721	ENSG00000155085.16	AK9	False
ENST00000626478	16.05502	1.531065	3.2816873	1.7506223	0.059912384	0.8093544299533921	1.2224834020790518	ENSG00000120318.16	ARAP3	False
ENST00000532509	23.39556	1.197797	2.9475088	1.7497119	0.25218844	0.8093544299533921	0.5982748176926235	ENSG00000117054.15	ACADM	False
ENST00000429851	157.8027	3.8040497	5.5530334	1.7489836	0.13675997	0.8093544299533921	0.8640410139026862	ENSG00000135837.18	CEP350	True
ENST00000349129	52.867603	2.4127657	4.161674	1.7489083	0.061299864	0.8093544299533921	1.2125404875707686	ENSG00000083097.15	DOP1A	False
ENST00000586676	81.073654	2.6188881	4.366165	1.747277	0.14570874	0.8093544299533921	0.8365143980266003	ENSG00000172081.14	MOB3A	False
ENST00000649905	291.18265	4.6256185	6.3728814	1.747263	0.14012113	0.8093544299533921	0.8534963623751355	ENSG00000153814.13	JAZF1	False
ENST00000529694	63.570404	2.1221879	3.868604	1.7464161	0.090150416	0.8093544299533921	1.0450322653751243	ENSG00000120457.12	KCNJ5	False
ENST00000332065	157.37877	3.9129326	5.6589384	1.7460058	0.091609865	0.8093544299533921	1.0380577548276857	ENSG00000182473.22	EXOC7	False
ENST00000559715	87.0527	3.089594	4.834732	1.7451382	0.14957578	0.8093544299533921	0.8251387097998151	ENSG00000103657.14	HERC1	False
ENST00000692281	4.401005	0.15270504	1.8974249	1.7447199	0.09867267	0.8093544299533921	1.0058031063214055	ENSG00000289027.1	ENSG00000289027	False
ENST00000686877	157.86005	3.8826406	5.6267257	1.7440851	0.084964804	0.8093544299533921	1.0707609383026286	ENSG00000133703.14	KRAS	True
ENST00000371744	1009.54266	6.322931	8.066708	1.7437768	0.2615517	0.8093544299533921	0.5824424396006916	ENSG00000124201.15	ZNFX1	False
ENST00000545720	100.79954	3.3160408	5.0594263	1.7433856	0.14196521	0.8093544299533921	0.847818069462179	ENSG00000127314.18	RAP1B	True
ENST00000684187	24.836348	1.6052331	3.348092	1.742859	0.020655904	0.8093544299533921	1.6849557942229672	ENSG00000183778.19	B3GALT5	False
ENST00000534016	71.72107	2.846985	4.5890474	1.7420623	0.119497016	0.8093544299533921	0.9226429392307038	ENSG00000166927.13	MS4A7	False
ENST00000381781	21.6	1.4417163	3.1834536	1.7417372	0.034057803	0.8093544299533921	1.4677833651646923	ENSG00000205784.4	ARRDC5	False
ENST00000393743	27.716137	0.7534673	2.4949331	1.7414658	0.34572923	0.81719736681995	0.46126389876922963	ENSG00000137628.18	DDX60	False
ENST00000503368	81.86244	2.9304888	4.671155	1.7406662	0.1363782	0.8093544299533921	0.8652550495522375	ENSG00000078140.14	UBE2K	False
ENST00000527385	28.8	1.8536304	3.5921729	1.7385424	0.031967923	0.8093544299533921	1.4952855789090447	ENSG00000137486.17	ARRB1	True
ENST00000303434	25.32697	1.0964344	2.8349292	1.7384949	0.19277819	0.8093544299533921	0.7149421128908122	ENSG00000170638.10	TRABD	False
ENST00000359971	12.366741	1.1345657	2.8727436	1.7381779	0.005906456	0.8093544299533921	2.2286730159168613	ENSG00000197363.11	ZNF517	False
ENST00000336949	44.13964	1.8316131	3.5697334	1.7381203	0.05900535	0.8093544299533921	1.2291086101266697	ENSG00000165175.17	MID1IP1	False
ENST00000358575	47.56001	2.5145502	4.251563	1.7370129	0.10076861	0.8093544299533921	0.9966747284469069	ENSG00000145216.17	FIP1L1	False
ENST00000467003	5.3761168	0.22897102	1.9646376	1.7356666	0.095045604	0.8093544299533921	1.0220679659574665	ENSG00000203326.12	ZNF525	False
ENST00000569554	714.4627	5.1642594	6.8995476	1.7352881	0.21851195	0.8093544299533921	0.6605247994602241	ENSG00000196502.15	SULT1A1	False
ENST00000615926	28.961277	1.0144762	2.748591	1.7341148	0.3087528	0.8118754707110037	0.5103890881836605	ENSG00000116580.20	GON4L	False
ENST00000424123	1240.1843	6.500913	8.23457	1.7336564	0.27093622	0.8093544299533921	0.5671329311844255	ENSG00000171634.19	BPTF	False
ENST00000646124	6.6963897	0.6156022	2.3489234	1.7333212	0.009733003	0.8093544299533921	2.0117531591444164	ENSG00000099949.22	LZTR1	False
ENST00000430321	40.52057	1.4246054	3.156763	1.7321577	0.2780978	0.8093544299533921	0.5558024337192685	ENSG00000144357.18	UBR3	False
ENST00000416425	83.12157	2.6820586	4.414119	1.7320602	0.13785857	0.8093544299533921	0.8605662319239288	ENSG00000093167.18	LRRFIP2	False
ENST00000382043	41.283043	2.0922043	3.823403	1.7311985	0.3287591	0.8142173533113395	0.4831222118312922	ENSG00000100503.27	NIN	False
ENST00000691070	271.68307	4.690821	6.422017	1.7311959	0.12742382	0.8093544299533921	0.8947493696613454	ENSG00000175110.14	MRPS22	False
ENST00000266254	9.2	0.9087656	2.6399386	1.731173	0.00654834	0.8093544299533921	2.1838687816390734	ENSG00000100271.17	TTLL1	False
ENST00000521943	75.30617	2.4927843	4.223596	1.7308118	0.3538754	0.8173803121090482	0.451149628399688	ENSG00000198586.14	TLK1	False
ENST00000264932	174.65062	3.9900367	5.720284	1.7302473	0.12800905	0.8093544299533921	0.8927593217811137	ENSG00000073578.18	SDHA	False
ENST00000366687	38.573944	1.8246781	3.5548491	1.7301711	0.030716425	0.8093544299533921	1.512629334752371	ENSG00000154429.11	CCSAP	False
ENST00000591680	103.9243	3.058525	4.7886934	1.7301683	0.13934343	0.8093544299533921	0.8559135169349352	ENSG00000186566.13	GPATCH8	False
ENST00000703202	40.458412	1.1363319	2.8663204	1.7299885	0.20838226	0.8093544299533921	0.6811392482824359	ENSG00000117682.18	DHDDS	False
ENST00000698146	20.807613	0.94052386	2.6702204	1.7296965	0.3650523	0.8185742609699567	0.43764489595163947	ENSG00000115415.21	STAT1	True
ENST00000468896	8.170259	0.78940344	2.5190678	1.7296643	0.0072494494	0.8093544299533921	2.1396949783146337	ENSG00000119487.17	MAPKAP1	True
ENST00000446179	16.99186	0.9365869	2.6644015	1.7278147	0.017117787	0.8093544299533921	1.7665523780677592	ENSG00000138413.14	IDH1	False
ENST00000394094	12.445678	1.008319	2.7356567	1.7273377	0.0756416	0.8093544299533921	1.121239280289482	ENSG00000138468.16	SENP7	False
ENST00000261600	23.343641	1.0623311	2.7895696	1.7272385	0.20160228	0.8093544299533921	0.6955045602890787	ENSG00000079134.13	THOC1	False
ENST00000589373	23.390873	1.691023	3.4181712	1.7271482	0.02544494	0.8093544299533921	1.5943985734348716	ENSG00000104892.17	KLC3	False
ENST00000448060	41.217	1.3885812	3.1151135	1.7265323	0.24236158	0.8093544299533921	0.6155362332256324	ENSG00000129007.16	CALML4	False
ENST00000700745	49.790287	2.3850505	4.110903	1.7258523	0.03205842	0.8093544299533921	1.494057865044791	ENSG00000175895.5	PLEKHF2	False
ENST00000428959	18.411152	1.0137439	2.7394552	1.7257113	0.15368722	0.8093544299533921	0.8133622344340681	ENSG00000153827.15	TRIP12	False
ENST00000216392	243.07104	3.9301836	5.6556163	1.7254326	0.22649387	0.8093544299533921	0.6449435566687444	ENSG00000100504.17	PYGL	False
ENST00000559222	27.398697	1.4409698	3.1658828	1.724913	0.028763723	0.8093544299533921	1.5411549078465359	ENSG00000166734.20	GOLM2	True
ENST00000642180	29.004969	1.810187	3.5346174	1.7244304	0.042373482	0.8093544299533921	1.3729058453890444	ENSG00000119866.22	BCL11A	False
ENST00000677787	319.8297	3.3639872	5.087453	1.7234657	0.47452676	0.8500118764885034	0.32373928865482654	ENSG00000070756.17	PABPC1	False
ENST00000259254	197.35426	3.7944212	5.517845	1.723424	0.18381943	0.8093544299533921	0.7356085894419374	ENSG00000136732.16	GYPC	False
ENST00000612116	16.323744	1.5635633	3.2866664	1.723103	0.06829783	0.8093544299533921	1.1655930743910359	ENSG00000006125.18	AP2B1	False
ENST00000395104	49.72855	2.2690604	3.9920201	1.7229598	0.059235774	0.8093544299533921	1.2274159326350509	ENSG00000130584.12	ZBTB46	False
ENST00000635914	103.50659	3.1400955	4.8602657	1.7201703	0.11149363	0.8093544299533921	0.9527499360284847	ENSG00000114062.22	UBE3A	False
ENST00000378103	10.174319	1.027396	2.7471385	1.7197425	0.01798245	0.8093544299533921	1.7451511534886224	ENSG00000070610.14	GBA2	False
ENST00000688697	15.65798	0.84075814	2.5596452	1.7188871	0.14898023	0.8093544299533921	0.8268713593137449	ENSG00000175110.14	MRPS22	False
ENST00000642488	82.660484	3.313879	5.032297	1.7184181	0.016116379	0.8093544299533921	1.792732532710819	ENSG00000113163.19	CERT1	False
ENST00000380199	40.12345	2.0677767	3.785964	1.7181873	0.113999315	0.8093544299533921	0.9430977597481287	ENSG00000131732.12	ZCCHC9	False
ENST00000698818	356.64175	4.6603966	6.378264	1.7178674	0.19748658	0.8093544299533921	0.7044624123548162	ENSG00000178927.19	CYBC1	False
ENST00000711172	28.304081	1.58382	3.30054	1.71672	0.06025304	0.8093544299533921	1.220021043546519	ENSG00000292345.1	ZBED1	False
ENST00000381223	28.304081	1.58382	3.30054	1.71672	0.06025304	0.8093544299533921	1.220021043546519	ENSG00000214717.12	ZBED1	False
ENST00000240487	210.46191	4.1403766	5.8566074	1.7162309	0.14828782	0.8093544299533921	0.8288945257349314	ENSG00000121210.16	TMEM131L	False
ENST00000535170	477.84833	5.2379203	6.953926	1.7160058	0.18829288	0.8093544299533921	0.7251661113266399	ENSG00000106261.17	ZKSCAN1	False
ENST00000330010	190.75626	3.71364	5.4293427	1.7157028	0.21783797	0.8093544299533921	0.661866409945457	ENSG00000162614.19	NEXN	False
ENST00000695952	45.18863	2.473439	4.1889925	1.7155535	0.092644185	0.8093544299533921	1.033181835670021	ENSG00000112182.16	BACH2	False
ENST00000682800	205.31656	2.0740788	3.7891335	1.7150548	0.3812199	0.823716002720574	0.4188244440881104	ENSG00000182923.20	CEP63	False
ENST00000597013	44.627678	2.2101686	3.9244199	1.7142513	0.0801761	0.8093544299533921	1.0959550721950748	ENSG00000204611.7	ZNF616	True
ENST00000571024	39.74664	2.2022731	3.9163685	1.7140954	0.0737622	0.8093544299533921	1.1321661341289384	ENSG00000141552.18	ANAPC11	True
ENST00000614449	21.47081	1.0243812	2.738298	1.7139168	0.1931141	0.8093544299533921	0.714186011316502	ENSG00000153048.11	CARHSP1	True
ENST00000556678	26.2268	1.8982353	3.6118116	1.7135763	0.058142807	0.8093544299533921	1.2355040028284388	ENSG00000120802.14	TMPO	True
ENST00000567887	696.96387	5.901472	7.614317	1.7128448	0.21571454	0.8093544299533921	0.6661205726020089	ENSG00000127603.32	MACF1	False
ENST00000506446	23.389244	1.7277311	3.440147	1.7124158	0.03234961	0.8093544299533921	1.4901309663177775	ENSG00000151743.11	AMN1	True
ENST00000392783	233.53085	3.0466948	4.758793	1.7120981	0.44601002	0.8458889434019244	0.3506553811105887	ENSG00000123636.19	BAZ2B	False
ENST00000713597	56.829445	2.576789	4.2882347	1.7114458	0.07175444	0.8093544299533921	1.1441512165907028	ENSG00000107796.14	ACTA2	False
ENST00000259021	102.40121	3.227498	4.938187	1.7106891	0.07668805	0.8093544299533921	1.1152722982653551	ENSG00000136504.15	KAT7	False
ENST00000710381	102.40121	3.227498	4.938187	1.7106891	0.07668805	0.8093544299533921	1.1152722982653551	ENSG00000136504.15	KAT7	False
ENST00000285238	27.05167	1.5986818	3.30793	1.7092482	0.07988795	0.8093544299533921	1.0975187289190456	ENSG00000108846.16	ABCC3	False
ENST00000558067	27.07627	0.863697	2.5727925	1.7090955	0.16878454	0.8093544299533921	0.7726673255924	ENSG00000137871.21	ZNF280D	False
ENST00000698722	5.334987	0.3504384	2.059529	1.7090907	0.010689767	0.8093544299533921	1.9710317576565362	ENSG00000144026.14	ZNF514	False
ENST00000679507	199.07883	2.171431	3.8795245	1.7080934	0.5297384	0.864564552068749	0.2759385230337672	ENSG00000055332.19	EIF2AK2	False
ENST00000680954	202.67003	2.7783623	4.484958	1.7065959	0.42321572	0.8383133222409976	0.3734382121610193	ENSG00000119922.11	IFIT2	False
ENST00000540744	50.829617	0.7732864	2.479489	1.7062027	0.34605467	0.81719736681995	0.46085528157985645	ENSG00000213020.10	ZNF611	False
ENST00000700325	41.54834	2.2588623	3.9647017	1.7058394	0.012757153	0.8093544299533921	1.8942462273098883	ENSG00000095787.26	WAC	False
ENST00000351625	10.531338	0.508621	2.2144186	1.7057977	0.29123327	0.8109740254625081	0.5357590114235142	ENSG00000074266.23	EED	False
ENST00000714538	59.186928	1.4913478	3.196762	1.7054143	0.25440386	0.8093544299533921	0.594476304606246	ENSG00000163374.21	YY1AP1	True
ENST00000234115	74.91559	1.3742156	3.078012	1.7037964	0.29094863	0.8109740254625081	0.5361836843699374	ENSG00000115762.17	PLEKHB2	False
ENST00000394071	212.76682	4.352471	6.0562477	1.7037768	0.09441941	0.8093544299533921	1.0249387070311553	ENSG00000156030.14	MIDEAS	False
ENST00000394084	46.16398	2.4546018	4.1572733	1.7026715	0.04401444	0.8093544299533921	1.3564048293410265	ENSG00000165219.23	GAPVD1	False
ENST00000558465	10.049882	1.0745616	2.7770464	1.7024848	0.17145978	0.8093544299533921	0.7658377400219368	ENSG00000118707.11	TGIF2	True
ENST00000442123	40.867836	1.8712368	3.5733857	1.7021489	0.26688686	0.8093544299533921	0.5736728076757628	ENSG00000198252.12	STYX	False
ENST00000703140	55.710857	2.70526	4.4072723	1.7020123	0.076677464	0.8093544299533921	1.115332259530119	ENSG00000198793.14	MTOR	False
ENST00000380221	35.894596	1.606926	3.307714	1.700788	0.05870874	0.8093544299533921	1.2312972511313678	ENSG00000160218.13	TRAPPC10	False
ENST00000676487	10.161045	0.7889681	2.488133	1.6991649	0.16387354	0.8093544299533921	0.7854911688551531	ENSG00000104408.11	EIF3E	False
ENST00000560070	47.887764	2.3155239	4.013834	1.6983101	0.09901916	0.8093544299533921	1.004280751861685	ENSG00000140455.17	USP3	False
ENST00000561151	12.485044	0.78912115	2.4871333	1.6980121	0.041838337	0.8093544299533921	1.3784255889770858	ENSG00000104177.20	MYEF2	True
ENST00000559199	128.22058	3.532755	5.2306247	1.6978698	0.10680428	0.8093544299533921	0.9714113373552354	ENSG00000090487.11	SPG21	True
ENST00000539827	32.139175	2.1958869	3.8937554	1.6978686	0.05031949	0.8093544299533921	1.298263777058221	ENSG00000051128.19	HOMER3	False
ENST00000280083	86.633644	2.7810557	4.4788365	1.6977808	0.16027515	0.8093544299533921	0.7951338178411747	ENSG00000150527.18	MIA2	False
ENST00000341776	12.80295	0.66943127	2.3671875	1.6977563	0.32132947	0.8125420389446386	0.49304943628000614	ENSG00000008083.14	JARID2	False
ENST00000601712	11.356361	1.0018517	2.6990583	1.6972066	0.018380908	0.8093544299533921	1.7356330316886246	ENSG00000063176.16	SPHK2	False
ENST00000613099	82.51923	2.6006052	4.2969813	1.6963761	0.11040223	0.8093544299533921	0.9570221682340273	ENSG00000048707.15	VPS13D	False
ENST00000371657	239.90263	4.1561875	5.8523207	1.6961331	0.2728614	0.8093544299533921	0.5640579107537091	ENSG00000244687.13	UBE2V1	True
ENST00000602720	91.321815	3.350275	5.045911	1.6956358	0.063463725	0.8093544299533921	1.19747443957176	ENSG00000167881.15	SRP68	False
ENST00000515062	37.045773	2.1306074	3.8262067	1.6955993	0.066321604	0.8093544299533921	1.1783449791423752	ENSG00000138674.17	SEC31A	False
ENST00000454658	56.910046	1.9184326	3.6139407	1.6955081	0.14110756	0.8093544299533921	0.8504497202449899	ENSG00000139146.14	SINHCAF	False
ENST00000698518	16.563503	1.2844578	2.9799306	1.6954728	0.2771651	0.8093544299533921	0.5572614326774492	ENSG00000112365.6	ZBTB24	False
ENST00000509597	31.178814	1.0075551	2.7025712	1.695016	0.2035646	0.8093544299533921	0.6912977456270327	ENSG00000145725.21	PPIP5K2	False
ENST00000319190	17.632374	0.5522319	2.2469811	1.6947492	0.19530721	0.8093544299533921	0.70928172371913	ENSG00000068724.18	TTC7A	False
ENST00000424679	12.817469	0.8308248	2.5252023	1.6943774	0.023106834	0.8093544299533921	1.6362595571310743	ENSG00000171606.18	ZNF274	False
ENST00000698534	8.146367	0.7060733	2.3989873	1.692914	0.035713233	0.8093544299533921	1.4471708321422039	ENSG00000136631.16	VPS45	False
ENST00000437176	46.029385	1.3709316	3.0617833	1.6908517	0.20910022	0.8093544299533921	0.6796455172544729	ENSG00000140044.13	JDP2	False
ENST00000643029	51.641533	1.6797444	3.3695045	1.6897601	0.27341133	0.8093544299533921	0.563183486838569	ENSG00000257524.6	ENSG00000257524	False
ENST00000678679	220.54654	3.4108646	5.100566	1.6897013	0.28971037	0.8109740254625081	0.5380359551938395	ENSG00000173692.14	PSMD1	False
ENST00000678723	22.914007	1.1994498	2.8888836	1.6894338	0.21516423	0.8093544299533921	0.667229927802442	ENSG00000104218.16	CSPP1	False
ENST00000537553	63.897804	2.5761921	4.2649693	1.6887772	0.10010185	0.8093544299533921	0.999557892152081	ENSG00000110888.19	CAPRIN2	True
ENST00000698441	298.65298	5.0474486	6.7360835	1.6886349	0.18904316	0.8093544299533921	0.7234390219818122	ENSG00000204267.19	TAP2	False
ENST00000308478	72.83598	2.554061	4.242623	1.6885619	0.13138594	0.8093544299533921	0.8814511162485746	ENSG00000173114.13	LRRN3	False
ENST00000512825	42.676918	2.2972457	3.9854796	1.6882339	0.05350072	0.8093544299533921	1.2716403784338877	ENSG00000132517.15	SLC52A1	False
ENST00000682830	84.535545	3.2710602	4.9591455	1.6880853	0.054695036	0.8093544299533921	1.2620520853982025	ENSG00000164241.14	C5orf63	True
ENST00000278951	6.446541	0.37400985	2.0620842	1.6880744	0.013768116	0.8093544299533921	1.8611254832344761	ENSG00000149577.17	SIDT2	False
ENST00000690210	121.39888	3.4673135	5.153197	1.6858833	0.13817699	0.8093544299533921	0.8595642641011866	ENSG00000179295.19	PTPN11	False
ENST00000677454	151.2014	3.8076398	5.4924955	1.6848557	0.092169456	0.8093544299533921	1.035412974916776	ENSG00000144381.18	HSPD1	False
ENST00000457498	25.346256	1.9044791	3.5886793	1.6842002	0.013296831	0.8093544299533921	1.876251837964493	ENSG00000144559.11	TAMM41	False
ENST00000561851	89.54549	2.9539387	4.638104	1.6841652	0.13744824	0.8093544299533921	0.8618608283924146	ENSG00000140367.12	UBE2Q2	False
ENST00000678246	642.8198	5.1752796	6.859379	1.6840992	0.35347077	0.8173803121090482	0.4516464909608754	ENSG00000115053.17	NCL	False
ENST00000593168	13.241922	0.826948	2.510767	1.683819	0.050659813	0.8093544299533921	1.2953364177615916	ENSG00000062716.13	VMP1	False
ENST00000676365	6.536457	0.49108854	2.1738327	1.6827441	0.09914236	0.8093544299533921	1.003740757339532	ENSG00000147224.13	PRPS1	False
ENST00000684689	13.7	1.0053457	2.6867905	1.6814448	0.028445354	0.8093544299533921	1.5459886612040323	ENSG00000147124.13	ZNF41	False
ENST00000452361	21.45029	1.2459818	2.9269786	1.6809968	0.032783765	0.8093544299533921	1.4843411674526346	ENSG00000274049.4	INO80B-WBP1	False
ENST00000262124	27.86352	1.4519116	3.1327634	1.6808518	0.0591155	0.8093544299533921	1.2282986382431949	ENSG00000085415.16	SEH1L	False
ENST00000349937	64.21852	2.2639573	3.944748	1.6807907	0.19078663	0.8093544299533921	0.7194520633713796	ENSG00000148737.18	TCF7L2	False
ENST00000383432	471.48676	4.6097174	6.2902803	1.680563	0.30609673	0.8118754707110037	0.5141413061891095	ENSG00000017797.13	RALBP1	False
ENST00000534269	14.438486	1.159806	2.8403246	1.6805186	0.009906368	0.8093544299533921	2.004085528487095	ENSG00000029363.17	BCLAF1	False
ENST00000637848	70.86305	2.6448536	4.325306	1.6804523	0.23582968	0.8093544299533921	0.6274015361707436	ENSG00000132294.15	EFR3A	False
ENST00000373909	294.42203	4.034506	5.7148848	1.6803789	0.268673	0.8093544299533921	0.5707759709275974	ENSG00000117748.10	RPA2	False
ENST00000692068	204.96548	3.9239082	5.602077	1.6781688	0.20083672	0.8093544299533921	0.6971568841426282	ENSG00000133812.18	SBF2	False
ENST00000334743	220.33765	4.2497997	5.9267864	1.6769867	0.115410544	0.8093544299533921	0.9377545119569727	ENSG00000078304.20	PPP2R5C	False
ENST00000321751	48.42778	1.5874991	3.2640579	1.6765587	0.3025168	0.8118754707110037	0.5192505190626704	ENSG00000175756.14	AURKAIP1	False
ENST00000394258	14.270952	1.4202675	3.0965383	1.6762708	0.020424506	0.8093544299533921	1.689848445259551	ENSG00000166965.13	RCCD1	False
ENST00000478061	23.779457	1.5998106	3.2757623	1.6759517	0.022638122	0.8093544299533921	1.6451596112289002	ENSG00000106344.8	RBM28	False
ENST00000676084	106.42167	3.1033278	4.779157	1.6758294	0.14638047	0.8093544299533921	0.8345168651027902	ENSG00000102445.20	RUBCNL	False
ENST00000461819	5.745796	0.41422024	2.089282	1.6750618	0.019655436	0.8093544299533921	1.706517312018909	ENSG00000160050.16	CCDC28B	False
ENST00000371132	65.65675	1.5536441	3.2284288	1.6747848	0.2891614	0.8109740254625081	0.5388596603569983	ENSG00000124222.23	STX16	False
ENST00000567895	74.53786	2.2072752	3.8816352	1.67436	0.15647542	0.8093544299533921	0.8055538608418382	ENSG00000167515.11	TRAPPC2L	True
ENST00000412264	121.973	1.8220676	3.495634	1.6735665	0.50175446	0.8548764927378353	0.2995087561088355	ENSG00000155657.29	TTN	False
ENST00000710265	168.79471	2.920151	4.592892	1.6727412	0.45878407	0.8478742186373767	0.3383916667766513	ENSG00000171862.16	PTEN	False
ENST00000374864	67.10454	2.809687	4.482218	1.6725309	0.054557472	0.8093544299533921	1.263145757832475	ENSG00000078747.17	ITCH	False
ENST00000324765	70.51506	2.734311	4.40599	1.671679	0.11491531	0.8093544299533921	0.939622101982372	ENSG00000147202.19	DIAPH2	False
ENST00000324666	186.87346	3.9184415	5.5900965	1.6716549	0.2266588	0.8093544299533921	0.6446274029593484	ENSG00000125386.16	FAM193A	False
ENST00000533150	19.8253	1.572008	3.2432647	1.6712567	0.023153681	0.8093544299533921	1.6353799487212164	ENSG00000197165.11	SULT1A2	False
ENST00000521182	33.085854	1.6246763	3.2959025	1.6712261	0.29607162	0.8111088466013822	0.5286032217606567	ENSG00000160932.11	LY6E	True
ENST00000409473	9.213259	0.6348902	2.3061097	1.6712195	0.22855021	0.8093544299533921	0.6410183741984915	ENSG00000138032.21	PPM1B	False
ENST00000464228	20.116405	1.1359096	2.805603	1.6696935	0.050384887	0.8093544299533921	1.2976997148776854	ENSG00000119185.13	ITGB1BP1	True
ENST00000699930	6.578803	0.47176614	2.1405447	1.6687785	0.10434772	0.8093544299533921	0.9815170327497966	ENSG00000122512.17	PMS2	False
ENST00000680462	76.98307	3.0477362	4.71546	1.6677237	0.07009512	0.8093544299533921	1.1543122048975571	ENSG00000118217.7	ATF6	False
ENST00000478953	28.908031	1.864317	3.5306656	1.6663486	0.022583658	0.8093544299533921	1.6462057140251338	ENSG00000171160.18	MORN4	True
ENST00000399686	14.518488	1.1913972	2.8573713	1.6659741	0.01529391	0.8093544299533921	1.8154814650564735	ENSG00000168137.20	SETD5	False
ENST00000436441	373.51685	4.870453	6.5364156	1.6659627	0.20586053	0.8093544299533921	0.6864269232105946	ENSG00000107290.14	SETX	False
ENST00000562465	23.604382	1.5626327	3.228322	1.6656893	0.034169167	0.8093544299533921	1.4663656050473612	ENSG00000140326.13	CDAN1	False
ENST00000355452	30.021662	1.8775321	3.5423002	1.6647681	0.036153667	0.8093544299533921	1.4418476503471729	ENSG00000050555.19	LAMC3	True
ENST00000316586	59.7922	2.683264	4.346401	1.6631372	0.036432225	0.8093544299533921	1.4385143015170743	ENSG00000115694.15	STK25	False
ENST00000373304	113.2054	3.048319	4.7098775	1.6615584	0.16274603	0.8093544299533921	0.7884896044457443	ENSG00000173198.6	CYSLTR1	False
ENST00000597537	18.376995	1.2014004	2.8622015	1.660801	0.03756418	0.8093544299533921	1.4252260779186856	ENSG00000196081.10	ZNF724	False
ENST00000513848	26.230328	0.6587693	2.318018	1.6592486	0.1503138	0.8093544299533921	0.8230011614666682	ENSG00000155329.12	ZCCHC10	False
ENST00000521400	49.51972	2.1246746	3.7832541	1.6585796	0.11101384	0.8093544299533921	0.9546228858338129	ENSG00000120915.14	EPHX2	False
ENST00000649177	182.58383	3.7745667	5.4326363	1.6580696	0.17690566	0.8093544299533921	0.7522582673818096	ENSG00000183578.8	TNFAIP8L3	False
ENST00000373908	8.041119	0.84190434	2.4996865	1.6577821	0.0033111928	0.8093544299533921	2.480015524442666	ENSG00000144591.20	GMPPA	False
ENST00000360252	149.79926	3.305395	4.9630284	1.6576335	0.20092846	0.8093544299533921	0.6969585345635403	ENSG00000102710.21	SUPT20H	False
ENST00000677170	109.129944	3.1425598	4.8001633	1.6576035	0.16530107	0.8093544299533921	0.7817243362205925	ENSG00000065911.13	MTHFD2	False
ENST00000441595	11.123891	0.7797707	2.436702	1.6569314	0.1707136	0.8093544299533921	0.7677318702848501	ENSG00000150054.19	MPP7	False
ENST00000682176	227.25935	4.4678855	6.1245584	1.656673	0.16855416	0.8093544299533921	0.773260532089892	ENSG00000055609.21	KMT2C	False
ENST00000557325	21.046906	1.2542874	2.9107876	1.6565002	0.14659089	0.8093544299533921	0.833893022853516	ENSG00000187097.13	ENTPD5	False
ENST00000236957	14.47659	0.73962045	2.3949742	1.6553538	0.3420498	0.81719736681995	0.46591064989425385	ENSG00000114942.15	EEF1B2	False
ENST00000650171	54.25805	2.434339	4.089526	1.6551871	0.093442686	0.8093544299533921	1.0294546867588112	ENSG00000110713.18	NUP98	False
ENST00000616120	518.1315	5.284891	6.9400344	1.6551433	0.24477927	0.8093544299533921	0.6112253578745104	ENSG00000270629.7	NBPF14	False
ENST00000621070	26.092722	1.1551806	2.8099878	1.6548072	0.29812154	0.8111088466013822	0.5256066414777586	ENSG00000270629.7	NBPF14	False
ENST00000692304	140.07028	3.580345	5.235091	1.6547463	0.12895903	0.8093544299533921	0.8895482424825174	ENSG00000184634.17	MED12	False
ENST00000300038	42.59639	2.4831393	4.137123	1.6539838	0.04423494	0.8093544299533921	1.3542345680742933	ENSG00000151116.17	UEVLD	False
ENST00000368431	78.32875	3.1982117	4.8519206	1.6537089	0.08114153	0.8093544299533921	1.0907567996686565	ENSG00000160688.19	FLAD1	True
ENST00000640069	62.28541	0.86068153	2.5141628	1.6534812	0.3884007	0.8259378738446596	0.4107199919486085	ENSG00000029363.17	BCLAF1	False
ENST00000367742	1354.4888	6.7081895	8.361561	1.6533713	0.3026708	0.8118754707110037	0.5190294658085977	ENSG00000117523.18	PRRC2C	False
ENST00000675591	17.7831	1.3722897	3.0254588	1.6531692	0.21488227	0.8093544299533921	0.667799417804297	ENSG00000114354.15	TFG	False
ENST00000576154	21.83779	1.2554835	2.9083433	1.6528598	0.06323889	0.8093544299533921	1.1990157686346146	ENSG00000121064.13	SCPEP1	False
ENST00000484288	35.305153	1.4206015	3.0730686	1.6524671	0.093252756	0.8093544299533921	1.0303383255429723	ENSG00000168297.16	PXK	False
ENST00000262457	16.358341	1.4802161	3.1322067	1.6519905	0.029349882	0.8093544299533921	1.5323936381727794	ENSG00000119509.13	INVS	False
ENST00000264211	193.09056	4.0626683	5.71432	1.6516519	0.16664502	0.8093544299533921	0.778207659571867	ENSG00000075151.24	EIF4G3	False
ENST00000567786	30.93097	1.7970022	3.4485834	1.6515812	0.021043375	0.8093544299533921	1.6768846026970388	ENSG00000103187.8	COTL1	True
ENST00000536878	10.900755	1.0955733	2.7468743	1.651301	0.015708055	0.8093544299533921	1.8038775771658777	ENSG00000171649.12	ZIK1	False
ENST00000561270	33.701553	1.2000753	2.8513517	1.6512765	0.12138234	0.8093544299533921	0.9158444916447377	ENSG00000134152.11	KATNBL1	False
ENST00000681539	40.55863	1.1770922	2.828135	1.6510428	0.22059463	0.8093544299533921	0.6564050646237574	ENSG00000125875.15	TBC1D20	False
ENST00000558134	54.250957	2.2579772	3.9085884	1.6506112	0.11491932	0.8093544299533921	0.9396069534265464	ENSG00000140612.14	SEC11A	False
ENST00000351677	83.36217	2.2936418	3.9438066	1.6501648	0.1903984	0.8093544299533921	0.7203367167649641	ENSG00000179295.19	PTPN11	False
ENST00000342795	20.69417	1.5983652	3.2479851	1.6496199	0.033698276	0.8093544299533921	1.4723923210726895	ENSG00000003402.21	CFLAR	False
ENST00000515290	17.136553	1.1431528	2.7926435	1.6494907	0.02356064	0.8093544299533921	1.62781292632646	ENSG00000112200.17	ZNF451	True
ENST00000684300	45.060272	2.125562	3.774944	1.6493821	0.073203124	0.8093544299533921	1.1354703840643654	ENSG00000106462.12	EZH2	False
ENST00000601010	34.257164	2.2024083	3.8511863	1.648778	0.053836063	0.8093544299533921	1.2689267109516673	ENSG00000197372.10	ZNF675	False
ENST00000235521	21.899792	1.3222281	2.9697142	1.6474861	0.029405199	0.8093544299533921	1.5315758772879409	ENSG00000116874.12	WARS2	False
ENST00000561302	65.825516	2.6768353	4.323897	1.6470616	0.10191314	0.8093544299533921	0.9917698206585124	ENSG00000169758.13	TMEM266	False
ENST00000706258	25.042967	1.5628237	3.2082007	1.645377	0.24767208	0.8093544299533921	0.6061229468004158	ENSG00000185829.19	ARL17A	False
ENST00000343348	45.439808	2.4482155	4.0933795	1.645164	0.048328847	0.8093544299533921	1.3157935686274231	ENSG00000092421.17	SEMA6A	False
ENST00000458162	72.136284	2.0119815	3.6551228	1.6431413	0.32508102	0.8142173533113395	0.48800838544716396	ENSG00000111224.14	PARP11	False
ENST00000563790	7.604541	0.83296186	2.4757648	1.642803	0.14757803	0.8093544299533921	0.8309782888663155	ENSG00000166503.10	HDGFL3	False
ENST00000532700	20.707058	1.2880225	2.9307451	1.6427226	0.07847475	0.8093544299533921	1.1052700447578272	ENSG00000157106.18	SMG1	False
ENST00000337147	187.69736	3.2687206	4.9109907	1.6422701	0.4715985	0.8496539504698483	0.32642757942163747	ENSG00000092820.19	EZR	False
ENST00000698196	61.279102	2.5629654	4.204984	1.6420188	0.13113421	0.8093544299533921	0.8822839890736982	ENSG00000269713.9	NBPF9	False
ENST00000703224	88.12377	0.9674204	2.6092181	1.6417978	0.4000444	0.8298121044971967	0.39789179226119586	ENSG00000160299.19	PCNT	False
ENST00000637071	6.1971602	0.4646071	2.1060722	1.6414651	0.18705744	0.8093544299533921	0.7280250239646462	ENSG00000186184.20	POLR1D	False
ENST00000696852	69.71826	2.4008706	4.041337	1.6404665	0.111428626	0.8093544299533921	0.9530032250920751	ENSG00000168310.12	IRF2	False
ENST00000280800	26.239126	2.1233706	3.7632942	1.6399236	0.07597418	0.8093544299533921	1.1193339712246204	ENSG00000151176.8	PLBD2	False
ENST00000532001	24.255444	1.6135421	3.2534382	1.6398962	0.0607317	0.8093544299533921	1.216584550844027	ENSG00000184007.22	PTP4A2	True
ENST00000557214	16.464918	0.9837201	2.623401	1.6396809	0.013224817	0.8093544299533921	1.878610332757398	ENSG00000119725.21	ZNF410	True
ENST00000392133	105.3681	3.1797502	4.819176	1.639426	0.20423587	0.8093544299533921	0.6898679873850725	ENSG00000079246.16	XRCC5	False
ENST00000264748	7.4	0.6802628	2.3195074	1.6392446	0.013494826	0.8093544299533921	1.8698327133025712	ENSG00000127418.15	FGFRL1	False
ENST00000231572	128.00671	3.3438947	4.9831343	1.6392395	0.15145399	0.8093544299533921	0.819719290130417	ENSG00000113643.9	RARS1	False
ENST00000703916	79.92223	2.9329615	4.57203	1.6390686	0.146046	0.8093544299533921	0.8355103399828235	ENSG00000010818.11	HIVEP2	False
ENST00000416690	19.597876	1.3833776	3.0223942	1.6390166	0.03834422	0.8093544299533921	1.4163000998669448	ENSG00000119041.11	GTF3C3	True
ENST00000396789	207.37582	4.016551	5.6547146	1.6381636	0.087290645	0.8093544299533921	1.0590322992093135	ENSG00000213903.9	LTB4R	False
ENST00000380725	243.554	5.0211987	6.6590414	1.6378427	0.017877903	0.8093544299533921	1.747683427393628	ENSG00000129757.15	CDKN1C	False
ENST00000464029	40.921906	2.2639713	3.9015825	1.6376112	0.056734797	0.8093544299533921	1.2461504976851892	ENSG00000008282.10	SYPL1	False
ENST00000563290	179.06467	4.227735	5.865219	1.6374841	0.13647924	0.8093544299533921	0.8649333930168563	ENSG00000140386.13	SCAPER	False
ENST00000648180	29.3	1.9823122	3.619625	1.6373129	0.07865714	0.8093544299533921	1.1042618331732104	ENSG00000149260.18	CAPN5	False
ENST00000469000	84.91886	1.6262318	3.263082	1.6368502	0.35728222	0.8177495557578855	0.4469885941415266	ENSG00000164091.12	WDR82	False
ENST00000356714	8.5	0.9322179	2.5683284	1.6361105	0.0066558667	0.8093544299533921	2.176795381446489	ENSG00000106268.16	NUDT1	False
ENST00000626966	58.84301	2.7068565	4.3428526	1.6359961	0.084530294	0.8093544299533921	1.0729876208273947	ENSG00000182621.19	PLCB1	False
ENST00000674617	11.858939	0.40174064	2.0375867	1.635846	0.26545104	0.8093544299533921	0.5760155625251422	ENSG00000166801.17	FAM111A	False
ENST00000714048	8.51127	0.779859	2.4151506	1.6352916	0.0046420214	0.8093544299533921	2.3332928639371358	ENSG00000273079.7	GRIN2B	False
ENST00000508479	35.384365	1.7330164	3.3680243	1.635008	0.035150085	0.8093544299533921	1.4540736248228385	ENSG00000138674.17	SEC31A	False
ENST00000418905	44.611794	2.3109682	3.9450448	1.6340766	0.056341697	0.8093544299533921	1.2491700799136742	ENSG00000177842.12	ZNF620	False
ENST00000514363	15.884401	1.476781	3.1105592	1.6337782	0.016372627	0.8093544299533921	1.7858816414834393	ENSG00000197530.13	MIB2	False
ENST00000635464	11.522504	1.1576422	2.7911038	1.6334616	0.041942034	0.8093544299533921	1.377350512893407	ENSG00000164053.22	ATRIP	False
ENST00000651222	127.298904	3.1967716	4.8302145	1.6334429	0.19028907	0.8093544299533921	0.7205861672651815	ENSG00000133030.22	MPRIP	False
ENST00000677403	111.92446	3.0166752	4.6499186	1.6332433	0.1780553	0.8093544299533921	0.749445091381408	ENSG00000144381.18	HSPD1	False
ENST00000432748	5.197886	0.493029	2.1261125	1.6330835	0.032807287	0.8093544299533921	1.4840296843966934	ENSG00000105879.13	CBLL1	False
ENST00000595142	76.71769	2.1653554	3.7976255	1.6322701	0.20085008	0.8093544299533921	0.697127981383752	ENSG00000099785.11	MARCHF2	False
ENST00000337514	30.270481	1.9899422	3.622159	1.6322168	0.027870724	0.8093544299533921	1.5548517497858043	ENSG00000017427.17	IGF1	False
ENST00000379446	88.55394	2.7514536	4.38318	1.6317265	0.15051408	0.8093544299533921	0.8224228683966296	ENSG00000111859.17	NEDD9	False
ENST00000630479	229.14775	4.204585	5.8353367	1.6307516	0.2096512	0.8093544299533921	0.6785026433744773	ENSG00000151014.6	NOCT	False
ENST00000343854	11.658893	0.48294356	2.1134126	1.6304691	0.032372985	0.8093544299533921	1.4898172535001968	ENSG00000182732.18	RGS6	False
ENST00000367220	385.888	4.904118	6.5335193	1.6294012	0.1792556	0.8093544299533921	0.7465272564617274	ENSG00000074706.14	IPCEF1	False
ENST00000391854	116.19602	3.4634025	5.091873	1.6284707	0.18245156	0.8093544299533921	0.7388524163699349	ENSG00000168243.11	GNG4	True
ENST00000345732	35.23397	0.73479146	2.3616428	1.6268513	0.3688393	0.8194459451468774	0.433162818269123	ENSG00000156738.18	MS4A1	False
ENST00000681063	162.03543	3.5317128	5.158517	1.6268041	0.21050967	0.8093544299533921	0.6767279438653804	ENSG00000117054.15	ACADM	False
ENST00000471389	99.908356	3.3000395	4.9268007	1.6267612	0.12807299	0.8093544299533921	0.8925424446212525	ENSG00000140718.22	FTO	False
ENST00000674490	71.9484	2.4887133	4.1152678	1.6265545	0.11060333	0.8093544299533921	0.9562317873799709	ENSG00000197321.16	SVIL	False
ENST00000695034	86.28953	2.9286594	4.5545373	1.6258779	0.14908868	0.8093544299533921	0.826555328223434	ENSG00000038274.18	MAT2B	False
ENST00000444272	313.81143	5.010982	6.6367826	1.6258006	0.17851697	0.8093544299533921	0.7483204953523852	ENSG00000135316.20	SYNCRIP	False
ENST00000369110	56.29012	2.7452278	4.3704076	1.6251798	0.0379378	0.8093544299533921	1.4209278420651976	ENSG00000085377.15	PREP	False
ENST00000376055	23.252691	1.5920048	3.217146	1.6251411	0.20091824	0.8093544299533921	0.6969806297729436	ENSG00000171552.14	BCL2L1	False
ENST00000395454	270.28513	4.521656	6.1465216	1.6248655	0.17713223	0.8093544299533921	0.7517024000484869	ENSG00000139218.18	SCAF11	True
ENST00000685408	143.72792	3.8244479	5.448442	1.6239941	0.08350954	0.8093544299533921	1.0782638979054109	ENSG00000146282.19	RARS2	False
ENST00000695490	16.627413	1.0306462	2.6540208	1.6233746	0.02642596	0.8093544299533921	1.5779692342418836	ENSG00000132182.13	NUP210	False
ENST00000409223	13.349774	0.81359154	2.4369397	1.6233482	0.010137259	0.8093544299533921	1.9940794562021151	ENSG00000168427.9	KLHL30	False
ENST00000643776	194.38261	3.89497	5.517956	1.6229858	0.25317815	0.8093544299533921	0.5965737788192836	ENSG00000124733.5	MEA1	False
ENST00000471529	15.139783	1.3799859	3.0028062	1.6228203	0.08104286	0.8093544299533921	1.0912852227653997	ENSG00000204531.21	POU5F1	False
ENST00000680940	6.38235	0.21606784	1.8379209	1.6218531	0.22449481	0.8093544299533921	0.648793685387436	ENSG00000113161.17	HMGCR	False
ENST00000644801	31.82463	1.3618575	2.9831228	1.6212653	0.16640551	0.8093544299533921	0.7788322873654326	ENSG00000111642.16	CHD4	False
ENST00000438992	13.4662	1.0664923	2.687648	1.6211557	0.03053081	0.8093544299533921	1.5152616683993583	ENSG00000157036.13	EXOG	True
ENST00000577985	62.44953	2.6637743	4.2848816	1.6211073	0.08439455	0.8093544299533921	1.0736855888442607	ENSG00000196704.14	AMZ2	False
ENST00000604372	10.663307	0.9456615	2.5664215	1.62076	0.009017385	0.8093544299533921	2.0449194063254996	ENSG00000156026.15	MCU	True
ENST00000621676	27.641155	1.8584957	3.478994	1.6204982	0.046277598	0.8093544299533921	1.3346291950821456	ENSG00000160695.16	VPS11	False
ENST00000439395	13.463292	1.0675027	2.6878664	1.6203637	0.18057722	0.8093544299533921	0.7433370407870337	ENSG00000196141.14	SPATS2L	False
ENST00000441435	27.073273	0.95814866	2.5783231	1.6201744	0.26253697	0.8093544299533921	0.5808095267896495	ENSG00000071082.11	RPL31	False
ENST00000580212	5.0	0.2834004	1.9019206	1.6185201	0.019083735	0.8093544299533921	1.719336631821925	ENSG00000167549.19	CORO6	False
ENST00000692959	34.400017	1.7719864	3.3901372	1.6181508	0.02049108	0.8093544299533921	1.688435143530473	ENSG00000132155.14	RAF1	False
ENST00000336976	45.972874	2.1524656	3.7705932	1.6181276	0.08104801	0.8093544299533921	1.0912576345311864	ENSG00000267680.6	ZNF224	False
ENST00000357479	146.44292	3.055502	4.6736107	1.6181087	0.25805706	0.8093544299533921	0.5882842584825962	ENSG00000196792.12	STRN3	False
ENST00000680433	81.01004	2.9132798	4.531035	1.6177552	0.23609816	0.8093544299533921	0.6269074060247153	ENSG00000178607.17	ERN1	False
ENST00000613758	13.59955	0.7233792	2.3410912	1.617712	0.13770844	0.8093544299533921	0.8610394401584734	ENSG00000133678.14	TMEM254	False
ENST00000570928	11.878416	0.843009	2.459857	1.616848	0.029760886	0.8093544299533921	1.526354143955901	ENSG00000262246.6	CORO7	False
ENST00000303735	9.12424	0.9386317	2.5554245	1.6167927	0.024173992	0.8093544299533921	1.6166516303586211	ENSG00000169507.10	SLC38A11	False
ENST00000521288	101.49331	3.4424999	5.059274	1.6167743	0.21023393	0.8093544299533921	0.6772971978158949	ENSG00000198585.12	NUDT16	False
ENST00000393230	34.7781	2.3186314	3.9351	1.6164687	0.019369159	0.8093544299533921	1.7128892381194176	ENSG00000106459.15	NRF1	False
ENST00000620829	30.096691	1.921693	3.5377212	1.6160282	0.05411404	0.8093544299533921	1.2666900417704965	ENSG00000127054.22	INTS11	False
ENST00000597796	17.493856	1.3630214	2.9783251	1.6153038	0.0045014205	0.8093544299533921	2.3466504118159883	ENSG00000197134.13	ZNF257	True
ENST00000584423	88.260376	2.9877856	4.60306	1.6152742	0.1300169	0.8093544299533921	0.8860002159662609	ENSG00000126653.18	NSRP1	True
ENST00000229329	14.247473	0.80261135	2.4177704	1.615159	0.1636781	0.8093544299533921	0.786009438902485	ENSG00000111726.13	CMAS	False
ENST00000413830	21.648325	1.638206	3.253222	1.615016	0.005040272	0.8093544299533921	2.297546014093989	ENSG00000182585.10	EPGN	False
ENST00000375759	765.1093	5.6516876	7.266512	1.6148243	0.26117033	0.8093544299533921	0.5830761660801644	ENSG00000065526.13	SPEN	False
ENST00000236051	110.974144	3.7329624	5.3455515	1.6125891	0.0933887	0.8093544299533921	1.0297056747442923	ENSG00000117395.13	EBNA1BP2	False
ENST00000697912	113.4423	3.0454504	4.6579323	1.6124818	0.110911496	0.8093544299533921	0.9550234368671698	ENSG00000080815.20	PSEN1	True
ENST00000603338	22.201069	1.5380044	3.1504269	1.6124225	0.045328643	0.8093544299533921	1.3436272805289387	ENSG00000182463.17	TSHZ2	False
ENST00000397861	9.2	0.65848476	2.270745	1.6122603	0.023035131	0.8093544299533921	1.6376093061418742	ENSG00000214226.9	C17orf67	True
ENST00000616265	112.48186	3.0507615	4.6627874	1.612026	0.16046573	0.8093544299533921	0.7946176978266866	ENSG00000085871.9	MGST2	False
ENST00000601912	10.0446	0.9767477	2.5879602	1.6112125	0.0049467036	0.8093544299533921	2.305684114994461	ENSG00000105053.11	VRK3	False
ENST00000519365	174.58807	3.7503831	5.3612947	1.6109116	0.23590286	0.8093544299533921	0.6272667924546	ENSG00000104517.13	UBR5	False
ENST00000306494	108.655174	3.372135	4.982938	1.6108029	0.10250058	0.8093544299533921	0.9892736760795603	ENSG00000196600.13	SLC22A25	False
ENST00000322266	31.2	1.2383989	2.8489385	1.6105396	0.23717323	0.8093544299533921	0.6249343328275244	ENSG00000102882.12	MAPK3	False
ENST00000221957	54.543854	1.8358921	3.4460685	1.6101764	0.12818642	0.8093544299533921	0.8921579826369617	ENSG00000105355.9	PLIN3	False
ENST00000561947	61.77358	2.4367096	4.04594	1.6092303	0.0648339	0.8093544299533921	1.1881978409758571	ENSG00000157106.18	SMG1	False
ENST00000489634	18.927881	0.70019525	2.30915	1.6089547	0.17795435	0.8093544299533921	0.7496914013359773	ENSG00000149474.15	KAT14	False
ENST00000401395	112.91933	3.4412591	5.0486746	1.6074154	0.112369895	0.8093544299533921	0.9493500250186756	ENSG00000197077.14	KIAA1671	False
ENST00000274963	22.496365	1.6977344	3.3039486	1.6062143	0.026890272	0.8093544299533921	1.5704048003515032	ENSG00000146192.15	FGD2	False
ENST00000008440	12.96033	1.1994143	2.805508	1.6060936	0.035827298	0.8093544299533921	1.4457859473658123	ENSG00000010072.16	SPRTN	True
ENST00000603986	16.044895	1.370104	2.9759579	1.6058539	0.025088124	0.8093544299533921	1.600531812851125	ENSG00000147144.13	CCDC120	False
ENST00000568717	113.942566	3.1669934	4.7705507	1.6035573	0.2272603	0.8093544299533921	0.6434764119791377	ENSG00000103035.11	PSMD7	True
ENST00000678860	68.722595	2.1776962	3.7802474	1.6025512	0.37407637	0.8216366408512873	0.42703972899939974	ENSG00000147601.15	TERF1	False
ENST00000464434	36.94519	2.0293424	3.6318903	1.6025479	0.069767706	0.8093544299533921	1.1563455560254685	ENSG00000136286.16	MYO1G	False
ENST00000264499	12.841093	1.0493683	2.651764	1.6023957	0.0054667643	0.8093544299533921	2.2622696481917375	ENSG00000138686.10	BBS7	False
ENST00000369797	76.96672	2.549372	4.151535	1.6021631	0.2606163	0.8093544299533921	0.5839984210865841	ENSG00000148843.15	PDCD11	False
ENST00000267068	292.9043	4.560339	6.1623306	1.6019917	0.11039858	0.8093544299533921	0.9570365004261687	ENSG00000244754.9	N4BP2L2	False
ENST00000547650	52.733997	2.9145935	4.5162535	1.60166	0.05829529	0.8093544299533921	1.2343665260521932	ENSG00000076108.12	BAZ2A	False
ENST00000369780	8.9	1.0742724	2.6756186	1.6013463	0.0029003036	0.8093544299533921	2.537556542192738	ENSG00000107954.11	NEURL1	False
ENST00000563235	178.99557	4.3222437	5.92352	1.6012764	0.13390285	0.8093544299533921	0.8732101865706008	ENSG00000157106.18	SMG1	False
ENST00000648771	25.5844	1.4766936	3.0776174	1.6009238	0.06809877	0.8093544299533921	1.1668607412235785	ENSG00000172765.19	TMCC1	False
ENST00000338888	699.5643	5.9125657	7.5127087	1.600143	0.25771737	0.8093544299533921	0.5888563076054101	ENSG00000020633.19	RUNX3	False
ENST00000706227	42.05737	2.5654519	4.165576	1.6001241	0.023966078	0.8093544299533921	1.6204030367234097	ENSG00000165688.14	PMPCA	False
ENST00000644428	1185.1218	6.5914617	8.191565	1.6001029	0.28213575	0.8101884948599599	0.5495418725874439	ENSG00000084754.12	HADHA	False
ENST00000678638	84.66527	2.435075	4.0350523	1.5999773	0.18098767	0.8093544299533921	0.7423510085085615	ENSG00000138398.17	PPIG	False
ENST00000281394	128.44704	3.2145875	4.8138084	1.599221	0.18559408	0.8093544299533921	0.7314358764383773	ENSG00000162869.16	PPP1R21	False
ENST00000426073	76.346565	3.0931714	4.6923056	1.5991342	0.1035342	0.8093544299533921	0.9849161708558886	ENSG00000102606.20	ARHGEF7	False
ENST00000513834	10.190683	1.0193864	2.6183908	1.5990044	0.05547815	0.8093544299533921	1.255878043926957	ENSG00000151718.16	WWC2	False
ENST00000515506	17.631918	0.966873	2.565868	1.598995	0.26455444	0.8093544299533921	0.5774849437337738	ENSG00000138767.14	CNOT6L	False
ENST00000567188	30.618576	1.448791	3.0476203	1.5988293	0.06539783	0.8093544299533921	1.1844366698452862	ENSG00000125107.19	CNOT1	False
ENST00000695520	468.26514	5.3066363	6.9041214	1.5974851	0.20973226	0.8093544299533921	0.678334754460442	ENSG00000169756.17	LIMS1	False
ENST00000703487	43.095528	2.343754	3.941091	1.597337	0.055405222	0.8093544299533921	1.2564493015789604	ENSG00000145216.17	FIP1L1	False
ENST00000637905	5.327662	0.5191622	2.1162653	1.5971031	0.008200169	0.8093544299533921	2.0861772176803863	ENSG00000165023.7	DIRAS2	False
ENST00000695836	43.366554	2.3363423	3.9330268	1.5966845	0.08241275	0.8093544299533921	1.0840055962917268	ENSG00000108021.22	TASOR2	False
ENST00000622252	56.61538	1.8528591	3.4485526	1.5956935	0.12524927	0.8093544299533921	0.9022248083899518	ENSG00000162946.24	DISC1	False
ENST00000683930	15.271832	1.0751678	2.670835	1.5956672	0.014125093	0.8093544299533921	1.8500086875854622	ENSG00000105642.16	KCNN1	False
ENST00000429412	200.7202	4.007597	5.6026006	1.5950036	0.2146634	0.8093544299533921	0.6682419937182299	ENSG00000188738.16	FSIP2	False
ENST00000536202	192.37692	4.1804795	5.775003	1.5945234	0.17998745	0.8093544299533921	0.7447577868503628	ENSG00000160551.12	TAOK1	False
ENST00000581521	7.749301	0.8598655	2.4539194	1.594054	0.07072311	0.8093544299533921	1.1504386562391922	ENSG00000167733.14	HSD11B1L	False
ENST00000704345	66.50209	2.4768198	4.070529	1.5937092	0.19186287	0.8093544299533921	0.7170090717947485	ENSG00000127616.22	SMARCA4	False
ENST00000439383	84.12492	2.8909767	4.484241	1.5932643	0.16873671	0.8093544299533921	0.7727904200014692	ENSG00000175166.17	PSMD2	False
ENST00000432901	18.562487	0.85497	2.4479122	1.5929422	0.09639187	0.8093544299533921	1.0159595872638156	ENSG00000232838.4	PET117	False
ENST00000585842	19.013935	1.633945	3.2266634	1.5927184	0.091277964	0.8093544299533921	1.039634053668576	ENSG00000105258.9	POLR2I	True
ENST00000543189	39.772034	2.1602066	3.752169	1.5919623	0.100260355	0.8093544299533921	0.9988707638042388	ENSG00000171681.13	ATF7IP	False
ENST00000471191	13.181381	1.2749654	2.8669183	1.5919529	0.031293083	0.8093544299533921	1.5045516482234382	ENSG00000003400.16	CASP10	False
ENST00000551116	17.600763	0.63911206	2.2309854	1.5918734	0.1322321	0.8093544299533921	0.8786631056566259	ENSG00000175197.13	DDIT3	False
ENST00000389054	358.8571	5.023598	6.6151485	1.5915504	0.18853682	0.8093544299533921	0.724603815881141	ENSG00000131504.18	DIAPH1	False
ENST00000476899	4.374681	0.3011041	1.891731	1.590627	0.09329222	0.8093544299533921	1.0301545656015942	ENSG00000174891.14	RSRC1	False
ENST00000377365	24.722338	1.7403008	3.330666	1.5903653	0.040148444	0.8093544299533921	1.3963312765261848	ENSG00000204767.4	INSYN2B	False
ENST00000225308	1079.831	6.4380703	8.0280695	1.5899992	0.31039485	0.8118754707110037	0.5080854883761737	ENSG00000013306.16	SLC25A39	False
ENST00000357460	30.47672	2.232531	3.8224735	1.5899425	0.037926454	0.8093544299533921	1.421057759408436	ENSG00000290292.10	HOMEZ	False
ENST00000326597	21.647718	1.7588129	3.3483193	1.5895064	0.03755605	0.8093544299533921	1.4253201089633412	ENSG00000100083.20	GGA1	False
ENST00000377627	55.796967	2.6088274	4.1981764	1.589349	0.100566655	0.8093544299533921	0.9975459932106404	ENSG00000041988.16	THAP3	False
ENST00000704533	150.77974	3.7829702	5.3722477	1.5892775	0.14409731	0.8093544299533921	0.8413441165935849	ENSG00000144815.18	NXPE3	True
ENST00000498165	51.380333	2.6749957	4.263277	1.5882814	0.045508627	0.8093544299533921	1.3419062684517233	ENSG00000163590.14	PPM1L	False
ENST00000650819	6.2306633	0.5320104	2.1201134	1.588103	0.0075257663	0.8093544299533921	2.1234492739157473	ENSG00000157168.22	NRG1	False
ENST00000617010	96.6624	1.9886203	3.575364	1.5867438	0.20709603	0.8093544299533921	0.6838282361433493	ENSG00000271425.9	NBPF10	False
ENST00000613460	23.79778	1.6914873	3.277963	1.5864756	0.044270847	0.8093544299533921	1.3538821689913239	ENSG00000132677.13	RHBG	True
ENST00000300976	65.761734	3.0877645	4.6727185	1.584954	0.06150099	0.8093544299533921	1.2111179009620214	ENSG00000167487.12	KLHL26	False
ENST00000419821	1012.6247	7.1212564	8.706186	1.58493	0.020941302	0.8093544299533921	1.6789963163471895	ENSG00000135090.14	TAOK3	False
ENST00000714372	515.70374	3.5543568	5.1387787	1.5844219	0.53077704	0.8648242843919811	0.2750878741600801	ENSG00000166888.13	STAT6	False
ENST00000683371	22.97199	1.6622299	3.2464108	1.584181	0.054052524	0.8093544299533921	1.2671840195582746	ENSG00000133835.18	HSD17B4	False
ENST00000591960	9.44652	0.90264416	2.4859533	1.5833092	0.010142202	0.8093544299533921	1.9938677628917567	ENSG00000160439.16	RDH13	True
ENST00000525566	83.40456	2.7467773	4.3290815	1.5823042	0.1417689	0.8093544299533921	0.8484190225825244	ENSG00000198431.18	TXNRD1	False
ENST00000609799	23.649082	1.690683	3.2727742	1.5820912	0.04235429	0.8093544299533921	1.3731025998129296	ENSG00000133424.22	LARGE1	False
ENST00000360515	201.51877	2.9156039	4.4976645	1.5820606	0.46518224	0.8492019855291293	0.33237686991571896	ENSG00000158985.14	CDC42SE2	True
ENST00000680917	32.86084	2.1134474	3.6950216	1.5815742	0.06763325	0.8093544299533921	1.1698397500799806	ENSG00000137628.18	DDX60	False
ENST00000696811	298.47052	3.913657	5.495159	1.5815022	0.36118284	0.8185742609699567	0.4422728930328147	ENSG00000182670.14	TTC3	False
ENST00000429584	4.2	0.14406592	1.7253029	1.5812371	0.025550017	0.8093544299533921	1.592608804299558	ENSG00000230797.3	YY2	False
ENST00000402163	8.632978	0.23925234	1.8202671	1.5810148	0.21962549	0.8093544299533921	0.6583172606597617	ENSG00000114439.19	BBX	False
ENST00000469139	23.435484	1.4159101	2.995706	1.579796	0.037723325	0.8093544299533921	1.4233900325494722	ENSG00000173402.13	DAG1	False
ENST00000645032	43.235077	2.0481837	3.6276317	1.579448	0.067263365	0.8093544299533921	1.1722214112707003	ENSG00000156313.15	RPGR	False
ENST00000264833	8.249521	0.32952118	1.9080279	1.5785067	0.10151797	0.8093544299533921	0.9934570842489947	ENSG00000105088.9	OLFM2	False
ENST00000410020	28.828426	1.4286855	3.0071135	1.5784279	0.09119966	0.8093544299533921	1.0400067864165075	ENSG00000135636.16	DYSF	False
ENST00000484457	60.575603	2.8133657	4.3915024	1.5781367	0.05064579	0.8093544299533921	1.295456641596153	ENSG00000153558.17	FBXL2	False
ENST00000380009	33.742016	1.8872114	3.4653037	1.5780922	0.064653926	0.8093544299533921	1.189405100889589	ENSG00000164291.17	ARSK	False
ENST00000680724	83.22373	3.1854975	4.7629786	1.577481	0.10021657	0.8093544299533921	0.9990604762118522	ENSG00000100749.9	VRK1	False
ENST00000510663	103.116776	2.8637135	4.4410887	1.5773752	0.180985	0.8093544299533921	0.7423574089755762	ENSG00000174780.17	SRP72	False
ENST00000531813	85.734856	3.0188525	4.595719	1.5768664	0.0800432	0.8093544299533921	1.0966755753086468	ENSG00000075239.14	ACAT1	False
ENST00000417564	190.09187	3.9531105	5.529358	1.5762475	0.13869852	0.8093544299533921	0.857928178493413	ENSG00000160305.18	DIP2A	False
ENST00000437502	51.342247	2.261306	3.8365626	1.5752566	0.10601638	0.8093544299533921	0.9746270185825546	ENSG00000183955.14	KMT5A	False
ENST00000304457	62.400745	2.4838674	4.0590143	1.5751469	0.12097727	0.8093544299533921	0.9172962286373723	ENSG00000171824.14	EXOSC10	False
ENST00000687381	761.7896	6.2657294	7.8399	1.5741706	0.28056526	0.8093544299533921	0.5519661021058664	ENSG00000116754.14	SRSF11	True
ENST00000300456	15.8	1.1253661	2.6995246	1.5741585	0.03378871	0.8093544299533921	1.4712283778898119	ENSG00000167114.13	SLC27A4	False
ENST00000596288	43.250317	2.318689	3.8909192	1.5722301	0.07392339	0.8093544299533921	1.1312181451090393	ENSG00000112118.20	MCM3	False
ENST00000306071	43.316246	2.1474838	3.71961	1.5721262	0.074203365	0.8093544299533921	1.1295764023647072	ENSG00000170175.11	CHRNB1	False
ENST00000309027	75.60478	3.0110502	4.5824986	1.5714483	0.09746152	0.8093544299533921	1.011166812445719	ENSG00000173905.9	GOLIM4	False
ENST00000251535	16.6	0.7868192	2.35804	1.5712209	0.051300593	0.8093544299533921	1.2898776170761153	ENSG00000108839.12	ALOX12	False
ENST00000398145	18.218155	1.2350498	2.8061237	1.5710739	0.036518786	0.8093544299533921	1.4374836670011901	ENSG00000100099.22	HPS4	False
ENST00000375224	49.215	2.579511	4.1504207	1.5709097	0.12908533	0.8093544299533921	0.8891231034032172	ENSG00000127481.15	UBR4	False
ENST00000641419	508.20248	5.3086796	6.879488	1.5708084	0.19426116	0.8093544299533921	0.7116140145066046	ENSG00000186723.4	OR10H1	False
ENST00000563525	25.7	1.6262536	3.1965187	1.570265	0.07769904	0.8093544299533921	1.1095843310654538	ENSG00000103404.15	USP31	True
ENST00000699227	8.23246	0.488435	2.0586908	1.5702558	0.1436885	0.8093544299533921	0.8425779891230978	ENSG00000100099.22	HPS4	False
ENST00000347934	85.08559	2.263311	3.8328812	1.5695703	0.44123182	0.8446156514523803	0.35533317834339695	ENSG00000095787.26	WAC	False
ENST00000508628	293.65778	4.87261	6.442153	1.5695429	0.2099842	0.8093544299533921	0.6778133856816498	ENSG00000173821.20	RNF213	False
ENST00000357977	17.42712	1.1372577	2.7059338	1.5686761	0.18807304	0.8093544299533921	0.7256734576602503	ENSG00000162599.18	NFIA	True
ENST00000376083	68.40979	1.9224811	3.4906425	1.5681615	0.38619557	0.8245026371471442	0.4131927120053301	ENSG00000135049.16	AGTPBP1	False
ENST00000343762	13.959091	0.6122348	2.1802635	1.5680287	0.12709981	0.8093544299533921	0.8958550917280537	ENSG00000153046.18	CDYL	False
ENST00000693452	29.42677	0.6725974	2.2397954	1.567198	0.3509254	0.8172002775093227	0.45478521377351827	ENSG00000102081.16	FMR1	False
ENST00000595231	64.412186	2.4972117	4.063775	1.5665634	0.18843439	0.8093544299533921	0.7248398287961036	ENSG00000104852.15	SNRNP70	False
ENST00000381153	35.572407	2.3042471	3.870799	1.5665519	0.068405665	0.8093544299533921	1.1649079278862053	ENSG00000110665.12	C11orf21	False
ENST00000614907	89.09637	3.1191826	4.685712	1.5665293	0.12978111	0.8093544299533921	0.8867885087571505	ENSG00000273540.5	AGBL1	False
ENST00000700129	116.765114	3.246774	4.8129635	1.5661895	0.19055934	0.8093544299533921	0.719969754326735	ENSG00000225190.12	PLEKHM1	False
ENST00000684739	122.347824	3.4763775	5.040764	1.5643864	0.118803374	0.8093544299533921	0.9251712235587438	ENSG00000171798.19	KNDC1	False
ENST00000529487	53.263012	2.8650339	4.4290595	1.5640256	0.018921485	0.8093544299533921	1.723044778286493	ENSG00000197816.16	CCDC180	False
ENST00000563197	20.772774	1.4973217	3.06037	1.5630482	0.0349585	0.8093544299533921	1.4564472051972763	ENSG00000169592.15	INO80E	False
ENST00000394853	308.11057	3.7510633	5.3135457	1.5624824	0.30080467	0.8118754707110037	0.5217154189173637	ENSG00000138814.17	PPP3CA	False
ENST00000455667	477.6337	5.4912763	7.052949	1.5616727	0.23569839	0.8093544299533921	0.6276433895069145	ENSG00000197111.16	PCBP2	False
ENST00000636445	33.72218	1.8087153	3.3702493	1.5615339	0.12811221	0.8093544299533921	0.8924094707645523	ENSG00000169554.23	ZEB2	False
ENST00000699309	26.18862	1.4141407	2.9753551	1.5612144	0.059347745	0.8093544299533921	1.2265957777902152	ENSG00000116044.17	NFE2L2	False
ENST00000281273	88.28095	2.762373	4.3232217	1.5608487	0.16247688	0.8093544299533921	0.789208422912985	ENSG00000151576.10	QTRT2	False
ENST00000508369	30.52583	0.7037218	2.2636485	1.5599267	0.34384504	0.81719736681995	0.4636372365167827	ENSG00000138640.15	FAM13A	False
ENST00000356641	76.370384	2.7506666	4.3096104	1.5589437	0.24479364	0.8093544299533921	0.6111998723208426	ENSG00000196914.9	ARHGEF12	False
ENST00000456829	19.2	1.645677	3.2039897	1.5583128	0.043617874	0.8093544299533921	1.360335502577233	ENSG00000110002.16	VWA5A	False
ENST00000531830	10.20075	0.9507217	2.5087638	1.558042	0.012779882	0.8093544299533921	1.8934731500748045	ENSG00000064309.16	CDON	False
ENST00000471681	75.387085	2.8884828	4.4464736	1.5579908	0.111650206	0.8093544299533921	0.9521404707194812	ENSG00000180376.17	CCDC66	False
ENST00000376099	88.362656	3.0776777	4.6342936	1.5566158	0.19267735	0.8093544299533921	0.7151693380001188	ENSG00000204482.11	LST1	False
ENST00000613537	61.519287	2.9736164	4.5299006	1.5562842	0.04319918	0.8093544299533921	1.3645244811659976	ENSG00000011007.13	ELOA	False
ENST00000706131	15.376436	1.0801829	2.6364164	1.5562335	0.03892661	0.8093544299533921	1.4097534287330036	ENSG00000151789.13	ZNF385D	False
ENST00000425752	73.70901	3.202693	4.7588844	1.5561914	0.053192306	0.8093544299533921	1.2741511791480142	ENSG00000177119.17	ANO6	False
ENST00000492957	131.93875	3.533169	5.089163	1.5559938	0.15853162	0.8093544299533921	0.7998840993836954	ENSG00000117020.19	AKT3	False
ENST00000285873	32.9	1.8305784	3.3864927	1.5559143	0.05417768	0.8093544299533921	1.26617960333233	ENSG00000082516.9	GEMIN5	False
ENST00000344256	109.78738	2.73471	4.290254	1.5555441	0.43937328	0.8437544645597863	0.3571663532255691	ENSG00000101224.18	CDC25B	False
ENST00000578519	95.63145	3.3876925	4.9429092	1.5552168	0.08492194	0.8093544299533921	1.0709800872104287	ENSG00000182628.13	SKA2	True
ENST00000395473	14.860998	0.86567754	2.4203515	1.5546739	0.18170671	0.8093544299533921	0.7406290309821093	ENSG00000168961.17	LGALS9	False
ENST00000453960	243.20166	4.4398866	5.9939013	1.5540147	0.16120969	0.8093544299533921	0.7926088636430639	ENSG00000169057.26	MECP2	False
ENST00000318160	34.26622	1.900878	3.4548497	1.5539718	0.048824538	0.8093544299533921	1.311361861556003	ENSG00000180875.5	GREM2	True
ENST00000401707	19.080212	1.4642935	3.0181727	1.5538793	0.045736127	0.8093544299533921	1.339740618626085	ENSG00000104356.11	POP1	False
ENST00000381322	22.307571	1.5534493	3.107223	1.5537738	0.030519519	0.8093544299533921	1.5154223153027078	ENSG00000134852.15	CLOCK	False
ENST00000551312	9.705918	0.5710459	2.1239114	1.5528655	0.13251455	0.8093544299533921	0.8777364296934932	ENSG00000214265.11	ENSG00000214265	False
ENST00000261326	85.64903	3.2171755	4.769645	1.5524697	0.078102306	0.8093544299533921	1.1073361458303776	ENSG00000075643.6	MOCOS	False
ENST00000504764	234.86943	3.9230413	5.475192	1.5521507	0.29589397	0.8111088466013822	0.5288638893830008	ENSG00000248672.5	LY75-CD302	False
ENST00000216341	32.0718	1.856872	3.408938	1.552066	0.08611083	0.8093544299533921	1.0649422231483003	ENSG00000100453.14	GZMB	False
ENST00000254579	23.291546	1.5999527	3.1515632	1.5516105	0.0448503	0.8093544299533921	1.3482346379908416	ENSG00000179532.13	DNHD1	False
ENST00000523662	102.89928	3.8890603	5.4386916	1.5496314	0.12948345	0.8093544299533921	0.8877857494391931	ENSG00000170234.13	PWWP2A	False
ENST00000541152	38.14799	2.202328	3.7519078	1.5495799	0.091922276	0.8093544299533921	1.0365792323475738	ENSG00000184640.20	SEPTIN9	False
ENST00000647622	42.18095	1.6762954	3.2253711	1.5490757	0.13644372	0.8093544299533921	0.8650464508339248	ENSG00000151694.15	ADAM17	False
ENST00000629303	22.647877	1.2648197	2.8129888	1.548169	0.02951784	0.8093544299533921	1.5299154169163913	ENSG00000077721.17	UBE2A	False
ENST00000265728	39.32913	2.2396345	3.7877862	1.5481517	0.04118864	0.8093544299533921	1.3852225618522545	ENSG00000006634.8	DBF4	False
ENST00000388715	16.378708	1.489296	3.0366282	1.5473323	0.014727389	0.8093544299533921	1.831874228874027	ENSG00000180316.13	PNPLA1	False
ENST00000372269	191.20457	4.14434	5.6913595	1.5470195	0.15167618	0.8093544299533921	0.8190826234642997	ENSG00000126882.14	FAM78A	False
ENST00000372577	22.6	1.3120953	2.8581705	1.5460752	0.045773692	0.8093544299533921	1.3393840529017937	ENSG00000095319.14	NUP188	False
ENST00000591308	35.46079	2.1864867	3.732102	1.5456152	0.033184562	0.8093544299533921	1.4790639117881206	ENSG00000189042.14	ZNF567	True
ENST00000294064	31.862768	2.1161625	3.661109	1.5449464	0.05854027	0.8093544299533921	1.2325452808250876	ENSG00000162139.10	NEU3	False
ENST00000678562	9.321481	0.4753113	2.0199456	1.5446343	0.32214993	0.8132758769142434	0.4919419554709658	ENSG00000130414.13	NDUFA10	False
ENST00000562324	101.90529	3.0885155	4.6319337	1.5434182	0.20880195	0.8093544299533921	0.680265439409826	ENSG00000172775.18	PSME3IP1	False
ENST00000641904	46.26886	2.3988283	3.941886	1.5430577	0.055708315	0.8093544299533921	1.2540799756317547	ENSG00000176253.4	OR4K13	False
ENST00000564084	49.95716	2.2274158	3.7703288	1.542913	0.09308282	0.8093544299533921	1.0311304546330284	ENSG00000087253.13	LPCAT2	False
ENST00000695798	36.591454	2.0570352	3.5999303	1.5428951	0.048075728	0.8093544299533921	1.3180741295457028	ENSG00000070831.18	CDC42	False
ENST00000410080	128.00842	2.6047008	4.147096	1.5423954	0.26618838	0.8093544299533921	0.5748109017712044	ENSG00000196504.21	PRPF40A	False
ENST00000648983	45.520275	2.278352	3.8203785	1.5420265	0.074937634	0.8093544299533921	1.1253000219855995	ENSG00000116205.14	TCEANC2	False
ENST00000361723	53.77245	1.9840418	3.525432	1.5413903	0.33868247	0.8165573104081602	0.4702072781238922	ENSG00000166801.17	FAM111A	False
ENST00000415920	21.241606	1.6220417	3.1632576	1.5412159	0.042073663	0.8093544299533921	1.375989672623228	ENSG00000214078.13	CPNE1	False
ENST00000282728	22.4336	0.54393476	2.0846772	1.5407424	0.3062661	0.8118754707110037	0.5139010728599837	ENSG00000152804.11	HHEX	False
ENST00000465581	51.189323	2.2359998	3.7765884	1.5405886	0.14883187	0.8093544299533921	0.827304049453389	ENSG00000051382.9	PIK3CB	False
ENST00000649557	76.79053	3.1067088	4.647241	1.5405324	0.06910161	0.8093544299533921	1.1605118383352846	ENSG00000188938.17	FAM120AOS	False
ENST00000502704	22.20748	1.9810525	3.5214815	1.540429	0.01991064	0.8093544299533921	1.700914798450677	ENSG00000137177.20	KIF13A	False
ENST00000680794	55.82798	2.5039754	4.0443187	1.5403433	0.12296078	0.8093544299533921	0.9102333780511187	ENSG00000135297.17	MTO1	False
ENST00000555330	12.182171	0.80653495	2.3457072	1.5391722	0.037944417	0.8093544299533921	1.4208521104237863	ENSG00000119682.18	AREL1	False
ENST00000526280	40.6481	2.2952702	3.8339393	1.5386691	0.13272725	0.8093544299533921	0.8770399022445678	ENSG00000166311.10	SMPD1	False
ENST00000331536	146.79077	3.38955	4.9281254	1.5385754	0.22071666	0.8093544299533921	0.656164893788292	ENSG00000005469.12	CROT	False
ENST00000546369	681.1183	5.5254707	7.0638175	1.5383468	0.27277154	0.8093544299533921	0.564200948666385	ENSG00000058272.19	PPP1R12A	False
ENST00000309428	34.851124	2.1124368	3.6500363	1.5375996	0.0724287	0.8093544299533921	1.1400892899087072	ENSG00000141699.11	RETREG3	False
ENST00000264230	24.5	1.8700795	3.4073932	1.5373137	0.048878	0.8093544299533921	1.3108865801804013	ENSG00000084092.7	NOA1	False
ENST00000392595	20.422848	1.4855982	3.022764	1.5371658	0.07816447	0.8093544299533921	1.1069905948872114	ENSG00000151500.15	THYN1	False
ENST00000556347	49.13804	2.3487332	3.885875	1.5371418	0.14625444	0.8093544299533921	0.8348909550187953	ENSG00000258989.1	ENSG00000258989	False
ENST00000434701	15.4	1.3503579	2.8874416	1.5370837	0.038933367	0.8093544299533921	1.4096780415613313	ENSG00000155287.12	SLC25A28	False
ENST00000377031	60.5749	2.6226058	4.1596537	1.5370479	0.07656862	0.8093544299533921	1.1159491891262425	ENSG00000155621.15	C9orf85	False
ENST00000650645	10.89773	0.8498635	2.3863358	1.5364723	0.03516635	0.8093544299533921	1.4538727149262656	ENSG00000119714.11	GPR68	False
ENST00000216540	7.9	0.42953697	1.965746	1.5362091	0.0077644116	0.8093544299533921	2.1098914488736504	ENSG00000100652.5	SLC10A1	False
ENST00000601320	15.4	0.99105793	2.5271077	1.5360498	0.019695302	0.8093544299533921	1.705637345106034	ENSG00000178150.10	ZNF114	False
ENST00000391878	80.20729	2.284608	3.8202767	1.5356688	0.24843006	0.8093544299533921	0.6047958586155834	ENSG00000143514.18	TP53BP2	False
ENST00000256398	11.20528	0.68892044	2.224494	1.5355735	0.34464	0.81719736681995	0.4626343350745965	ENSG00000134014.18	ELP3	False
ENST00000261622	11.920767	1.1565877	2.6920376	1.5354499	0.014927621	0.8093544299533921	1.82600939985084	ENSG00000103257.9	SLC7A5	False
ENST00000394976	75.0613	2.931548	4.466092	1.534544	0.07219968	0.8093544299533921	1.1414647278200456	ENSG00000181904.9	C5orf24	False
ENST00000262348	99.19198	2.9088583	4.443084	1.5342255	0.17984605	0.8093544299533921	0.7450991002220478	ENSG00000116729.14	WLS	False
ENST00000397691	7.0301604	0.66631967	2.2000632	1.5337436	0.19050589	0.8093544299533921	0.720091587756503	ENSG00000182362.14	YBEY	False
ENST00000366630	21.828142	1.5673128	3.1002965	1.5329837	0.32919362	0.8142173533113395	0.48254858783347204	ENSG00000116991.12	SIPA1L2	False
ENST00000424340	39.10175	2.3637424	3.8966827	1.5329404	0.05873617	0.8093544299533921	1.2310943642267635	ENSG00000243716.12	NPIPB5	False
ENST00000394224	34.0	1.9695753	3.5022712	1.5326959	0.14713256	0.8093544299533921	0.8322912067505691	ENSG00000213445.10	SIPA1	False
ENST00000671937	56.780895	2.4250407	3.9576569	1.5326161	0.109407835	0.8093544299533921	0.9609515770069802	ENSG00000144218.21	AFF3	True
ENST00000422003	19.110056	1.4132	2.9455943	1.5323943	0.038008682	0.8093544299533921	1.420117184945417	ENSG00000154114.13	TBCEL	False
ENST00000481551	56.83552	2.330697	3.8629935	1.5322964	0.13731106	0.8093544299533921	0.8622944920583712	ENSG00000127993.16	RBM48	False
ENST00000418871	47.290558	1.5351366	3.067296	1.5321594	0.2721015	0.8093544299533921	0.5652690773645942	ENSG00000170949.18	ZNF160	False
ENST00000455971	18.582205	1.8101001	3.3416748	1.5315747	0.029587416	0.8093544299533921	1.5288929623609446	ENSG00000166105.16	GLB1L3	False
ENST00000652466	165.14453	4.0687203	5.5998974	1.531177	0.12875539	0.8093544299533921	0.8902345791569386	ENSG00000111328.7	CDK2AP1	False
ENST00000337907	58.452515	2.6785228	4.2091103	1.5305874	0.18535462	0.8093544299533921	0.731996584113539	ENSG00000142599.20	RERE	False
ENST00000493962	131.5756	3.6637115	5.1940546	1.530343	0.16942841	0.8093544299533921	0.7710137695269639	ENSG00000138081.22	FBXO11	False
ENST00000246529	97.5	2.8747094	4.4049897	1.5302804	0.16580196	0.8093544299533921	0.7804103470203544	ENSG00000126243.9	LRFN3	False
ENST00000422252	63.72179	2.8547802	4.3847814	1.5300012	0.07575455	0.8093544299533921	1.1205912596187428	ENSG00000183172.9	SMDT1	False
ENST00000441801	20.754328	1.1216351	2.6505017	1.5288666	0.22475335	0.8093544299533921	0.6482938262504815	ENSG00000162458.13	FBLIM1	False
ENST00000405673	204.09552	4.0523643	5.580621	1.5282564	0.18852037	0.8093544299533921	0.724641712133283	ENSG00000100376.12	FAM118A	False
ENST00000378279	69.30003	2.8864079	4.4144306	1.5280228	0.119433776	0.8093544299533921	0.9228728385487862	ENSG00000205002.4	AARD	False
ENST00000684517	33.912514	2.2999847	3.827768	1.5277834	0.05765081	0.8093544299533921	1.2391945996640183	ENSG00000136068.16	FLNB	False
ENST00000374541	13.358165	1.1000869	2.6265464	1.5264595	0.24968629	0.8093544299533921	0.6026053108395336	ENSG00000070159.14	PTPN3	False
ENST00000684029	55.141243	2.644028	4.170367	1.5263388	0.03396237	0.8093544299533921	1.469002024181636	ENSG00000149311.22	ATM	False
ENST00000512052	68.38216	2.6477373	4.1740685	1.5263312	0.21791771	0.8093544299533921	0.6617074724687783	ENSG00000158987.22	RAPGEF6	False
ENST00000514478	39.3	2.2374802	3.7633355	1.5258553	0.09802621	0.8093544299533921	1.0086577945142172	ENSG00000181789.14	COPG1	True
ENST00000388882	175.22299	3.840995	5.366563	1.5255678	0.21290454	0.8093544299533921	0.6718150720431808	ENSG00000145779.8	TNFAIP8	False
ENST00000681021	92.49103	3.5518026	5.077203	1.5254002	0.021475224	0.8093544299533921	1.6680623010619178	ENSG00000124198.10	ARFGEF2	False
ENST00000315289	9.862984	1.1523762	2.677512	1.5251358	0.02270937	0.8093544299533921	1.6437949202599293	ENSG00000182010.11	RTKN2	False
ENST00000257829	147.02222	4.2145467	5.7395096	1.5249629	0.11223568	0.8093544299533921	0.9498690569799564	ENSG00000135372.10	NAT10	False
ENST00000637318	39.38405	1.9154478	3.4398575	1.5244097	0.12889916	0.8093544299533921	0.8897499227623102	ENSG00000181090.21	EHMT1	True
ENST00000507539	46.703777	2.5298102	4.0541315	1.5243213	0.06584476	0.8093544299533921	1.1814787852898372	ENSG00000153071.15	DAB2	False
ENST00000577790	25.850449	1.7142526	3.2381797	1.5239271	0.042625006	0.8093544299533921	1.3703355439297813	ENSG00000167524.17	RSKR	False
ENST00000247470	172.73683	3.5736501	5.0974836	1.5238335	0.2478498	0.8093544299533921	0.60581141469174	ENSG00000103490.14	PYCARD	False
ENST00000274024	51.14837	2.555934	4.0795584	1.5236244	0.14931028	0.8093544299533921	0.8259103019974886	ENSG00000145384.4	FABP2	False
ENST00000461597	12.600372	0.77766484	2.301126	1.5234611	0.08080499	0.8093544299533921	1.0925618259062784	ENSG00000198715.13	GLMP	False
ENST00000413728	16.65216	0.51714617	2.0398698	1.5227237	0.30048978	0.8118754707110037	0.5221702895097866	ENSG00000163947.12	ARHGEF3	False
ENST00000358654	119.73836	3.3979566	4.9206767	1.5227201	0.17845328	0.8093544299533921	0.7484754615289686	ENSG00000258555.6	SPECC1L-ADORA2A	False
ENST00000674900	259.78033	4.814717	6.3373485	1.5226316	0.07695564	0.8093544299533921	1.1137595522945256	ENSG00000072864.16	NDE1	False
ENST00000650094	473.9664	5.541185	7.062897	1.5217123	0.24980928	0.8093544299533921	0.6023914322774038	ENSG00000129003.19	VPS13C	False
ENST00000528492	22.972118	1.670681	3.1920896	1.5214086	0.038909357	0.8093544299533921	1.409945945649625	ENSG00000110717.13	NDUFS8	True
ENST00000577886	16.147472	0.81287974	2.3333652	1.5204854	0.07981873	0.8093544299533921	1.0978951700575816	ENSG00000221926.13	TRIM16	False
ENST00000676158	43.55818	2.1957428	3.7160292	1.5202863	0.07992483	0.8093544299533921	1.0973182825797683	ENSG00000109654.16	TRIM2	False
ENST00000544883	62.865833	2.9195967	4.439706	1.5201092	0.06369538	0.8093544299533921	1.1958920766231058	ENSG00000184162.15	NR2C2AP	True
ENST00000457880	65.477005	2.8329678	4.352664	1.5196962	0.15737714	0.8093544299533921	0.8030583548411652	ENSG00000162623.16	TYW3	False
ENST00000562220	99.41224	3.3682423	4.887616	1.5193739	0.06747186	0.8093544299533921	1.1708773056239337	ENSG00000250120.8	PCDHA10	False
ENST00000514929	13.342992	1.1611964	2.6803052	1.5191089	0.028165234	0.8093544299533921	1.5502866323469726	ENSG00000159210.10	SNF8	False
ENST00000504432	35.060513	1.8007846	3.3198671	1.5190825	0.038815647	0.8093544299533921	1.4109931663182373	ENSG00000151247.13	EIF4E	False
ENST00000312371	20.343248	1.713119	3.231279	1.5181599	0.05305463	0.8093544299533921	1.2752767036726915	ENSG00000174945.14	AMZ1	False
ENST00000699168	49.63966	2.4790828	3.995861	1.5167782	0.15327685	0.8093544299533921	0.814523445244859	ENSG00000128789.22	PSMG2	False
ENST00000469430	58.01568	1.8647747	3.381549	1.5167742	0.33366355	0.8151257885629049	0.4766912299519719	ENSG00000102786.15	INTS6	False
ENST00000676310	18.934473	1.379993	2.896237	1.5162439	0.05620148	0.8093544299533921	1.2502522451023785	ENSG00000106692.15	FKTN	False
ENST00000371837	22.007769	0.76407367	2.280105	1.5160315	0.36678886	0.818999162668339	0.4355838581650832	ENSG00000107798.18	LIPA	False
ENST00000253669	5.2126517	0.44287577	1.9586008	1.515725	0.084199555	0.8093544299533921	1.0746902026426666	ENSG00000131351.15	HAUS8	False
ENST00000371980	97.99346	3.3815715	4.8971877	1.5156162	0.09350126	0.8093544299533921	1.0291825256491702	ENSG00000171357.6	LURAP1	False
ENST00000346618	60.470238	2.1501563	3.665349	1.5151927	0.21626891	0.8093544299533921	0.6650059046734897	ENSG00000112242.16	E2F3	False
ENST00000447701	12.696351	0.8913103	2.4064867	1.5151765	0.060102955	0.8093544299533921	1.2211041786712362	ENSG00000118200.15	CAMSAP2	False
ENST00000696126	43.40646	2.2311583	3.7459426	1.5147843	0.06130346	0.8093544299533921	1.2125150192975978	ENSG00000176896.9	TCEANC	False
ENST00000676453	283.6833	4.950119	6.4647408	1.5146217	0.10179949	0.8093544299533921	0.9922544059871161	ENSG00000114867.22	EIF4G1	False
ENST00000394223	41.26655	1.3775133	2.8920968	1.5145835	0.27286607	0.8093544299533921	0.5640504636352979	ENSG00000109390.13	NDUFC1	False
ENST00000540712	9.759016	0.9320445	2.4463577	1.5143132	0.029010853	0.8093544299533921	1.5374395045521156	ENSG00000165501.17	LRR1	False
ENST00000533285	10.799269	0.7350602	2.2493303	1.5142701	0.019815639	0.8093544299533921	1.7029919257196333	ENSG00000149269.10	PAK1	False
ENST00000566590	14.221819	0.95333713	2.4674087	1.5140715	0.029913733	0.8093544299533921	1.5241293901957897	ENSG00000183044.12	ABAT	False
ENST00000651856	53.896923	2.6562243	4.1692886	1.5130644	0.09849152	0.8093544299533921	1.0066011614879624	ENSG00000161267.12	BDH1	False
ENST00000399848	49.571373	2.4064243	3.9187446	1.5123203	0.040687513	0.8093544299533921	1.3905388595284345	ENSG00000168675.19	LDLRAD4	False
ENST00000299638	17.368967	0.5624049	2.0744524	1.5120475	0.19874215	0.8093544299533921	0.7017100135223868	ENSG00000255529.9	POLR2M	False
ENST00000652570	123.78638	3.6339352	5.14565	1.5117147	0.11673296	0.8093544299533921	0.9328064928842897	ENSG00000205670.12	SMIM11	False
ENST00000308482	67.719215	2.7629268	4.274481	1.511554	0.15992193	0.8093544299533921	0.7960919796870198	ENSG00000124831.20	LRRFIP1	False
ENST00000312990	32.54428	1.3548161	2.8659902	1.5111741	0.2971132	0.8111088466013822	0.5270780385819605	ENSG00000135446.17	CDK4	False
ENST00000588921	20.851233	1.454713	2.9658475	1.5111345	0.033788014	0.8093544299533921	1.4712373319270076	ENSG00000166377.21	ATP9B	False
ENST00000520461	35.361374	2.0238621	3.5347638	1.5109017	0.040659834	0.8093544299533921	1.3908344019781689	ENSG00000170271.11	FAXDC2	False
ENST00000618960	11.0	0.8091242	2.3197215	1.5105972	0.041806955	0.8093544299533921	1.3787514641745025	ENSG00000168646.14	AXIN2	False
ENST00000648373	56.791912	2.650315	4.1601024	1.5097873	0.06988967	0.8093544299533921	1.1555869970888946	ENSG00000096872.17	IFT74	False
ENST00000427043	33.472702	2.3086078	3.818243	1.5096352	0.047659248	0.8093544299533921	1.3218528134934724	ENSG00000105141.6	CASP14	False
ENST00000298910	1255.0593	6.3313537	7.8395185	1.5081649	0.33660623	0.8158433703746901	0.47287784468149113	ENSG00000188906.17	LRRK2	False
ENST00000493662	10.059756	1.0387243	2.5468662	1.5081419	0.013784605	0.8093544299533921	1.8606056716858002	ENSG00000255152.8	MSH5-SAPCD1	False
ENST00000476419	11.11554	0.7148738	2.2223983	1.5075245	0.032110397	0.8093544299533921	1.493354328033742	ENSG00000117569.20	PTBP2	False
ENST00000531904	187.11975	3.420843	4.928127	1.5072839	0.34554788	0.81719736681995	0.46149176125314983	ENSG00000118058.25	KMT2A	False
ENST00000683848	101.61863	3.2692616	4.776349	1.5070875	0.17755571	0.8093544299533921	0.7506653565069404	ENSG00000105875.15	WDR91	False
ENST00000328252	52.4	1.4623159	2.9693112	1.5069953	0.29733863	0.8111088466013822	0.5267486570256247	ENSG00000182752.10	PAPPA	False
ENST00000319004	31.4	2.0647938	3.5716057	1.5068119	0.08309276	0.8093544299533921	1.0804368332442318	ENSG00000179409.11	GEMIN4	False
ENST00000713962	96.50769	3.0610445	4.5678244	1.5067799	0.21593954	0.8093544299533921	0.6656678347634037	ENSG00000167985.8	SDHAF2	True
ENST00000693075	40.766678	1.9544154	3.460729	1.5063134	0.087273605	0.8093544299533921	1.0591170834790067	ENSG00000169955.8	ZNF747	False
ENST00000449056	74.64075	2.881097	4.3872538	1.5061567	0.17213672	0.8093544299533921	0.7641264665286125	ENSG00000196199.14	MPHOSPH8	False
ENST00000586559	17.4	1.3037348	2.8098586	1.5061238	0.027482364	0.8093544299533921	1.5609459073520826	ENSG00000198182.13	ZNF607	True
ENST00000683076	57.90155	2.2932756	3.7983208	1.5050452	0.39139268	0.8276452949558523	0.4073873031650353	ENSG00000047849.22	MAP4	False
ENST00000687314	34.716473	2.2263172	3.7307477	1.5044305	0.20175122	0.8093544299533921	0.6951838363250974	ENSG00000153015.17	CWC27	False
ENST00000367811	12.285209	0.73748285	2.2417684	1.5042856	0.16364604	0.8093544299533921	0.786094493305336	ENSG00000143156.14	NME7	False
ENST00000370441	34.790905	1.7696171	3.272996	1.5033789	0.09045888	0.8093544299533921	1.0435488062504095	ENSG00000010404.18	IDS	False
ENST00000465887	20.164368	0.6710493	2.174252	1.5032027	0.33023146	0.8142173533113395	0.481181558078733	ENSG00000186184.20	POLR1D	True
ENST00000309328	11.497091	0.8583264	2.3609555	1.502629	0.062255844	0.8093544299533921	1.2058198714837594	ENSG00000173465.8	ZNRD2	False
ENST00000689951	19.332653	1.6048908	3.1074548	1.502564	0.11507967	0.8093544299533921	0.939001387834365	ENSG00000169032.11	MAP2K1	False
ENST00000572293	119.23507	3.9746068	5.477062	1.5024555	0.13548127	0.8093544299533921	0.8681207468106384	ENSG00000141456.16	PELP1	False
ENST00000372538	15.6	1.3625206	2.864958	1.5024375	0.05803975	0.8093544299533921	1.2362744601439812	ENSG00000165644.11	COMTD1	False
ENST00000379951	209.6099	3.67525	5.17756	1.5023098	0.2389136	0.8093544299533921	0.6217591354772363	ENSG00000138795.10	LEF1	False
ENST00000570937	52.155224	2.6647046	4.1668797	1.5021751	0.05023848	0.8093544299533921	1.298963518212483	ENSG00000108559.13	NUP88	False
ENST00000361121	66.67511	2.4891264	3.9910588	1.5019324	0.41916236	0.8369928622965472	0.37761772019427836	ENSG00000133114.18	GPALPP1	False
ENST00000453424	187.19089	3.8744164	5.3747897	1.5003734	0.3231745	0.8140535395798091	0.4905629058035716	ENSG00000165406.16	MARCHF8	False
ENST00000692161	43.27224	0.89047843	2.3907716	1.5002933	0.38353616	0.823835243286134	0.416193684271016	ENSG00000102158.22	MAGT1	False
ENST00000559690	27.516117	1.2970573	2.796908	1.4998506	0.11844583	0.8093544299533921	0.9264802297202033	ENSG00000185787.15	MORF4L1	False
ENST00000473942	23.038458	1.4017512	2.9012477	1.4994966	0.061325606	0.8093544299533921	1.2123581518338542	ENSG00000170502.13	NUDT9	False
ENST00000588756	26.87981	1.6017915	3.1011834	1.4993919	0.044543345	0.8093544299533921	1.3512171771695518	ENSG00000167634.12	NLRP7	False
ENST00000713782	115.12828	3.2911046	4.790141	1.4990366	0.11466956	0.8093544299533921	0.9405518486759331	ENSG00000046604.15	DSG2	False
ENST00000681596	109.25104	3.223668	4.7226844	1.4990163	0.19514659	0.8093544299533921	0.709639032148296	ENSG00000135541.22	AHI1	False
ENST00000674963	103.40796	3.6627548	5.161619	1.4988644	0.111994036	0.8093544299533921	0.9508051059027413	ENSG00000090861.17	AARS1	False
ENST00000265598	57.048676	2.4397075	3.938385	1.4986775	0.13717356	0.8093544299533921	0.8627295799152398	ENSG00000078081.8	LAMP3	False
ENST00000700161	6.9835396	0.34280792	1.8410395	1.4982316	0.090547845	0.8093544299533921	1.0431218823647292	ENSG00000198821.12	CD247	False
ENST00000546386	13.449636	1.2724127	2.7705297	1.4981171	0.004468707	0.8093544299533921	2.3498181293333285	ENSG00000165972.13	CCDC38	False
ENST00000361271	48.37674	2.4755235	3.973394	1.4978704	0.111902595	0.8093544299533921	0.9511598438310465	ENSG00000165996.14	HACD1	False
ENST00000704050	121.95056	3.6320078	5.1291933	1.4971855	0.1445034	0.8093544299533921	0.8401219351462403	ENSG00000142599.20	RERE	False
ENST00000366632	43.454437	2.0897496	3.586649	1.4968994	0.18777853	0.8093544299533921	0.7263540592877687	ENSG00000162946.24	DISC1	False
ENST00000299518	44.17982	2.5092022	4.005842	1.49664	0.049578097	0.8093544299533921	1.3047101496317606	ENSG00000166411.14	IDH3A	False
ENST00000330736	1695.407	7.034107	8.530105	1.4959974	0.36926627	0.8194459451468774	0.4326603585574705	ENSG00000167522.17	ANKRD11	False
ENST00000681883	349.25897	4.9336114	6.4295444	1.495933	0.1957261	0.8093544299533921	0.7083512649559792	ENSG00000137509.12	PRCP	False
ENST00000410104	7.633423	0.84365034	2.339401	1.4957507	0.0864197	0.8093544299533921	1.0633872377241533	ENSG00000144036.16	EXOC6B	False
ENST00000539604	139.76715	4.07343	5.568751	1.4953208	0.14315856	0.8093544299533921	0.8441826938061129	ENSG00000243716.12	NPIPB5	False
ENST00000367259	18.114227	1.5207683	3.01598	1.4952117	0.01522731	0.8093544299533921	1.8173768004848962	ENSG00000117153.16	KLHL12	True
ENST00000356607	6.7	0.58692616	2.081825	1.4948988	0.08543331	0.8093544299533921	1.0683727581998272	ENSG00000142655.13	PEX14	False
ENST00000381759	24.951382	1.9764401	3.4712396	1.4947995	0.0082045365	0.8093544299533921	2.0859459479139644	ENSG00000127663.15	KDM4B	False
ENST00000378750	26.13175	1.8256544	3.3201818	1.4945275	0.017738586	0.8093544299533921	1.7510809949998556	ENSG00000121680.16	PEX16	False
ENST00000400908	319.971	4.8088984	6.30321	1.4943113	0.21804743	0.8093544299533921	0.6614490373985841	ENSG00000142599.20	RERE	False
ENST00000680500	35.967976	1.9800396	3.4740758	1.4940362	0.082423575	0.8093544299533921	1.0839485513532365	ENSG00000168778.13	TCTN2	False
ENST00000424586	214.84956	3.899802	5.3934503	1.4936483	0.28871036	0.8109740254625081	0.5395376381207188	ENSG00000011600.12	TYROBP	False
ENST00000314787	42.2	2.0395138	3.5326235	1.4931097	0.08329041	0.8093544299533921	1.0794049843223388	ENSG00000254093.9	PINX1	False
ENST00000399442	20.51206	1.780739	3.273519	1.4927801	0.080732636	0.8093544299533921	1.092950866316129	ENSG00000205758.12	CRYZL1	False
ENST00000510708	101.895	3.3863375	4.8790274	1.4926898	0.096747994	0.8093544299533921	1.014358029100679	ENSG00000169570.10	DTWD2	False
ENST00000619408	22.063848	1.9049426	3.3975008	1.4925581	0.046136376	0.8093544299533921	1.3359565267405051	ENSG00000166676.17	TVP23A	False
ENST00000395211	200.09482	4.0823374	5.574337	1.4919996	0.29240173	0.8111088466013822	0.5340200606891691	ENSG00000136842.14	TMOD1	False
ENST00000586359	23.20258	1.5945951	3.0858207	1.4912256	0.055721607	0.8093544299533921	1.2539763666397554	ENSG00000184361.13	SPATA32	True
ENST00000511067	760.9438	5.9427795	7.4331846	1.4904051	0.28299844	0.8102614157364052	0.5482159544065978	ENSG00000153922.12	CHD1	False
ENST00000272418	377.28897	5.0972958	6.5871973	1.4899015	0.2303453	0.8093544299533921	0.6376206562701635	ENSG00000144029.14	MRPS5	False
ENST00000520358	200.79474	3.308697	4.7985816	1.4898846	0.2626281	0.8093544299533921	0.5806587945822297	ENSG00000157570.12	TSPAN18	False
ENST00000620571	58.00918	2.9331791	4.4229946	1.4898155	0.40945062	0.8323007445595858	0.38779846649287286	ENSG00000257335.8	MGAM	False
ENST00000567564	10.690102	1.1021744	2.5915947	1.4894203	0.009535631	0.8093544299533921	2.0206505556473457	ENSG00000176476.9	SGF29	True
ENST00000641791	42.36395	2.258415	3.7477033	1.4892883	0.068723746	0.8093544299533921	1.1628931782188763	ENSG00000182613.3	OR2V2	False
ENST00000420636	38.21696	1.689397	3.178528	1.4891311	0.07478068	0.8093544299533921	1.126210588622993	ENSG00000155849.16	ELMO1	False
ENST00000381989	114.7	3.7901888	5.277553	1.4873643	0.04875538	0.8093544299533921	1.3119774431252973	ENSG00000102699.6	PARP4	False
ENST00000422660	148.94931	4.125422	5.6126213	1.4871993	0.055774104	0.8093544299533921	1.2535673990104497	ENSG00000136104.22	RNASEH2B	False
ENST00000428149	31.06428	1.8965603	3.3836987	1.4871384	0.07819479	0.8093544299533921	1.106822184643138	ENSG00000137760.15	ALKBH8	False
ENST00000689129	101.2372	3.2580144	4.744529	1.4865143	0.17596008	0.8093544299533921	0.7545858521179442	ENSG00000100241.22	SBF1	False
ENST00000677153	87.112465	3.412341	4.8981137	1.4857726	0.1418756	0.8093544299533921	0.8480923045540989	ENSG00000100412.17	ACO2	False
ENST00000588616	195.43394	4.3667526	5.852424	1.4856715	0.1550314	0.8093544299533921	0.8095803368579662	ENSG00000129657.16	SEC14L1	False
ENST00000703544	475.93115	5.4493804	6.934668	1.4852877	0.15231241	0.8093544299533921	0.8172647019425768	ENSG00000100393.16	EP300	False
ENST00000367765	30.635098	2.0294685	3.514696	1.4852273	0.031464625	0.8093544299533921	1.5021774378008539	ENSG00000075945.13	KIFAP3	False
ENST00000292450	6.211627	0.2652913	1.7504215	1.4851302	0.07977988	0.8093544299533921	1.0981066307438143	ENSG00000166529.16	ZSCAN21	False
ENST00000569066	52.22059	2.3124747	3.7973814	1.4849067	0.077298515	0.8093544299533921	1.1118288518918173	ENSG00000159459.12	UBR1	True
ENST00000695896	66.17244	2.6781676	4.162875	1.4847076	0.16757827	0.8093544299533921	0.775782310120318	ENSG00000147408.16	CSGALNACT1	False
ENST00000222248	32.792366	1.8705746	3.3542845	1.4837099	0.065751426	0.8093544299533921	1.1820948243848937	ENSG00000105641.4	SLC5A5	False
ENST00000355035	22.099209	1.500403	2.9838452	1.4834422	0.11488093	0.8093544299533921	0.9397520690192669	ENSG00000161944.17	ASGR2	False
ENST00000325558	34.488503	1.752286	3.2356796	1.4833937	0.31212294	0.8118754707110037	0.5056743095435645	ENSG00000229859.10	PGA3	False
ENST00000506073	5.099168	0.34920844	1.8325648	1.4833564	0.095064595	0.8093544299533921	1.0219811961079721	ENSG00000074966.11	TXK	False
ENST00000316300	8.0	0.86332035	2.3466485	1.4833281	0.018709216	0.8093544299533921	1.727944404809046	ENSG00000198670.13	LPA	False
ENST00000603380	60.0315	2.8335428	4.3163333	1.4827905	0.13162456	0.8093544299533921	0.8806630526398657	ENSG00000188321.14	ZNF559	False
ENST00000680461	196.05713	4.072723	5.554927	1.482204	0.16194625	0.8093544299533921	0.7906290986546498	ENSG00000105127.10	AKAP8	False
ENST00000630771	286.445	3.1744993	4.6564665	1.4819672	0.4616394	0.8481416265840513	0.33569712806221974	ENSG00000060339.14	CCAR1	False
ENST00000474393	49.456383	2.44332	3.925234	1.481914	0.045131218	0.8093544299533921	1.3455229485940883	ENSG00000150403.18	TMCO3	False
ENST00000678076	89.64367	2.9703286	4.452203	1.4818742	0.19951832	0.8093544299533921	0.7000172143213728	ENSG00000171960.12	PPIH	False
ENST00000610712	18.1	0.86207485	2.3432567	1.4811819	0.038329974	0.8093544299533921	1.4164614774112374	ENSG00000186814.15	ZSCAN30	False
ENST00000298999	19.38766	0.59978133	2.0807295	1.4809482	0.17610128	0.8093544299533921	0.7542374818108175	ENSG00000166024.14	R3HCC1L	False
ENST00000406895	8.2	1.0341396	2.5142741	1.4801345	0.035378646	0.8093544299533921	1.4512587909895789	ENSG00000163026.12	WDCP	False
ENST00000409544	42.363567	0.76990384	2.249955	1.480051	0.3929328	0.8283759992706762	0.40568171432006606	ENSG00000075292.19	ZNF638	False
ENST00000550703	96.126724	3.0874615	4.566759	1.4792976	0.2116742	0.8093544299533921	0.6743320759833674	ENSG00000204852.17	TCTN1	False
ENST00000381846	20.88903	1.5223974	3.000813	1.4784156	0.1103573	0.8093544299533921	0.9571989356809837	ENSG00000121897.15	LIAS	False
ENST00000265565	59.2	2.41691	3.8951697	1.4782598	0.12055306	0.8093544299533921	0.9188217565224073	ENSG00000114650.21	SCAP	False
ENST00000265026	148.30325	3.9170654	5.3947616	1.4776962	0.0988778	0.8093544299533921	1.004901194121724	ENSG00000073803.14	MAP3K13	False
ENST00000642847	24.07276	1.7837167	3.2606788	1.4769621	0.032880872	0.8093544299533921	1.4830566670533336	ENSG00000102974.16	CTCF	True
ENST00000340437	37.30001	1.4090961	2.8858848	1.4767886	0.30327043	0.8118754707110037	0.5181699338578389	ENSG00000149532.16	CPSF7	False
ENST00000469767	56.77071	2.0993497	3.5758653	1.4765155	0.12697123	0.8093544299533921	0.8962946735828208	ENSG00000186431.19	FCAR	False
ENST00000492741	46.16801	0.8242286	2.3006506	1.4764221	0.23138344	0.8093544299533921	0.6356677211131894	ENSG00000121390.19	PSPC1	False
ENST00000651202	64.28939	2.6796129	4.1559286	1.4763157	0.11386346	0.8093544299533921	0.9436156205545189	ENSG00000136827.12	TOR1A	False
ENST00000587422	95.83425	3.0525112	4.528323	1.475812	0.19997531	0.8093544299533921	0.6990236174855176	ENSG00000186496.12	ZNF396	True
ENST00000597000	19.7737	1.3411899	2.816308	1.4751182	0.07293661	0.8093544299533921	1.137054429650831	ENSG00000130479.11	MAP1S	False
ENST00000696059	15.343039	1.3744456	2.8494422	1.4749967	0.06838576	0.8093544299533921	1.1650343380556913	ENSG00000196839.14	ADA	True
ENST00000432057	36.144875	2.0157387	3.4902058	1.474467	0.066614375	0.8093544299533921	1.176432045598236	ENSG00000028116.18	VRK2	False
ENST00000713857	9.575668	0.48003158	1.9534016	1.47337	0.29053196	0.8109740254625081	0.5368060813849427	ENSG00000139687.17	RB1	False
ENST00000679877	26.000738	0.8229155	2.2960677	1.4731522	0.25750878	0.8093544299533921	0.5892079510541001	ENSG00000111335.14	OAS2	True
ENST00000409478	32.729942	1.5490569	3.021866	1.4728092	0.28820303	0.8109740254625081	0.5403014563342958	ENSG00000048991.18	R3HDM1	False
ENST00000298229	85.13603	2.9378765	4.4106216	1.4727452	0.17897584	0.8093544299533921	0.747205601659174	ENSG00000165458.15	INPPL1	False
ENST00000649914	58.229332	2.8791275	4.3513556	1.472228	0.13229206	0.8093544299533921	0.8784662141182576	ENSG00000006530.18	AGK	False
ENST00000439817	107.03912	1.8535166	3.3257113	1.4721947	0.40397188	0.8303453948335059	0.39364886383239756	ENSG00000198408.14	OGA	False
ENST00000695599	86.91234	3.090875	4.562413	1.4715383	0.16040416	0.8093544299533921	0.7947843710247748	ENSG00000004455.18	AK2	False
ENST00000396664	24.84076	1.8484201	3.3196986	1.4712784	0.18166594	0.8093544299533921	0.7407264846689786	ENSG00000122644.13	ARL4A	False
ENST00000474714	15.771746	1.3791434	2.8502202	1.4710768	0.026751302	0.8093544299533921	1.5726550728208675	ENSG00000132635.17	PCED1A	False
ENST00000674782	32.6678	2.0361311	3.5071058	1.4709747	0.07893933	0.8093544299533921	1.1027065444374504	ENSG00000185900.11	POMK	False
ENST00000653979	350.77325	5.3160815	6.7870455	1.470964	0.21077755	0.8093544299533921	0.6761756459447921	ENSG00000167460.17	TPM4	False
ENST00000533482	208.64597	4.2253165	5.696244	1.4709272	0.2716022	0.8093544299533921	0.5660666951574225	ENSG00000113522.14	RAD50	False
ENST00000639785	152.5916	3.7378714	5.2086515	1.4707801	0.20431697	0.8093544299533921	0.6896955527407498	ENSG00000036828.17	CASR	False
ENST00000438709	28.707592	2.063615	3.5340428	1.4704278	0.08342751	0.8093544299533921	1.0786907122774938	ENSG00000196912.13	ANKRD36B	False
ENST00000383716	23.21388	0.6215038	2.0918376	1.4703338	0.3345742	0.8158433703746901	0.47550756120130666	ENSG00000168297.16	PXK	False
ENST00000469637	75.75136	2.774935	4.2442865	1.4693515	0.09775868	0.8093544299533921	1.009844668597055	ENSG00000132906.18	CASP9	False
ENST00000371243	21.868475	1.8161458	3.2852528	1.469107	0.013822708	0.8093544299533921	1.8594068574432638	ENSG00000153292.16	ADGRF1	False
ENST00000339861	298.5711	4.7766333	6.2453585	1.4687252	0.23618385	0.8093544299533921	0.6267497987020356	ENSG00000187764.12	SEMA4D	False
ENST00000327031	104.02922	3.3253047	4.7934823	1.4681776	0.2391443	0.8093544299533921	0.6213399743253096	ENSG00000177731.16	FLII	False
ENST00000550011	7.55514	0.65758616	2.1256783	1.4680922	0.17405833	0.8093544299533921	0.759305180042161	ENSG00000087470.21	DNM1L	False
ENST00000465014	29.864986	1.8662697	3.3339496	1.4676799	0.03750913	0.8093544299533921	1.4258630268428247	ENSG00000172785.19	ZNG1A	False
ENST00000579361	9.311354	0.66461706	2.1321464	1.4675293	0.11001341	0.8093544299533921	0.9585543718506361	ENSG00000133030.22	MPRIP	True
ENST00000589979	8.7	0.87410975	2.3411517	1.467042	0.009065468	0.8093544299533921	2.04260977726847	ENSG00000108771.13	DHX58	False
ENST00000554912	14.515599	1.4256703	2.8926177	1.4669474	0.005990406	0.8093544299533921	2.2225437399205674	ENSG00000197119.13	SLC25A29	False
ENST00000381700	13.717424	1.1899078	2.6568398	1.466932	0.07068421	0.8093544299533921	1.1506775947989738	ENSG00000205777.19	GAGE1	False
ENST00000679041	24.417332	1.5252167	2.991206	1.4659892	0.33291316	0.8148546909488805	0.4776690364949833	ENSG00000115935.19	WIPF1	False
ENST00000435320	11.497995	0.9010778	2.3669722	1.4658945	0.0067437943	0.8093544299533921	2.1710956846241594	ENSG00000115896.17	PLCL1	False
ENST00000379019	171.9083	3.5384407	5.003493	1.4650521	0.18914461	0.8093544299533921	0.723206027041301	ENSG00000125772.14	GPCPD1	False
ENST00000378985	76.955666	2.7952816	4.260024	1.4647424	0.117829844	0.8093544299533921	0.9287446959888734	ENSG00000127314.18	RAP1B	True
ENST00000361319	28.21024	1.8887917	3.352948	1.4641563	0.09696013	0.8093544299533921	1.013406822747106	ENSG00000101892.12	ATP1B4	False
ENST00000344113	268.7457	4.4827332	5.946561	1.4638276	0.2635134	0.8093544299533921	0.5791973181112265	ENSG00000054654.20	SYNE2	False
ENST00000493014	32.776924	2.293283	3.75605	1.4627671	0.0066957483	0.8093544299533921	2.1742008798382155	ENSG00000151576.10	QTRT2	False
ENST00000592772	32.89363	2.0251615	3.4872215	1.46206	0.09117339	0.8093544299533921	1.0401319062279295	ENSG00000118898.16	PPL	False
ENST00000432802	16.90037	1.5292473	2.9911876	1.4619403	0.09629123	0.8093544299533921	1.0164132696192194	ENSG00000154930.15	ACSS1	False
ENST00000437745	41.18679	2.5183516	3.9801936	1.4618421	0.13117795	0.8093544299533921	0.8821391705528283	ENSG00000136261.16	BZW2	False
ENST00000291481	13.283285	1.2104286	2.6719146	1.461486	0.018391876	0.8093544299533921	1.735373980411331	ENSG00000187664.9	HAPLN4	False
ENST00000242848	214.31955	4.244119	5.704987	1.4608679	0.16825378	0.8093544299533921	0.7740351716267526	ENSG00000123200.17	ZC3H13	False
ENST00000559849	52.676582	2.5566552	4.0171723	1.4605172	0.054473165	0.8093544299533921	1.2638173872446083	ENSG00000117971.12	CHRNB4	True
ENST00000300481	14.352188	0.65467066	2.115044	1.4603734	0.048568815	0.8093544299533921	1.313642492539332	ENSG00000142185.18	TRPM2	False
ENST00000521914	65.21198	2.7293358	4.1896124	1.4602766	0.10686203	0.8093544299533921	0.9711765762655049	ENSG00000156787.17	TBC1D31	False
ENST00000360689	14.479632	0.81042176	2.2705483	1.4601266	0.1959772	0.8093544299533921	0.7077944602009009	ENSG00000033170.17	FUT8	False
ENST00000675858	13.279602	0.3666688	1.826473	1.4598042	0.34118798	0.81719736681995	0.4670062725877508	ENSG00000153113.24	CAST	False
ENST00000267085	70.850266	2.561725	4.021434	1.4597089	0.13199708	0.8093544299533921	0.8794356804389902	ENSG00000139631.20	CSAD	False
ENST00000406961	17.02453	1.0488869	2.5082214	1.4593345	0.25962716	0.8093544299533921	0.5856498715711761	ENSG00000084676.16	NCOA1	False
ENST00000521776	35.785954	1.9576496	3.4165905	1.4589409	0.3533192	0.8173803121090482	0.4518327641713295	ENSG00000253797.2	UTP14C	True
ENST00000648071	479.93646	5.5046935	6.9630847	1.4583912	0.21598539	0.8093544299533921	0.6655756299375735	ENSG00000134371.15	CDC73	True
ENST00000500635	40.120476	2.22785	3.6861205	1.4582705	0.11197015	0.8093544299533921	0.9508977439454389	ENSG00000248643.5	RBM14-RBM4	False
ENST00000679409	12.476694	1.0767156	2.53399	1.4572743	0.037764862	0.8093544299533921	1.4229120958914956	ENSG00000003393.16	ALS2	False
ENST00000454925	30.56723	2.0980875	3.5552583	1.4571707	0.118058875	0.8093544299533921	0.9279013588024387	ENSG00000147394.20	ZNF185	False
ENST00000263791	63.650604	2.5388625	3.995965	1.4571025	0.09362385	0.8093544299533921	1.0286135187696432	ENSG00000128829.12	EIF2AK4	False
ENST00000280987	15.394386	0.6645412	2.1212542	1.456713	0.27303118	0.8093544299533921	0.5637877616889485	ENSG00000151327.14	FAM177A1	False
ENST00000304658	194.13797	3.7037277	5.1597767	1.456049	0.3013178	0.8118754707110037	0.5209751962532124	ENSG00000169180.12	XPO6	False
ENST00000321143	20.290762	1.8052157	3.2607872	1.4555715	0.07617705	0.8093544299533921	1.118175831674038	ENSG00000004961.15	HCCS	False
ENST00000703560	225.71436	3.8794823	5.3350153	1.455533	0.2967005	0.8111088466013822	0.5276817109737456	ENSG00000187239.19	FNBP1	False
ENST00000265333	94.05111	2.972685	4.4279866	1.4553015	0.19310862	0.8093544299533921	0.7141983436261333	ENSG00000213585.11	VDAC1	False
ENST00000703909	8.264078	0.46425995	1.9194934	1.4552335	0.31601414	0.8118754707110037	0.5002934833522836	ENSG00000114573.12	ATP6V1A	False
ENST00000711196	9.498146	0.8783882	2.3335812	1.455193	0.010203988	0.8093544299533921	1.9912300483978658	ENSG00000292339.1	ASMTL	False
ENST00000381333	9.498146	0.8783882	2.3335812	1.455193	0.010203988	0.8093544299533921	1.9912300483978658	ENSG00000169093.16	ASMTL	False
ENST00000605844	24.382458	0.92492175	2.380104	1.4551823	0.11279841	0.8093544299533921	0.9476970310561125	ENSG00000270647.7	TAF15	False
ENST00000391775	23.357239	1.4625667	2.9176877	1.4551209	0.279886	0.8093544299533921	0.553018813218044	ENSG00000142405.23	NLRP12	False
ENST00000437034	514.5626	5.5748544	7.029665	1.4548106	0.26684234	0.8093544299533921	0.5737452669623853	ENSG00000153113.24	CAST	False
ENST00000601982	7.3374357	0.6876159	2.1422281	1.4546123	0.010671108	0.8093544299533921	1.9717904834587165	ENSG00000170949.18	ZNF160	True
ENST00000397076	22.32558	1.6509742	3.1052122	1.454238	0.13723369	0.8093544299533921	0.8625392608131865	ENSG00000146039.11	SLC17A4	False
ENST00000240731	35.162193	2.051632	3.5057957	1.4541638	0.046547815	0.8093544299533921	1.3321006985120494	ENSG00000121417.14	ZNF211	False
ENST00000676229	162.31766	4.0519633	5.5061126	1.4541492	0.10981739	0.8093544299533921	0.9593288699077783	ENSG00000156709.15	AIFM1	False
ENST00000570322	6.8215637	0.6449424	2.0987554	1.453813	0.016391547	0.8093544299533921	1.7853800461756186	ENSG00000170291.16	ELP5	False
ENST00000676420	76.792595	3.397133	4.850629	1.4534957	0.09478156	0.8093544299533921	1.0232761352620925	ENSG00000107890.17	ANKRD26	False
ENST00000511257	32.608162	1.6176009	3.0707135	1.4531126	0.10787534	0.8093544299533921	0.9670778237318793	ENSG00000183323.13	CCDC125	False
ENST00000646146	20.988598	1.2090526	2.661736	1.4526834	0.18129961	0.8093544299533921	0.7416031255158698	ENSG00000023171.20	GRAMD1B	False
ENST00000349334	27.50918	1.1670746	2.6194944	1.4524199	0.2612895	0.8093544299533921	0.5828780302959063	ENSG00000134184.13	GSTM1	False
ENST00000635252	88.6	3.0582902	4.5105457	1.4522555	0.21296568	0.8093544299533921	0.671690374280153	ENSG00000164256.11	PRDM9	False
ENST00000323180	274.80225	4.705279	6.1573668	1.4520879	0.219966	0.8093544299533921	0.657644453742127	ENSG00000135365.17	PHF21A	False
ENST00000455532	8.622504	0.89061326	2.3423953	1.451782	0.020148715	0.8093544299533921	1.6957526460154815	ENSG00000089123.16	TASP1	False
ENST00000261402	10.90151	0.81364495	2.2652297	1.4515848	0.04578661	0.8093544299533921	1.3392614935957243	ENSG00000074590.14	NUAK1	False
ENST00000432916	8.869094	1.0325375	2.4836633	1.4511259	0.09456465	0.8093544299533921	1.0242711966561484	ENSG00000186654.22	PRR5	False
ENST00000314616	209.19768	4.48462	5.9357047	1.4510846	0.17527272	0.8093544299533921	0.7562856783893256	ENSG00000109111.15	SUPT6H	False
ENST00000331569	7.001204	0.7974391	2.248497	1.4510579	0.017216217	0.8093544299533921	1.7640622776914532	ENSG00000183779.7	ZNF703	False
ENST00000692497	46.474712	2.7510393	4.201874	1.4508345	0.040249005	0.8093544299533921	1.3952448518351643	ENSG00000141385.12	AFG3L2	False
ENST00000296658	42.574768	2.5321543	3.9826171	1.4504628	0.086080946	0.8093544299533921	1.0650929687619857	ENSG00000164237.9	CMBL	False
ENST00000408045	45.32308	2.4159553	3.8659973	1.450042	0.104663484	0.8093544299533921	0.9802048135550248	ENSG00000115970.19	THADA	False
ENST00000681093	61.686848	2.6513171	4.100876	1.4495587	0.14861855	0.8093544299533921	0.8279269828182044	ENSG00000168214.22	RBPJ	False
ENST00000341516	299.75372	4.975469	6.4249372	1.4494681	0.21981584	0.8093544299533921	0.657941024558939	ENSG00000139990.18	DCAF5	False
ENST00000219334	43.33907	2.2700036	3.7193227	1.4493191	0.36229694	0.8185742609699567	0.44093533537234736	ENSG00000103056.12	SMPD3	False
ENST00000377810	27.6445	1.846377	3.2954946	1.4491175	0.16293776	0.8093544299533921	0.7879782575416393	ENSG00000072518.23	MARK2	False
ENST00000341509	133.78311	3.5693188	5.018019	1.4487004	0.26987404	0.8093544299533921	0.568838895468581	ENSG00000188501.12	LCTL	False
ENST00000391753	112.16536	2.6064377	4.0546694	1.4482317	0.4468338	0.8459831455694948	0.34985399318223237	ENSG00000170889.14	RPS9	False
ENST00000678315	28.587244	1.5255405	2.9735014	1.447961	0.05892848	0.8093544299533921	1.2296747719303784	ENSG00000128487.19	SPECC1	False
ENST00000512248	18.738508	1.3296342	2.7774634	1.4478292	0.31434357	0.8118754707110037	0.5025954165604138	ENSG00000145723.17	GIN1	True
ENST00000642020	110.06146	3.263715	4.7109795	1.4472644	0.14159867	0.8093544299533921	0.8489408207072772	ENSG00000196778.4	OR52K1	False
ENST00000688794	9.353446	0.8489032	2.296135	1.4472318	0.012858186	0.8093544299533921	1.8908202990439749	ENSG00000114023.16	FAM162A	False
ENST00000683056	500.79767	5.433599	6.8807077	1.4471087	0.27027234	0.8093544299533921	0.5681983912613617	ENSG00000101849.18	TBL1X	False
ENST00000366994	39.65192	2.1478145	3.594685	1.4468706	0.093079984	0.8093544299533921	1.0311436991608798	ENSG00000143493.13	INTS7	False
ENST00000688644	25.933722	1.4315692	2.8784306	1.4468614	0.12283147	0.8093544299533921	0.9106903461805649	ENSG00000214491.9	SEC14L6	False
ENST00000510448	71.89994	2.9008293	4.347611	1.4467816	0.1698775	0.8093544299533921	0.7698641406056526	ENSG00000091490.11	SEL1L3	True
ENST00000431002	86.30639	3.4407904	4.8873606	1.4465702	0.08495502	0.8093544299533921	1.0708109446456584	ENSG00000162194.13	LBHD1	False
ENST00000456586	31.986856	1.4933733	2.9394078	1.4460346	0.30011725	0.811817227206992	0.5227090355205554	ENSG00000197756.10	RPL37A	False
ENST00000354280	331.03668	4.955523	6.4014897	1.4459667	0.20277779	0.8093544299533921	0.6929796186614889	ENSG00000101448.14	EPPIN	False
ENST00000416739	85.07389	3.1770155	4.6227016	1.4456861	0.09439896	0.8093544299533921	1.0250327881609107	ENSG00000111224.14	PARP11	False
ENST00000640135	30.1601	0.66512394	2.1104963	1.4453723	0.34787267	0.81719736681995	0.45857968391428827	ENSG00000105711.14	SCN1B	False
ENST00000649746	62.224995	2.5678885	4.0127816	1.4448931	0.14721006	0.8093544299533921	0.8320625057161007	ENSG00000093072.19	ADA2	False
ENST00000372344	9.9	0.7487102	2.1926727	1.4439626	0.15908012	0.8093544299533921	0.7983840957030032	ENSG00000171453.20	POLR1C	False
ENST00000325885	33.358643	1.5565313	3.0002708	1.4437395	0.100801334	0.8093544299533921	0.9965337213462672	ENSG00000005981.13	ASB4	False
ENST00000457772	88.94882	3.495021	4.938489	1.4434679	0.16130614	0.8093544299533921	0.7923490936377655	ENSG00000073849.16	ST6GAL1	False
ENST00000508716	45.53852	2.366708	3.810097	1.4433889	0.11517404	0.8093544299533921	0.9386453982487799	ENSG00000039123.16	MTREX	True
ENST00000485376	7.63487	0.49365175	1.9361562	1.4425044	0.32428724	0.8142173533113395	0.48907014524669823	ENSG00000063601.17	MTMR1	False
ENST00000636026	24.864481	1.6333479	3.0757856	1.4424378	0.12556373	0.8093544299533921	0.9011358060412678	ENSG00000169554.23	ZEB2	False
ENST00000382713	15.48768	0.750904	2.193083	1.442179	0.09999245	0.8093544299533921	1.0000328052323264	ENSG00000206052.11	DOK6	False
ENST00000695439	17.233644	1.3285698	2.769411	1.4408413	0.10913888	0.8093544299533921	0.9620204928012958	ENSG00000144029.14	MRPS5	False
ENST00000577865	19.195683	1.3688577	2.8096075	1.4407498	0.10741672	0.8093544299533921	0.9689281163048238	ENSG00000187688.15	TRPV2	False
ENST00000409563	93.5879	3.0913684	4.531579	1.4402106	0.18349783	0.8093544299533921	0.7363690643405537	ENSG00000143933.20	CALM2	False
ENST00000581258	100.1687	3.3519394	4.790629	1.4386895	0.1813866	0.8093544299533921	0.741394788006823	ENSG00000171634.19	BPTF	False
ENST00000391705	8.6	0.61924744	2.0577881	1.4385407	0.074102916	0.8093544299533921	1.1301647029366704	ENSG00000131845.15	ZNF304	False
ENST00000550288	81.28456	3.0228157	4.4611964	1.4383807	0.12492951	0.8093544299533921	0.9033349632181704	ENSG00000123329.20	ARHGAP9	False
ENST00000706265	98.893326	3.2882986	4.725705	1.4374065	0.122182965	0.8093544299533921	0.9129893391113815	ENSG00000135837.18	CEP350	True
ENST00000687418	50.095417	2.2575006	3.694107	1.4366064	0.100706786	0.8093544299533921	0.9969412644301318	ENSG00000166348.20	USP54	False
ENST00000357457	40.766197	1.815106	3.250722	1.4356159	0.23285258	0.8093544299533921	0.6329189491599398	ENSG00000113163.19	CERT1	True
ENST00000358161	10.29437	0.5700603	2.005157	1.4350967	0.15590322	0.8093544299533921	0.8071449143780152	ENSG00000197694.19	SPTAN1	False
ENST00000262430	113.768234	3.452243	4.88718	1.4349368	0.104801394	0.8093544299533921	0.979632940423116	ENSG00000103150.7	MLYCD	False
ENST00000520448	5.8980055	0.28581703	1.7206438	1.4348267	0.09585469	0.8093544299533921	1.0183866232158572	ENSG00000042980.14	ADAM28	False
ENST00000639862	12.91138	1.189436	2.6241245	1.4346886	0.15549609	0.8093544299533921	0.8082805251595394	ENSG00000197057.10	DTHD1	False
ENST00000682465	114.48301	3.5195816	4.954235	1.4346535	0.17774776	0.8093544299533921	0.7501958727784597	ENSG00000149311.22	ATM	False
ENST00000397523	56.971832	2.6311326	4.0647693	1.4336367	0.15749992	0.8093544299533921	0.8027196506057309	ENSG00000184708.18	EIF4ENIF1	False
ENST00000462942	89.507065	3.262211	4.695737	1.4335258	0.14965694	0.8093544299533921	0.8249031490190447	ENSG00000181090.21	EHMT1	False
ENST00000642610	42.069878	2.1482933	3.5813928	1.4330995	0.13021052	0.8093544299533921	0.8853539306040077	ENSG00000284770.2	TBCE	False
ENST00000644384	22.413092	1.6440954	3.0767996	1.4327042	0.07923243	0.8093544299533921	1.1010970137002254	ENSG00000160183.17	TMPRSS3	False
ENST00000643105	34.078236	1.8906783	3.3231106	1.4324323	0.09581106	0.8093544299533921	1.0185843479399754	ENSG00000197912.16	SPG7	False
ENST00000682007	114.463455	3.1192229	4.5513463	1.4321234	0.20731317	0.8093544299533921	0.6833731179007657	ENSG00000182923.20	CEP63	False
ENST00000602307	28.0	1.2519441	2.6828187	1.4308746	0.2835726	0.8103610639894862	0.5473357131193073	ENSG00000076201.16	PTPN23	True
ENST00000368346	146.16833	3.630994	5.0618324	1.4308383	0.38871774	0.8259378738446596	0.4103656380553848	ENSG00000116539.14	ASH1L	False
ENST00000644841	34.184303	2.2517836	3.6822927	1.4305091	0.050809935	0.8093544299533921	1.2940513629349726	ENSG00000198836.11	OPA1	False
ENST00000590751	9.957464	0.7853649	2.2155442	1.4301794	0.057126097	0.8093544299533921	1.2431654441302304	ENSG00000180479.15	ZNF571	True
ENST00000508404	6.862043	0.52385676	1.9540308	1.430174	0.29924515	0.8112092915290223	0.523972881269978	ENSG00000134851.13	TMEM165	False
ENST00000687470	10.008026	1.0430357	2.4728594	1.4298236	0.008847543	0.8093544299533921	2.0531773160816593	ENSG00000196338.15	NLGN3	False
ENST00000649775	117.443565	3.4002485	4.827843	1.4275947	0.3075835	0.8118754707110037	0.5120369501698261	ENSG00000123066.9	MED13L	False
ENST00000373008	15.304774	0.90290236	2.3302245	1.4273221	0.39518592	0.8290075231731883	0.4031985398199335	ENSG00000122884.13	P4HA1	False
ENST00000394890	15.304774	0.90290236	2.3302245	1.4273221	0.39518592	0.8290075231731883	0.4031985398199335	ENSG00000122884.13	P4HA1	False
ENST00000395038	33.848747	1.8644594	3.2915852	1.4271258	0.35258356	0.8172002775093227	0.45273794476257356	ENSG00000115904.15	SOS1	False
ENST00000266458	24.93942	1.5178856	2.94483	1.4269444	0.100462005	0.8093544299533921	0.9979981605085781	ENSG00000139112.11	GABARAPL1	False
ENST00000317201	14.2	0.8464115	2.273334	1.4269226	0.044657297	0.8093544299533921	1.3501075630760533	ENSG00000105997.23	HOXA3	False
ENST00000202677	176.872	3.5079143	4.9348288	1.4269145	0.30748987	0.8118754707110037	0.5121691843314116	ENSG00000188559.16	RALGAPA2	False
ENST00000699004	29.04536	1.2219625	2.6484113	1.4264488	0.3262291	0.8142173533113395	0.48647730806035366	ENSG00000112851.16	ERBIN	False
ENST00000675621	22.048367	1.9041762	3.3301764	1.4260001	0.018666126	0.8093544299533921	1.7289458107876003	ENSG00000007168.15	PAFAH1B1	False
ENST00000611161	191.96109	4.3611693	5.7871203	1.425951	0.18083347	0.8093544299533921	0.7427211748466069	ENSG00000275183.2	LENG9	False
ENST00000420814	83.7276	3.2164328	4.6420174	1.4255846	0.09427845	0.8093544299533921	1.0255875784765927	ENSG00000177479.20	ARIH2	True
ENST00000484212	14.494614	0.59708923	2.022453	1.4253638	0.04324782	0.8093544299533921	1.3640357897769075	ENSG00000105967.16	TFEC	False
ENST00000355705	156.19012	3.913742	5.3390865	1.4253445	0.16364697	0.8093544299533921	0.7860920414808332	ENSG00000183281.15	PLGLB1	True
ENST00000637358	27.058659	2.127784	3.552922	1.425138	0.03369925	0.8093544299533921	1.4723797424886473	ENSG00000175198.17	PCCA	False
ENST00000255409	13.469004	1.3132586	2.7380352	1.4247766	0.060807247	0.8093544299533921	1.2160446605180422	ENSG00000133048.13	CHI3L1	False
ENST00000398391	10.396566	0.8961162	2.3206475	1.4245312	0.062249742	0.8093544299533921	1.2058624410756078	ENSG00000166263.13	STXBP4	False
ENST00000700113	73.437096	2.8693306	4.2937202	1.4243896	0.09860723	0.8093544299533921	1.0060912532052486	ENSG00000198821.12	CD247	False
ENST00000678769	394.3433	5.2808785	6.7049646	1.4240861	0.23773888	0.8093544299533921	0.6238997921117899	ENSG00000093010.15	COMT	False
ENST00000486310	8.508437	0.3867948	1.81047	1.4236752	0.108123	0.8093544299533921	0.9660819249007523	ENSG00000168374.11	ARF4	False
ENST00000489442	11.967983	1.3174405	2.7409472	1.4235067	0.060501665	0.8093544299533921	1.2182326743240812	ENSG00000151882.11	CCL28	False
ENST00000397162	52.83324	2.494179	3.917676	1.423497	0.12772012	0.8093544299533921	0.8937406903554921	ENSG00000197124.12	ZNF682	False
ENST00000359265	55.611492	2.4375706	3.860981	1.4234104	0.14141458	0.8093544299533921	0.8495058036060853	ENSG00000163110.15	PDLIM5	False
ENST00000625860	38.460663	2.1147406	3.537601	1.4228604	0.10013267	0.8093544299533921	0.9994242184388962	ENSG00000196616.15	ADH1B	False
ENST00000378560	30.15041	0.6967483	2.1194012	1.422653	0.36491373	0.8185742609699567	0.4378097936959406	ENSG00000081059.20	TCF7	False
ENST00000680804	11.473536	0.7968593	2.219482	1.4226227	0.0998658	0.8093544299533921	1.000583207520343	ENSG00000079482.14	OPHN1	True
ENST00000347800	77.60069	2.180848	3.6033783	1.4225304	0.20440783	0.8093544299533921	0.6895024805910384	ENSG00000160179.19	ABCG1	False
ENST00000392064	192.93654	4.3272586	5.7489395	1.4216809	0.17267141	0.8093544299533921	0.7627795710016883	ENSG00000152061.24	RABGAP1L	False
ENST00000375352	65.42564	2.7553568	4.176961	1.4216042	0.1303052	0.8093544299533921	0.885038250133405	ENSG00000204345.1	CD300LD	False
ENST00000334696	92.31432	3.1192138	4.54023	1.421016	0.1737996	0.8093544299533921	0.759951216976732	ENSG00000187097.13	ENTPD5	False
ENST00000402045	12.46555	0.52847797	1.9494822	1.4210043	0.3160405	0.8118754707110037	0.5002572788929944	ENSG00000106003.14	LFNG	False
ENST00000648893	28.275787	1.841647	3.262158	1.4205109	0.0932036	0.8093544299533921	1.0305673276937166	ENSG00000189190.11	ZNF600	False
ENST00000369902	60.5	2.5953395	4.0158434	1.4205039	0.14926137	0.8093544299533921	0.8260525756357748	ENSG00000107882.12	SUFU	False
ENST00000683274	36.489742	2.5291758	3.9494615	1.4202857	0.07887552	0.8093544299533921	1.1030577682397336	ENSG00000140650.13	PMM2	False
ENST00000568784	686.1752	5.8710475	7.291285	1.4202375	0.2868934	0.8109740254625081	0.5422794462888905	ENSG00000069329.19	VPS35	False
ENST00000586618	37.55149	2.1954591	3.6153076	1.4198484	0.09984501	0.8093544299533921	1.000673647965604	ENSG00000126254.12	RBM42	False
ENST00000443700	114.80829	3.8816738	5.301401	1.4197273	0.071881734	0.8093544299533921	1.1433814559679025	ENSG00000152056.18	AP1S3	False
ENST00000703210	25.206938	1.5635065	2.9830997	1.4195932	0.066725105	0.8093544299533921	1.1757107338177921	ENSG00000088387.22	DOCK9	False
ENST00000427635	220.4343	4.06162	5.480621	1.4190006	0.17227589	0.8093544299533921	0.7637755080207943	ENSG00000148634.16	HERC4	False
ENST00000583684	51.280037	2.7766707	4.195466	1.4187953	0.11800035	0.8093544299533921	0.9281167012492226	ENSG00000108622.11	ICAM2	False
ENST00000409683	181.26146	4.2386594	5.657426	1.4187665	0.14957073	0.8093544299533921	0.8251533770995003	ENSG00000187514.17	PTMA	False
ENST00000564241	60.402443	2.8135407	4.231386	1.4178455	0.16795196	0.8093544299533921	0.7748149329058988	ENSG00000166454.10	ATMIN	False
ENST00000435022	4.4163923	0.22696579	1.6441764	1.4172106	0.09901184	0.8093544299533921	1.0043128755023902	ENSG00000064961.19	HMG20B	False
ENST00000524140	65.57939	2.3282096	3.7443967	1.416187	0.20971827	0.8093544299533921	0.6783637291811248	ENSG00000188039.17	NWD1	False
ENST00000395675	24.795822	1.7376102	3.153716	1.4161059	0.03779683	0.8093544299533921	1.4225446353697369	ENSG00000240445.6	FOXO3B	False
ENST00000612186	17.50156	1.4466625	2.8627539	1.4160913	0.026176004	0.8093544299533921	1.582096655969872	ENSG00000162086.16	ZNF75A	False
ENST00000291358	23.095947	1.8477205	3.263753	1.4160324	0.03327305	0.8093544299533921	1.4779074043475902	ENSG00000160051.12	IQCC	False
ENST00000280096	39.39324	1.8974651	3.3133867	1.4159216	0.14516154	0.8093544299533921	0.838148435118924	ENSG00000150540.14	HNMT	False
ENST00000263702	115.020874	3.5575387	4.9731402	1.4156015	0.14275387	0.8093544299533921	0.8454121115182205	ENSG00000116353.16	MECR	False
ENST00000536010	20.6	0.8908734	2.3060489	1.4151754	0.07345961	0.8093544299533921	1.133951379643634	ENSG00000107789.16	MINPP1	False
ENST00000292733	42.482826	2.379078	3.7934167	1.4143388	0.17154701	0.8093544299533921	0.765616845762144	ENSG00000099917.17	MED15	False
ENST00000681113	1123.1814	6.904078	8.318226	1.4141479	0.21675019	0.8093544299533921	0.6640405138327663	ENSG00000198900.7	TOP1	False
ENST00000509704	20.252888	1.1716176	2.585755	1.4141375	0.0561319	0.8093544299533921	1.2507902621409261	ENSG00000109466.14	KLHL2	True
ENST00000242607	340.0649	5.1988206	6.612765	1.4139442	0.23568982	0.8093544299533921	0.6276591773772948	ENSG00000122986.14	HVCN1	False
ENST00000627246	14.507739	1.3301718	2.743995	1.4138231	0.07431856	0.8093544299533921	1.1289027256615305	ENSG00000281106.4	TMEM272	False
ENST00000371835	19.137663	1.2467119	2.6604311	1.4137193	0.16191114	0.8093544299533921	0.7907232563644935	ENSG00000141867.19	BRD4	False
ENST00000423505	15.223399	0.40814433	1.8213563	1.413212	0.28748816	0.8109740254625081	0.5413800329192134	ENSG00000131828.14	PDHA1	False
ENST00000512630	10.925447	0.44403887	1.856823	1.4127841	0.1317876	0.8093544299533921	0.8801254570848405	ENSG00000109452.13	INPP4B	False
ENST00000279242	79.5403	3.1502683	4.562804	1.4125359	0.11970599	0.8093544299533921	0.9218841174288234	ENSG00000149792.9	MRPL49	False
ENST00000428404	10.311961	0.95738834	2.369278	1.4118896	0.033871513	0.8093544299533921	1.4701654053009654	ENSG00000204599.16	TRIM39	True
ENST00000507563	37.56303	2.290622	3.7023108	1.4116888	0.11932658	0.8093544299533921	0.9232628188511165	ENSG00000149483.13	TMEM138	True
ENST00000629650	27.368546	1.9768816	3.3884928	1.4116112	0.08933499	0.8093544299533921	1.0489784209505697	ENSG00000170836.13	PPM1D	False
ENST00000659108	46.29647	2.2678158	3.679323	1.4115071	0.13700457	0.8093544299533921	0.8632649486576851	ENSG00000162601.12	MYSM1	True
ENST00000286827	73.309135	2.8211043	4.232395	1.4112909	0.12718943	0.8093544299533921	0.8955489871124017	ENSG00000156299.15	TIAM1	False
ENST00000641169	17.075092	1.4080733	2.8191752	1.4111019	0.02909154	0.8093544299533921	1.5362332773700234	ENSG00000188124.4	OR2AG2	False
ENST00000651921	36.77058	2.2503083	3.661372	1.4110637	0.12199491	0.8093544299533921	0.9136582796960357	ENSG00000134900.13	TPP2	True
ENST00000577880	313.97772	4.647766	6.05785	1.4100838	0.26451677	0.8093544299533921	0.5775467877035142	ENSG00000101596.17	SMCHD1	False
ENST00000429018	141.01082	3.1915843	4.6014915	1.4099071	0.3295724	0.8142173533113395	0.4820491530144108	ENSG00000144674.19	GOLGA4	False
ENST00000366089	88.34963	2.9040773	4.313792	1.4097149	0.18382871	0.8093544299533921	0.7355866568431684	ENSG00000138468.16	SENP7	True
ENST00000676664	63.292633	2.8088777	4.218485	1.4096072	0.105054155	0.8093544299533921	0.97858676615705	ENSG00000100412.17	ACO2	False
ENST00000552147	28.994617	1.9223641	3.331639	1.4092749	0.102780886	0.8093544299533921	0.988087642918258	ENSG00000187109.15	NAP1L1	False
ENST00000418988	87.81931	3.1510432	4.559901	1.4088581	0.11999716	0.8093544299533921	0.9208290372750354	ENSG00000129084.18	PSMA1	False
ENST00000456643	40.68074	2.1942503	3.601124	1.4068737	0.14384203	0.8093544299533921	0.8421142067898028	ENSG00000135046.14	ANXA1	False
ENST00000647318	12.800005	1.1657742	2.5725937	1.4068195	0.2896803	0.8109740254625081	0.5380810352118564	ENSG00000167207.15	NOD2	False
ENST00000648685	293.97424	3.2419596	4.648693	1.4067335	0.5194373	0.8596276200549111	0.2844668566269443	ENSG00000169896.18	ITGAM	False
ENST00000436088	15.497789	0.87732834	2.2839284	1.4066	0.41146332	0.8330998809981174	0.3856688737463338	ENSG00000108312.16	UBTF	False
ENST00000358028	10.369676	0.82658607	2.233183	1.4065969	0.037287828	0.8093544299533921	1.4284329182475577	ENSG00000001461.17	NIPAL3	False
ENST00000561435	272.85	4.534755	5.9409647	1.4062095	0.23946778	0.8093544299533921	0.6207529032973326	ENSG00000092010.15	PSME1	False
ENST00000332644	159.22612	3.6800373	5.08598	1.4059427	0.22014907	0.8093544299533921	0.6572831447903523	ENSG00000185873.8	TMPRSS11B	False
ENST00000287701	229.80696	4.1843867	5.590143	1.4057565	0.1872087	0.8093544299533921	0.7276739790052255	ENSG00000147421.18	HMBOX1	False
ENST00000505226	38.064724	2.2995288	3.705143	1.4056141	0.10791482	0.8093544299533921	0.9669189080662307	ENSG00000118420.17	UBE3D	True
ENST00000563793	47.737816	2.599104	4.004461	1.4053569	0.019299982	0.8093544299533921	1.7144430934320394	ENSG00000169371.14	SNUPN	True
ENST00000644092	62.506603	2.8383675	4.243459	1.4050918	0.071640015	0.8093544299533921	1.1448443340215695	ENSG00000095002.16	MSH2	False
ENST00000503350	147.83987	3.381877	4.786624	1.404747	0.276456	0.8093544299533921	0.5583739824922747	ENSG00000113712.19	CSNK1A1	False
ENST00000681906	69.844315	2.1323166	3.5366032	1.4042866	0.26418018	0.8093544299533921	0.5780997626419423	ENSG00000123983.15	ACSL3	False
ENST00000616645	155.06593	4.2107787	5.614575	1.4037962	0.104386084	0.8093544299533921	0.981357395391711	ENSG00000196684.12	HSH2D	False
ENST00000700518	125.55336	4.2119765	5.6155477	1.4035711	0.10813345	0.8093544299533921	0.966039940009591	ENSG00000115760.16	BIRC6	False
ENST00000679902	146.55228	3.7034743	5.106704	1.40323	0.22724931	0.8093544299533921	0.6434974278652235	ENSG00000165280.18	VCP	False
ENST00000367474	64.25704	2.811818	4.2146115	1.4027936	0.07893401	0.8093544299533921	1.1027358534825413	ENSG00000203727.4	SAMD5	False
ENST00000675016	126.39695	3.5540164	4.9559164	1.4019	0.21403855	0.8093544299533921	0.6695079980750925	ENSG00000131165.16	CHMP1A	False
ENST00000517730	73.40003	1.9198903	3.3212247	1.4013344	0.4000234	0.8298121044971967	0.39791460233728276	ENSG00000078674.20	PCM1	False
ENST00000380672	20.06502	1.880026	3.2811658	1.4011399	0.052059952	0.8093544299533921	1.2834962352368422	ENSG00000173068.19	BNC2	False
ENST00000603393	17.618088	1.477192	2.8782024	1.4010104	0.049216866	0.8093544299533921	1.3078860401257344	ENSG00000270647.7	TAF15	False
ENST00000292067	255.03027	4.542327	5.9432783	1.4009514	0.20325492	0.8093544299533921	0.6919589261603817	ENSG00000160593.20	JAML	False
ENST00000648282	117.09718	3.9043624	5.305226	1.4008634	0.1355458	0.8093544299533921	0.8679139185230246	ENSG00000115760.16	BIRC6	False
ENST00000336375	92.92976	2.755476	4.155242	1.399766	0.17861834	0.8093544299533921	0.7480739469967448	ENSG00000014257.17	ACP3	True
ENST00000696347	143.1029	4.034559	5.4341173	1.3995585	0.19691877	0.8093544299533921	0.7057128841145727	ENSG00000115392.13	FANCL	True
ENST00000422086	35.1426	2.4367363	3.8359702	1.3992338	0.02420399	0.8093544299533921	1.616113041364844	ENSG00000284130.2	TUBA3FP	False
ENST00000493610	30.633327	2.0111077	3.410169	1.3990612	0.09209362	0.8093544299533921	1.0357704709715572	ENSG00000148843.15	PDCD11	True
ENST00000643231	55.643272	2.8101196	4.209031	1.3989115	0.06135686	0.8093544299533921	1.2121368658546443	ENSG00000198860.14	TSEN15	False
ENST00000513432	46.96627	2.3772154	3.775515	1.3982997	0.15376993	0.8093544299533921	0.8131285967904087	ENSG00000101639.19	CEP192	False
ENST00000680667	80.3274	1.8678794	3.2659276	1.3980482	0.5590145	0.8734555245741956	0.25257692764944856	ENSG00000077232.19	DNAJC10	False
ENST00000347454	31.163671	2.0864403	3.4844425	1.3980021	0.102513276	0.8093544299533921	0.9892198874102546	ENSG00000115211.17	EIF2B4	False
ENST00000652326	211.9823	4.4047236	5.8021536	1.39743	0.20850271	0.8093544299533921	0.6808882962201234	ENSG00000100578.18	KIAA0586	False
ENST00000489667	32.82767	1.835569	3.2324355	1.3968664	0.06860342	0.8093544299533921	1.1636542412197293	ENSG00000149646.12	CNBD2	False
ENST00000253363	377.7475	5.346668	6.74341	1.3967423	0.13050313	0.8093544299533921	0.8843790622572337	ENSG00000131051.24	RBM39	False
ENST00000347077	57.810425	2.6320155	4.028594	1.3965786	0.10777353	0.8093544299533921	0.9674879021477878	ENSG00000187187.14	ZNF546	True
ENST00000548381	12.427607	1.0831388	2.479123	1.3959843	0.04933537	0.8093544299533921	1.3068415953847536	ENSG00000123154.12	WDR83	True
ENST00000440865	101.827896	3.789397	5.1850915	1.3956945	0.008513551	0.8093544299533921	2.0698892475294484	ENSG00000153187.21	HNRNPU	False
ENST00000221992	25.329563	1.8929511	3.288416	1.3954648	0.06592591	0.8093544299533921	1.180943859722333	ENSG00000105388.17	CEACAM5	False
ENST00000681699	30.00874	2.004913	3.4002495	1.3953364	0.15071335	0.8093544299533921	0.821848264187146	ENSG00000159063.14	ALG8	False
ENST00000679795	9.44763	0.3083155	1.7036097	1.3952942	0.26416546	0.8093544299533921	0.5781239658666457	ENSG00000100023.20	PPIL2	False
ENST00000311652	16.37897	1.5164595	2.9115553	1.3950958	0.086297825	0.8093544299533921	1.0640001499579819	ENSG00000204149.16	AGAP6	False
ENST00000599180	296.7005	4.2241983	5.619216	1.3950176	0.42639998	0.8391468018325449	0.3701828284104568	ENSG00000126262.5	FFAR2	False
ENST00000357596	74.684494	1.4625311	2.8574295	1.3948984	0.35991415	0.8183278143069013	0.443801074151234	ENSG00000136147.18	PHF11	False
ENST00000679205	15.133764	1.3695282	2.764326	1.3947979	0.28584146	0.8106393935615843	0.5438747709513094	ENSG00000161057.13	PSMC2	False
ENST00000589428	631.8586	5.8033166	7.1978364	1.3945198	0.30573285	0.8118754707110037	0.5146579005503309	ENSG00000198858.10	R3HDM4	False
ENST00000675596	9.278978	1.0440103	2.4383016	1.3942913	0.059356693	0.8093544299533921	1.2265303020411988	ENSG00000106477.20	CEP41	False
ENST00000630848	34.64927	1.7490352	3.142729	1.3936938	0.18756685	0.8093544299533921	0.7268439229246081	ENSG00000170956.17	CEACAM3	False
ENST00000706279	132.24658	3.5116756	4.905363	1.3936875	0.18017878	0.8093544299533921	0.7442963667554916	ENSG00000111450.15	STX2	True
ENST00000704578	583.91974	5.8322263	7.2257347	1.3935084	0.2918071	0.8111088466013822	0.5349041673474326	ENSG00000153827.15	TRIP12	False
ENST00000327473	260.6311	4.8914638	6.284697	1.3932333	0.10417183	0.8093544299533921	0.9822497171556798	ENSG00000185361.9	TNFAIP8L1	False
ENST00000648570	21.054523	1.6071415	2.9999118	1.3927703	0.029546086	0.8093544299533921	1.5295000461500416	ENSG00000185513.18	L3MBTL1	False
ENST00000011473	18.937986	1.574732	2.96742	1.3926882	0.047831085	0.8093544299533921	1.3202897713037802	ENSG00000008282.10	SYPL1	False
ENST00000620804	15.646261	1.0696982	2.4623244	1.3926262	0.05193527	0.8093544299533921	1.2845376026516455	ENSG00000274600.2	RIMBP3B	False
ENST00000416701	256.6077	4.789634	6.181865	1.392231	0.22013265	0.8093544299533921	0.6573155403406044	ENSG00000127084.19	FGD3	False
ENST00000393597	29.809162	2.1229095	3.5151212	1.3922117	0.06489875	0.8093544299533921	1.187763656749753	ENSG00000175591.12	P2RY2	False
ENST00000677441	99.67217	3.1466439	4.5385246	1.3918808	0.24273416	0.8093544299533921	0.6148690939099543	ENSG00000107897.20	ACBD5	False
ENST00000409869	8.068527	0.7594939	2.1513681	1.3918743	0.007421724	0.8093544299533921	2.129495198376161	ENSG00000075884.14	ARHGAP15	False
ENST00000541676	12.707615	0.8904678	2.282306	1.3918381	0.10288318	0.8093544299533921	0.9876556102629814	ENSG00000103168.17	TAF1C	False
ENST00000642691	52.343452	2.5182319	3.9099793	1.3917475	0.118904255	0.8093544299533921	0.9248026026267885	ENSG00000164077.15	MON1A	False
ENST00000483358	12.9444475	1.1821889	2.5737023	1.3915135	0.2695182	0.8093544299533921	0.5694119079959232	ENSG00000013374.17	NUB1	False
ENST00000289153	128.62874	3.8733318	5.264781	1.3914492	0.14050764	0.8093544299533921	0.8523000654497195	ENSG00000051382.9	PIK3CB	False
ENST00000378383	163.47667	4.207391	5.598707	1.3913164	0.098354265	0.8093544299533921	1.00720680232786	ENSG00000102531.16	FNDC3A	False
ENST00000367113	14.549568	1.4169668	2.8081734	1.3912066	0.04459419	0.8093544299533921	1.3507217102237306	ENSG00000078269.15	SYNJ2	True
ENST00000448299	22.22633	1.7802569	3.1714196	1.3911628	0.067208946	0.8093544299533921	1.172572916949044	ENSG00000188295.15	ZNF669	False
ENST00000258243	15.9	0.9546218	2.3457317	1.39111	0.07447423	0.8093544299533921	1.1279939759409883	ENSG00000135763.10	URB2	False
ENST00000265081	176.08664	3.6701555	5.0611234	1.3909678	0.19930904	0.8093544299533921	0.7004730111093478	ENSG00000113318.11	MSH3	False
ENST00000602922	25.4	1.6096915	3.0002413	1.3905498	0.049559675	0.8093544299533921	1.304871548905221	ENSG00000101342.10	TLDC2	False
ENST00000376048	71.07851	3.33189	4.7220964	1.3902063	0.015227377	0.8093544299533921	1.8173748880230396	ENSG00000116731.23	PRDM2	False
ENST00000661429	11808.264	7.1697993	8.559721	1.3899217	0.7240462	0.9290277801612368	0.14023373898807456	ENSG00000163041.13	H3-3A	False
ENST00000378735	15.83035	1.1597337	2.549598	1.3898643	0.27810606	0.8093544299533921	0.5557895420196831	ENSG00000131437.16	KIF3A	False
ENST00000322927	10.6	1.2457527	2.635542	1.3897892	0.03402597	0.8093544299533921	1.4681894744354158	ENSG00000198026.8	ZNF335	False
ENST00000375067	9.68046	0.6735453	2.0633287	1.3897834	0.011292046	0.8093544299533921	1.9472273638136661	ENSG00000204305.16	AGER	False
ENST00000350030	257.1973	4.5802193	5.969751	1.3895316	0.20184262	0.8093544299533921	0.694987123048821	ENSG00000132780.17	NASP	False
ENST00000628477	397.29645	5.443928	6.833376	1.3894482	0.1866657	0.8093544299533921	0.7289354793362934	ENSG00000145833.16	DDX46	False
ENST00000367109	38.265373	2.3474762	3.7366624	1.3891861	0.04162032	0.8093544299533921	1.3806945686142895	ENSG00000143479.18	DYRK3	False
ENST00000398016	21.15858	1.6304301	3.01958	1.3891498	0.04729026	0.8093544299533921	1.3252282813933283	ENSG00000155974.14	GRIP1	False
ENST00000301831	5.288123	0.5662486	1.9546912	1.3884425	0.14193293	0.8093544299533921	0.8479168179193665	ENSG00000168038.11	ULK4	False
ENST00000577600	37.93465	2.3084986	3.6967485	1.3882499	0.12121799	0.8093544299533921	0.9164329272255982	ENSG00000133313.15	CNDP2	False
ENST00000257915	139.28455	4.038136	5.425988	1.3878522	0.15535055	0.8093544299533921	0.8086872020174961	ENSG00000135457.11	TFCP2	False
ENST00000524391	59.11966	3.0094643	4.3964877	1.3870234	0.092385225	0.8093544299533921	1.034397479157797	ENSG00000164794.9	KCNV1	False
ENST00000284987	23.237823	1.7581792	3.1449804	1.3868012	0.018407209	0.8093544299533921	1.7350120602252392	ENSG00000154736.6	ADAMTS5	False
ENST00000437811	6.2016273	0.5773273	1.9640174	1.3866901	0.035295416	0.8093544299533921	1.4522816991065846	ENSG00000231389.8	HLA-DPA1	True
ENST00000614832	53.648907	2.8000748	4.1865077	1.3864329	0.06161947	0.8093544299533921	1.210282029052293	ENSG00000106123.13	EPHB6	False
ENST00000612814	78.82326	3.0644054	4.450798	1.3863926	0.13395087	0.8093544299533921	0.8730544476915971	ENSG00000076351.13	SLC46A1	False
ENST00000378886	47.77077	2.2643025	3.6504195	1.386117	0.1438257	0.8093544299533921	0.8421635189287564	ENSG00000125885.13	MCM8	False
ENST00000683941	106.84526	2.346379	3.732335	1.385956	0.43603063	0.842654100473947	0.3604830053078857	ENSG00000159110.22	IFNAR2	False
ENST00000403245	111.499855	2.613775	3.9997048	1.3859298	0.4629261	0.8485544709786854	0.3344883423947885	ENSG00000135315.12	CEP162	False
ENST00000470467	20.150143	1.4060591	2.791889	1.3858298	0.05481475	0.8093544299533921	1.2611025744419007	ENSG00000112640.16	PPP2R5D	False
ENST00000547439	40.159267	1.2366728	2.6223497	1.385677	0.28433207	0.8106393935615843	0.5461741581153093	ENSG00000136044.12	APPL2	False
ENST00000684550	50.822666	0.90979296	2.294083	1.3842902	0.33748403	0.8159197719302365	0.47174677102546686	ENSG00000055609.21	KMT2C	False
ENST00000321998	10.73885	0.9078765	2.2917798	1.3839033	0.005953738	0.8093544299533921	2.225210280799792	ENSG00000167186.11	COQ7	False
ENST00000640358	27.850672	0.681721	2.0655174	1.3837965	0.36055538	0.8185482386998197	0.4430280190602401	ENSG00000108433.17	GOSR2	False
ENST00000301964	44.5	2.1848648	3.5686383	1.3837736	0.113212496	0.8093544299533921	0.9461056344315028	ENSG00000171148.14	TADA3	False
ENST00000415684	37.904213	2.2719502	3.6546783	1.3827281	0.10987944	0.8093544299533921	0.9590835564622909	ENSG00000154743.19	TSEN2	False
ENST00000334035	184.23505	4.068457	5.4499407	1.3814836	0.3498013	0.81719736681995	0.45617857841557274	ENSG00000113742.14	CPEB4	False
ENST00000552085	10.068591	0.96907884	2.3504307	1.381352	0.009610137	0.8093544299533921	2.0172704223967592	ENSG00000139343.11	SNRPF	False
ENST00000699641	15.923571	1.2478305	2.6290681	1.3812376	0.079673365	0.8093544299533921	1.098686841360996	ENSG00000177409.12	SAMD9L	False
ENST00000355898	36.000298	0.75022227	2.131153	1.3809309	0.38048035	0.8231329589941108	0.41966776862667665	ENSG00000168813.17	ZNF507	False
ENST00000313367	24.434046	1.9820008	3.3628912	1.3808904	0.09632471	0.8093544299533921	1.0162622806329171	ENSG00000070882.13	OSBPL3	False
ENST00000378201	36.94699	2.3762486	3.7566986	1.38045	0.049061712	0.8093544299533921	1.3092573023176077	ENSG00000152464.15	RPP38	False
ENST00000471418	12.606656	1.2763412	2.656779	1.3804379	0.06982463	0.8093544299533921	1.155991366073945	ENSG00000181722.18	ZBTB20	False
ENST00000212015	66.67851	2.376499	3.7567205	1.3802216	0.15296431	0.8093544299533921	0.8154098912365146	ENSG00000096717.12	SIRT1	False
ENST00000676039	51.08164	2.1674001	3.5468156	1.3794155	0.15440787	0.8093544299533921	0.8113305573754565	ENSG00000130592.17	LSP1	False
ENST00000358495	64.7742	3.2335656	4.6119556	1.3783901	0.09035967	0.8093544299533921	1.0440253498658694	ENSG00000002016.18	RAD52	False
ENST00000522756	17.645155	1.4111919	2.7888784	1.3776865	0.019833604	0.8093544299533921	1.7025983649515313	ENSG00000104413.18	ESRP1	True
ENST00000320270	7.5	0.77958965	2.1568298	1.3772402	0.02815143	0.8093544299533921	1.5504995365967338	ENSG00000179041.4	RRS1	False
ENST00000356769	51.805725	2.6784751	4.055682	1.377207	0.11600785	0.8093544299533921	0.9355126236060548	ENSG00000196531.14	NACA	False
ENST00000581438	21.071896	1.0253412	2.4022086	1.3768674	0.11642157	0.8093544299533921	0.9339665376609488	ENSG00000175224.17	ATG13	False
ENST00000306177	365.3016	5.320852	6.6975675	1.3767157	0.26766074	0.8093544299533921	0.5724153304883637	ENSG00000106346.12	USP42	False
ENST00000204726	25.61018	1.0366012	2.413206	1.3766049	0.2714881	0.8093544299533921	0.5662492014030086	ENSG00000090615.16	GOLGA3	False
ENST00000645391	42.32421	2.2519739	3.6285436	1.3765697	0.24398032	0.8093544299533921	0.6126452064278296	ENSG00000130429.16	ARPC1B	False
ENST00000294671	9.9	1.0220941	2.3986146	1.3765205	0.24092388	0.8093544299533921	0.6181201485156873	ENSG00000213512.3	GBP7	False
ENST00000449622	27.80282	1.8609535	3.2372243	1.3762709	0.06137136	0.8093544299533921	1.2120342527512165	ENSG00000160221.18	GATD3	False
ENST00000289431	65.4	2.613864	3.9901035	1.3762395	0.18298526	0.8093544299533921	0.7375838899868367	ENSG00000158480.11	SPATA2	False
ENST00000680970	155.01898	3.9907968	5.366932	1.3761351	0.15347725	0.8093544299533921	0.8139559867487771	ENSG00000141252.21	VPS53	False
ENST00000325680	117.327354	3.911966	5.2879477	1.3759816	0.16388768	0.8093544299533921	0.7854536937320954	ENSG00000119596.18	YLPM1	False
ENST00000651760	30.370306	1.8243623	3.2003322	1.3759699	0.07051784	0.8093544299533921	1.1517010111560368	ENSG00000140694.18	PARN	False
ENST00000474588	21.920116	1.2181851	2.5938964	1.3757113	0.25048083	0.8093544299533921	0.6012255051382672	ENSG00000114491.14	UMPS	False
ENST00000486337	47.072792	2.5436618	3.9190552	1.3753934	0.18394645	0.8093544299533921	0.7353085996678105	ENSG00000196998.19	WDR45	True
ENST00000484547	12.364773	1.0734996	2.4481187	1.3746191	0.044151478	0.8093544299533921	1.3550547583111587	ENSG00000154710.18	RABGEF1	True
ENST00000644112	17.821112	1.3460503	2.7205467	1.3744965	0.050847683	0.8093544299533921	1.2937288311185666	ENSG00000126953.8	TIMM8A	True
ENST00000167106	21.85476	1.7566239	3.13094	1.3743161	0.102411926	0.8093544299533921	0.9896494671454957	ENSG00000071246.11	VASH1	False
ENST00000697469	59.211193	2.576429	3.9501984	1.3737695	0.23639745	0.8093544299533921	0.6263572212794627	ENSG00000145675.16	PIK3R1	False
ENST00000688493	14.229733	1.0392834	2.4128828	1.3735994	0.06642041	0.8093544299533921	1.1776984246795614	ENSG00000142621.21	FHAD1	False
ENST00000599548	13.905001	1.1442523	2.5169363	1.372684	0.017187268	0.8093544299533921	1.7647931626269224	ENSG00000118620.13	ZNF430	False
ENST00000424469	11.620246	0.6312693	2.0038013	1.3725321	0.037856784	0.8093544299533921	1.4218562861174782	ENSG00000176463.14	SLCO3A1	False
ENST00000548934	13.928021	0.9310015	2.3034275	1.372426	0.21289708	0.8093544299533921	0.671830300813487	ENSG00000092140.16	G2E3	True
ENST00000340852	32.530483	1.9943576	3.3664868	1.3721292	0.08770641	0.8093544299533921	1.056968668172643	ENSG00000101294.19	HM13	False
ENST00000514730	123.54913	3.30607	4.6779475	1.3718774	0.30572897	0.8118754707110037	0.5146634040434054	ENSG00000168214.22	RBPJ	False
ENST00000575223	46.066505	2.6149144	3.9865618	1.3716474	0.08384	0.8093544299533921	1.076548742537622	ENSG00000185298.13	CCDC137	False
ENST00000302987	1367.8689	6.664458	8.035956	1.3714986	0.35490322	0.8173944929220979	0.44989005894263745	ENSG00000172349.19	IL16	False
ENST00000437398	99.43026	3.6420937	5.0135117	1.371418	0.15122475	0.8093544299533921	0.8203771325355596	ENSG00000100014.20	SPECC1L	False
ENST00000703634	5.3671656	0.6112747	1.9826376	1.3713629	0.01129374	0.8093544299533921	1.9471622141873501	ENSG00000197858.12	GPAA1	False
ENST00000348721	78.1	3.457661	4.8288145	1.3711536	0.039020635	0.8093544299533921	1.4087056653301313	ENSG00000114737.16	CISH	False
ENST00000436544	11.141459	1.0110104	2.382146	1.3711355	0.042901613	0.8093544299533921	1.3675263808946152	ENSG00000163803.13	PLB1	False
ENST00000489647	49.692722	2.296541	3.6676755	1.3711345	0.1371482	0.8093544299533921	0.8628098832740639	ENSG00000186184.20	POLR1D	True
ENST00000684235	5.050819	0.51051986	1.88048	1.3699602	0.14159587	0.8093544299533921	0.8489494129668798	ENSG00000104133.16	SPG11	False
ENST00000609309	151.4	4.1246886	5.494561	1.3698726	0.1353407	0.8093544299533921	0.8685715639245272	ENSG00000121716.21	PILRB	False
ENST00000423037	10.663118	1.3639826	2.7333632	1.3693806	0.07456117	0.8093544299533921	1.127487278546808	ENSG00000140830.9	TXNL4B	False
ENST00000424459	46.608143	1.3450295	2.7143695	1.3693401	0.48313254	0.8517809635604503	0.315933709814647	ENSG00000062194.16	GPBP1	False
ENST00000512138	20.427143	1.6427321	3.012059	1.3693268	0.06549406	0.8093544299533921	1.1837980832438069	ENSG00000082074.19	FYB1	False
ENST00000343789	79.01334	2.9563615	4.3253937	1.3690321	0.23078714	0.8093544299533921	0.6367883888931474	ENSG00000140403.13	DNAJA4	False
ENST00000548032	50.05524	2.8629181	4.2318397	1.3689215	0.03603376	0.8093544299533921	1.443290409249746	ENSG00000100934.15	SEC23A	False
ENST00000395287	86.301	3.0411727	4.4097767	1.368604	0.48802102	0.8529381765683051	0.3115614751513605	ENSG00000204256.14	BRD2	False
ENST00000411953	76.451454	2.8575153	4.2258697	1.3683543	0.23486704	0.8093544299533921	0.6291779323031899	ENSG00000077380.16	DYNC1I2	False
ENST00000507469	62.32588	2.7573745	4.125619	1.3682444	0.2829415	0.8102614157364052	0.5483033631274531	ENSG00000116698.22	SMG7	False
ENST00000600625	72.87048	3.0242932	4.390385	1.366092	0.20951886	0.8093544299533921	0.6787768677413384	ENSG00000130299.17	GTPBP3	False
ENST00000397860	285.07956	3.2219877	4.5879436	1.3659558	0.5396693	0.867777183814941	0.2678723066976769	ENSG00000197971.16	MBP	False
ENST00000706168	61.154278	2.643037	4.007895	1.3648579	0.13373253	0.8093544299533921	0.8737629473137785	ENSG00000198453.15	ZNF568	True
ENST00000430979	8.493555	0.90166235	2.2662196	1.3645573	0.061501496	0.8093544299533921	1.2111143232988264	ENSG00000198218.12	QRICH1	True
ENST00000314282	77.94089	2.90319	4.2677093	1.3645194	0.12057698	0.8093544299533921	0.9187356059551689	ENSG00000175581.14	MRPL48	True
ENST00000520670	18.347729	1.566059	2.930538	1.364479	0.079462774	0.8093544299533921	1.0998362775088375	ENSG00000104613.12	INTS10	True
ENST00000347546	25.2285	1.892847	3.257082	1.364235	0.13555677	0.8093544299533921	0.86787878039768	ENSG00000102316.17	MAGED2	False
ENST00000680744	11.916649	1.2299805	2.5939894	1.3640089	0.0583061	0.8093544299533921	1.234285994123508	ENSG00000177646.20	ACAD9	False
ENST00000540475	37.71157	2.3771956	3.7409487	1.3637531	0.0955462	0.8093544299533921	1.019786576776	ENSG00000187764.12	SEMA4D	False
ENST00000585603	47.20056	1.4586029	2.8220217	1.3634188	0.3586867	0.8182605935073269	0.44528474402159296	ENSG00000105171.10	POP4	False
ENST00000686434	42.093193	0.7415004	2.1044927	1.3629923	0.38521215	0.8242482227560738	0.4143000196190373	ENSG00000121940.17	CLCC1	False
ENST00000375940	107.26082	3.4829054	4.8456793	1.3627739	0.15345994	0.8093544299533921	0.8140049861799419	ENSG00000120539.15	MASTL	False
ENST00000524171	30.30539	1.6489071	3.0115442	1.3626372	0.09077546	0.8093544299533921	1.0420315416214272	ENSG00000234511.11	C5orf58	False
ENST00000262570	32.86845	1.6045643	2.9668646	1.3623003	0.10881807	0.8093544299533921	0.963298984609953	ENSG00000106554.13	CHCHD3	False
ENST00000678861	35.916115	1.9164124	3.2780962	1.3616838	0.18781255	0.8093544299533921	0.7262753864061418	ENSG00000166548.17	TK2	True
ENST00000524827	42.40753	2.4054067	3.766627	1.3612204	0.12921189	0.8093544299533921	0.8886975286590181	ENSG00000176102.13	CSTF3	False
ENST00000650348	40.715576	2.0073245	3.3684268	1.3611023	0.13099085	0.8093544299533921	0.8827590465254587	ENSG00000171603.18	CLSTN1	False
ENST00000587259	231.20293	3.708584	5.0691395	1.3605554	0.35761184	0.8177818969647831	0.4465881168576621	ENSG00000062716.13	VMP1	False
ENST00000675069	276.84113	4.791636	6.1519537	1.3603177	0.2261308	0.8093544299533921	0.6456402837850493	ENSG00000169554.23	ZEB2	False
ENST00000379687	182.89035	4.251475	5.611538	1.3600631	0.20160557	0.8093544299533921	0.6954974661824653	ENSG00000173681.17	BCLAF3	False
ENST00000706920	53.168358	2.6916237	4.0515213	1.3598976	0.16186368	0.8093544299533921	0.7908505775800136	ENSG00000291309.2	LY6S	True
ENST00000349655	224.70242	4.6390367	5.9980106	1.358974	0.23011062	0.8093544299533921	0.6380633459415321	ENSG00000152795.18	HNRNPDL	True
ENST00000695801	191.21732	4.3219113	5.6806965	1.3587852	0.08464474	0.8093544299533921	1.0724000128255553	ENSG00000070831.18	CDC42	False
ENST00000462490	47.330063	2.9082263	4.2667494	1.3585231	0.032392897	0.8093544299533921	1.4895502137770684	ENSG00000188690.16	UROS	True
ENST00000682088	217.0673	4.515288	5.873722	1.3584342	0.14155994	0.8093544299533921	0.8490596191977147	ENSG00000125124.14	BBS2	False
ENST00000372735	83.505226	3.0753698	4.433639	1.3582692	0.19075379	0.8093544299533921	0.7195268295975507	ENSG00000198908.12	GPRASP3	False
ENST00000374051	28.043451	2.0347483	3.3926659	1.3579175	0.14675638	0.8093544299533921	0.8334030070518175	ENSG00000196338.15	NLGN3	False
ENST00000311635	64.625626	3.1222906	4.4801707	1.3578801	0.108850315	0.8093544299533921	0.963170308973308	ENSG00000103264.18	FBXO31	False
ENST00000439062	9.748789	0.98560935	2.3434305	1.3578212	0.22373243	0.8093544299533921	0.6502710666702027	ENSG00000196083.11	IL1RAP	False
ENST00000565961	44.701283	2.6184094	3.9757957	1.3573864	0.14189695	0.8093544299533921	0.8480269448257167	ENSG00000005194.15	CIAPIN1	False
ENST00000583990	46.851036	2.8380117	4.195123	1.3571115	0.12421841	0.8093544299533921	0.9058140279433282	ENSG00000171634.19	BPTF	True
ENST00000592705	205.75024	3.611758	4.9685636	1.3568056	0.533612	0.8656930641736459	0.2727744019898271	ENSG00000130816.17	DNMT1	True
ENST00000706259	531.7937	4.0967355	5.4535084	1.3567729	0.3953809	0.8290075231731883	0.40298429873702263	ENSG00000185829.19	ARL17A	False
ENST00000683979	39.625984	2.412601	3.7691169	1.3565159	0.07640111	0.8093544299533921	1.1169003486723181	ENSG00000177239.16	MAN1B1	False
ENST00000683415	274.99286	4.8292108	6.18569	1.3564792	0.22492835	0.8093544299533921	0.6479558040140784	ENSG00000215252.12	GOLGA8B	False
ENST00000494547	36.887413	2.0077217	3.3640263	1.3563046	0.13663429	0.8093544299533921	0.8644402949167338	ENSG00000137413.17	TAF8	False
ENST00000647811	25.57124	0.9206453	2.2764258	1.3557806	0.43310928	0.8425983519898724	0.3634025073190815	ENSG00000132424.17	PNISR	False
ENST00000375647	102.43697	3.5742245	4.9296217	1.3553972	0.26075855	0.8093544299533921	0.583761444313504	ENSG00000184677.18	ZBTB40	False
ENST00000606017	49.09824	2.5567086	3.912098	1.3553894	0.19075064	0.8093544299533921	0.7195339880194024	ENSG00000272398.6	CD24	True
ENST00000404621	191.55849	4.482489	5.8378315	1.3553424	0.21728505	0.8093544299533921	0.6629701498067554	ENSG00000196498.15	NCOR2	False
ENST00000309083	80.94194	3.3255873	4.680739	1.3551517	0.17378104	0.8093544299533921	0.7599976147226186	ENSG00000159335.19	PTMS	False
ENST00000454973	29.377277	1.7120396	3.067036	1.3549963	0.07315442	0.8093544299533921	1.1357594306293919	ENSG00000160219.12	GAB3	False
ENST00000650698	362.9981	4.284094	5.638668	1.3545742	0.3803394	0.8231329589941108	0.41982866710954453	ENSG00000100365.16	NCF4	False
ENST00000523948	14.771625	0.9986208	2.3530984	1.3544776	0.32796586	0.8142173533113395	0.4841713681696041	ENSG00000137574.11	TGS1	False
ENST00000446165	641.7203	5.8355584	7.1894493	1.3538909	0.30397874	0.8118754707110037	0.51715678782493	ENSG00000173875.14	ZNF791	True
ENST00000575106	11.994741	0.7994669	2.1533308	1.353864	0.047778573	0.8093544299533921	1.3207668264672214	ENSG00000103423.14	DNAJA3	False
ENST00000512664	7.9910607	0.5116043	1.8652034	1.3535991	0.026775839	0.8093544299533921	1.5722569151312817	ENSG00000138674.17	SEC31A	False
ENST00000576019	102.87663	3.4785182	4.8315096	1.3529913	0.16379403	0.8093544299533921	0.7857019427381783	ENSG00000141252.21	VPS53	False
ENST00000699000	4.546365	0.45826364	1.8111031	1.3528395	0.1840349	0.8093544299533921	0.7350998131175815	ENSG00000112851.16	ERBIN	False
ENST00000673599	20.056759	1.5184994	2.8710897	1.3525903	0.103107505	0.8093544299533921	0.9867097240027556	ENSG00000138303.19	ASCC1	True
ENST00000328945	86.233795	3.2304974	4.58253	1.3520327	0.14176549	0.8093544299533921	0.8484294761410667	ENSG00000184860.10	SDR42E1	False
ENST00000379549	14.905401	0.58776313	1.9397686	1.3520055	0.3602889	0.8185482386998197	0.44334913188487873	ENSG00000109381.21	ELF2	False
ENST00000506762	253.6958	4.7307124	6.0827084	1.351996	0.24590771	0.8093544299533921	0.6092278562764688	ENSG00000168724.18	DNAJC21	False
ENST00000467136	204.46776	4.4078884	5.7598133	1.3519249	0.16184516	0.8093544299533921	0.7909002769610174	ENSG00000157625.16	TAB3	False
ENST00000402838	19.583164	1.2011465	2.5530214	1.351875	0.27494574	0.8093544299533921	0.5607530113006143	ENSG00000182150.20	ERCC6L2	False
ENST00000593179	10.121585	1.0476669	2.3993604	1.3516935	0.017681574	0.8093544299533921	1.752479066017294	ENSG00000131095.14	GFAP	False
ENST00000406297	184.47328	4.257116	5.608586	1.35147	0.19275649	0.8093544299533921	0.7149909930207525	ENSG00000115977.21	AAK1	False
ENST00000602710	72.99729	2.7232037	4.0742393	1.3510356	0.18904512	0.8093544299533921	0.7234345374975997	ENSG00000170035.16	UBE2E3	False
ENST00000448962	16.150736	1.248042	2.5984516	1.3504096	0.029254442	0.8093544299533921	1.5338081800183574	ENSG00000170889.14	RPS9	False
ENST00000358933	21.90156	1.5339104	2.8840718	1.3501614	0.13063617	0.8093544299533921	0.8839365590757495	ENSG00000038358.15	EDC4	False
ENST00000369331	32.52659	1.7230514	3.0731049	1.3500534	0.116345	0.8093544299533921	0.9342522639349728	ENSG00000165806.21	CASP7	False
ENST00000609853	28.197697	1.9938045	3.342682	1.3488774	0.039741024	0.8093544299533921	1.4007609425946081	ENSG00000148429.15	USP6NL	False
ENST00000359321	80.953415	3.3173497	4.6661577	1.348808	0.05396215	0.8093544299533921	1.2679107654260118	ENSG00000196584.4	XRCC2	False
ENST00000683862	69.6958	3.023999	4.3722396	1.3482406	0.1896351	0.8093544299533921	0.7220812796109123	ENSG00000159527.4	PGLYRP3	False
ENST00000271732	65.41347	2.9625285	4.3106685	1.34814	0.11685763	0.8093544299533921	0.9323429147720491	ENSG00000143457.11	GOLPH3L	True
ENST00000629104	659.1673	6.053619	7.4016323	1.3480134	0.25890267	0.8093544299533921	0.5868634725254963	ENSG00000173575.24	CHD2	True
ENST00000409198	9.9606495	0.9710558	2.31808	1.3470242	0.13048705	0.8093544299533921	0.884432571854892	ENSG00000183091.21	NEB	False
ENST00000541347	110.89784	2.5497863	3.8966615	1.3468752	0.3315732	0.8143830185817053	0.47942059465374576	ENSG00000168329.14	CX3CR1	False
ENST00000704002	93.27461	3.073024	4.4198885	1.3468645	0.13909556	0.8093544299533921	0.8566867335702897	ENSG00000136238.20	RAC1	False
ENST00000559729	11.8478	0.3414055	1.6879668	1.3465613	0.27340248	0.8093544299533921	0.5631975467111794	ENSG00000140612.14	SEC11A	False
ENST00000367267	45.013863	2.2001865	3.5465698	1.3463833	0.14373149	0.8093544299533921	0.8424480729345234	ENSG00000143858.12	SYT2	False
ENST00000359466	59.53231	2.9580276	4.304392	1.3463643	0.05351463	0.8093544299533921	1.2715274761642748	ENSG00000138002.16	IFT172	False
ENST00000538517	37.165245	2.2673194	3.6136017	1.3462822	0.085702054	0.8093544299533921	1.0670087682968346	ENSG00000132000.14	PODNL1	False
ENST00000649585	48.433342	2.646746	3.9927647	1.3460188	0.12078245	0.8093544299533921	0.9179961658035878	ENSG00000184500.16	PROS1	False
ENST00000307259	24.831385	1.4526911	2.7986822	1.3459911	0.14998192	0.8093544299533921	0.8239611027860214	ENSG00000067113.17	PLPP1	False
ENST00000397224	106.6463	3.3574631	4.7032337	1.3457706	0.15937814	0.8093544299533921	0.7975712426794621	ENSG00000100350.16	FOXRED2	False
ENST00000700275	19.92959	1.179969	2.525698	1.345729	0.071352914	0.8093544299533921	1.1465882860709595	ENSG00000164134.14	NAA15	False
ENST00000506857	67.69274	2.2323601	3.5779076	1.3455474	0.39112344	0.8273686668756721	0.40768615176446016	ENSG00000068796.19	KIF2A	False
ENST00000491832	18.069609	1.662324	3.0074818	1.3451579	0.345306	0.81719736681995	0.4617958639431427	ENSG00000112200.17	ZNF451	False
ENST00000487796	17.336666	1.1643283	2.5089955	1.3446672	0.05068136	0.8093544299533921	1.2951517390686689	ENSG00000130640.15	TUBGCP2	True
ENST00000589565	18.3	1.5331548	2.877267	1.344112	0.050258387	0.8093544299533921	1.2987914548657713	ENSG00000141391.14	PRELID3A	True
ENST00000538733	8.407227	0.8640484	2.2081075	1.344059	0.22174269	0.8093544299533921	0.6541506890366031	ENSG00000110931.19	CAMKK2	False
ENST00000360370	8.8	0.8942837	2.2381032	1.3438194	0.019364798	0.8093544299533921	1.7129870190077292	ENSG00000114544.17	SLC41A3	False
ENST00000409085	39.41074	2.185251	3.5285237	1.3432727	0.1187883	0.8093544299533921	0.9252263257773647	ENSG00000115977.21	AAK1	False
ENST00000515883	52.13274	2.6737869	4.016838	1.3430512	0.1241266	0.8093544299533921	0.9061351465377633	ENSG00000047188.16	YTHDC2	False
ENST00000316045	147.93323	3.8450882	5.187925	1.3428366	0.1967932	0.8093544299533921	0.705989915395659	ENSG00000177853.15	ZNF518A	False
ENST00000675764	183.43277	4.0443482	5.3871164	1.3427682	0.19150347	0.8093544299533921	0.717823363246069	ENSG00000007168.15	PAFAH1B1	False
ENST00000356406	36.6	2.218788	3.5609715	1.3421836	0.11854693	0.8093544299533921	0.9261096776733557	ENSG00000087008.16	ACOX3	False
ENST00000359927	85.29542	3.126805	4.468924	1.342119	0.14001207	0.8093544299533921	0.8538345218826697	ENSG00000070601.10	FRMPD1	False
ENST00000699247	64.570786	2.6050875	3.947191	1.3421035	0.171374	0.8093544299533921	0.7660550837243062	ENSG00000100099.22	HPS4	False
ENST00000394583	72.47969	2.8828661	4.224954	1.342088	0.20509228	0.8093544299533921	0.6880506845238711	ENSG00000162664.17	ZNF326	True
ENST00000531877	14.171484	1.0937237	2.435461	1.3417374	0.07025349	0.8093544299533921	1.1533320876676947	ENSG00000166004.15	CEP295	False
ENST00000377011	29.379345	1.3633385	2.7046633	1.3413248	0.36752596	0.8192702949872638	0.4347119734582033	ENSG00000105053.11	VRK3	False
ENST00000506855	25.247644	1.4932386	2.834241	1.3410023	0.10394871	0.8093544299533921	0.9831808860652149	ENSG00000159199.14	ATP5MC1	False
ENST00000370853	217.36015	3.0133884	4.3543615	1.3409731	0.53946656	0.867777183814941	0.26803547091932267	ENSG00000076770.16	MBNL3	False
ENST00000611683	287.2036	4.7153125	6.0557475	1.340435	0.2229629	0.8093544299533921	0.6517673936020318	ENSG00000132485.14	ZRANB2	False
ENST00000476120	24.855911	1.7632076	3.1030731	1.3398656	0.14674294	0.8093544299533921	0.8334427842195862	ENSG00000198039.12	ZNF273	False
ENST00000651002	19.331882	0.9857642	2.325605	1.3398407	0.23019671	0.8093544299533921	0.6379008793491121	ENSG00000134899.24	ERCC5	False
ENST00000576634	161.09637	4.33953	5.679342	1.3398118	0.07480802	0.8093544299533921	1.1260518606894137	ENSG00000103351.13	CLUAP1	False
ENST00000345865	400.17416	5.6730027	7.012804	1.3398013	0.095137805	0.8093544299533921	1.021646873910707	ENSG00000125351.14	UPF3B	False
ENST00000528838	38.23048	2.1749208	3.5143652	1.3394444	0.13570301	0.8093544299533921	0.8674105117267372	ENSG00000185122.11	HSF1	False
ENST00000361383	44.321064	2.3123457	3.6517086	1.3393629	0.16124654	0.8093544299533921	0.7925096005573709	ENSG00000132792.21	CTNNBL1	False
ENST00000682984	14.0	0.94310015	2.2823915	1.3392913	0.032770675	0.8093544299533921	1.4845146173628578	ENSG00000164953.17	TMEM67	False
ENST00000409947	1824.009	7.226074	8.5650015	1.3389273	0.40725887	0.831725697822197	0.39012944998820087	ENSG00000169967.17	MAP3K2	False
ENST00000401592	19.659073	0.8627682	2.2014902	1.338722	0.24787094	0.8093544299533921	0.6057743915254343	ENSG00000164828.18	SUN1	False
ENST00000590437	52.57606	2.876911	4.214807	1.3378961	0.10183264	0.8093544299533921	0.9921129836102052	ENSG00000184828.10	ZBTB7C	True
ENST00000598237	37.917625	1.9828072	3.3206978	1.3378906	0.10306353	0.8093544299533921	0.9868949815812312	ENSG00000185800.12	DMWD	False
ENST00000605932	12.66144	0.7640491	2.1013134	1.3372643	0.40730157	0.831725697822197	0.3900839105896818	ENSG00000154814.14	OXNAD1	False
ENST00000392508	15.719526	0.8636155	2.2008305	1.337215	0.21096848	0.8093544299533921	0.6757824271462517	ENSG00000088986.11	DYNLL1	False
ENST00000426744	82.06079	2.9156082	4.2526064	1.3369982	0.15856138	0.8093544299533921	0.7998025865800065	ENSG00000205189.13	ZBTB10	False
ENST00000673273	98.044716	3.1322129	4.468848	1.3366354	0.18429641	0.8093544299533921	0.73448311450388	ENSG00000204842.18	ATXN2	False
ENST00000700527	30.046413	1.3167021	2.652741	1.3360388	0.14139777	0.8093544299533921	0.8495574268318459	ENSG00000198824.8	CHAMP1	False
ENST00000322954	39.178963	2.3736641	3.709258	1.3355939	0.052359506	0.8093544299533921	1.2810044555249325	ENSG00000137831.15	UACA	False
ENST00000605895	31.23669	1.2055706	2.5410357	1.3354651	0.46510524	0.8492019855291293	0.33244877171350595	ENSG00000157916.20	RER1	False
ENST00000540035	8.196085	0.58255595	1.9175777	1.3350217	0.1533315	0.8093544299533921	0.8143686064528082	ENSG00000079101.18	CLUL1	False
ENST00000592282	17.14024	1.2407064	2.5756702	1.3349638	0.104202	0.8093544299533921	0.9821239357984723	ENSG00000254004.7	ZNF260	False
ENST00000643224	45.487	2.6092832	3.9437995	1.3345163	0.065717734	0.8093544299533921	1.182317417179717	ENSG00000254126.8	CD8B2	False
ENST00000540139	58.229748	2.6679542	4.002298	1.3343437	0.103368826	0.8093544299533921	0.9856104152655728	ENSG00000162144.10	CYB561A3	False
ENST00000310850	173.96729	3.9345634	5.268487	1.3339236	0.18145262	0.8093544299533921	0.7412367636891749	ENSG00000129480.14	DTD2	False
ENST00000630720	13.156977	1.2343458	2.567813	1.3334671	0.022553181	0.8093544299533921	1.6467921893494044	ENSG00000196628.20	TCF4	False
ENST00000426402	65.381	2.5993106	3.932714	1.3334033	0.22816093	0.8093544299533921	0.6417587165463724	ENSG00000233306.2	TRGV2	True
ENST00000411955	350.70474	5.016972	6.350103	1.3331308	0.30017716	0.811817227206992	0.522622360056766	ENSG00000177409.12	SAMD9L	False
ENST00000614015	103.62555	3.3316498	4.6646	1.3329501	0.11830462	0.8093544299533921	0.9269983035227377	ENSG00000263956.8	NBPF11	False
ENST00000367537	192.62436	3.5404532	4.873352	1.3328989	0.29920992	0.8112092915290223	0.5240240082735766	ENSG00000116698.22	SMG7	False
ENST00000675067	65.43228	2.625364	3.958137	1.332773	0.17328689	0.8093544299533921	0.761234305016164	ENSG00000144061.14	NPHP1	False
ENST00000698399	13.727475	1.2653941	2.5980625	1.3326684	0.11042926	0.8093544299533921	0.9569158492753259	ENSG00000174482.11	LINGO2	False
ENST00000299178	31.365772	2.240917	3.5727322	1.3318152	0.057006262	0.8093544299533921	1.2440774336590064	ENSG00000166148.4	AVPR1A	False
ENST00000376020	235.03845	4.6910543	6.0228457	1.3317914	0.16987407	0.8093544299533921	0.769872902555876	ENSG00000158352.18	SHROOM4	False
ENST00000465461	44.603275	1.88261	3.2141552	1.3315452	0.22624205	0.8093544299533921	0.645426671668607	ENSG00000257923.12	CUX1	False
ENST00000429711	298.04926	5.041744	6.372744	1.3309999	0.13126887	0.8093544299533921	0.8818382406642962	ENSG00000144713.13	RPL32	False
ENST00000446488	118.128006	3.9653242	5.2961917	1.3308675	0.022930605	0.8093544299533921	1.6395844803307222	ENSG00000170322.15	NFRKB	False
ENST00000590842	9.336386	0.8416152	2.1724741	1.330859	0.22564964	0.8093544299533921	0.6465653550830235	ENSG00000134779.15	TPGS2	False
ENST00000626650	15.366611	1.4572734	2.7878535	1.3305801	0.11848134	0.8093544299533921	0.9263500499188264	ENSG00000275004.4	ZNF280B	False
ENST00000325551	21.77517	1.9778314	3.3082106	1.3303792	0.074227996	0.8093544299533921	1.129432263330272	ENSG00000119326.15	CTNNAL1	False
ENST00000273691	19.378435	1.6131353	2.9432094	1.3300741	0.05528464	0.8093544299533921	1.2573955008594366	ENSG00000145103.15	ILDR1	False
ENST00000555002	17.87063	1.3484554	2.6783934	1.3299379	0.15338811	0.8093544299533921	0.8142082958798561	ENSG00000054654.20	SYNE2	False
ENST00000676488	438.59286	3.578886	4.9088163	1.3299303	0.57955927	0.8801492864119468	0.23690214584878277	ENSG00000170144.22	HNRNPA3	False
ENST00000591142	62.270588	2.007867	3.337458	1.3295908	0.41255978	0.83350652602391	0.38451311582499476	ENSG00000099875.16	MKNK2	False
ENST00000320443	6.44864	0.8897652	2.2191446	1.3293793	0.15357788	0.8093544299533921	0.8136713343640527	ENSG00000138380.18	CARF	False
ENST00000456040	95.57386	3.8086329	5.137944	1.3293114	0.08502187	0.8093544299533921	1.0704693556807747	ENSG00000048991.18	R3HDM1	False
ENST00000413340	21.242252	1.0618433	2.3909943	1.329151	0.25631335	0.8093544299533921	0.5912287667359399	ENSG00000196911.12	KPNA5	False
ENST00000691377	715.594	5.313355	6.642396	1.329041	0.30352825	0.8118754707110037	0.5178008830782123	ENSG00000009307.17	CSDE1	True
ENST00000615513	18.47099	1.3054031	2.6338813	1.3284782	0.17149806	0.8093544299533921	0.7657407877944895	ENSG00000124762.14	CDKN1A	False
ENST00000676605	26.14682	1.4403676	2.7687864	1.3284189	0.11130543	0.8093544299533921	0.9534836461564836	ENSG00000104218.16	CSPP1	False
ENST00000681948	22.337204	1.6627417	2.9911103	1.3283687	0.06388464	0.8093544299533921	1.1946035600789648	ENSG00000109618.13	SEPSECS	False
ENST00000238789	258.57162	4.7995286	6.127879	1.3283505	0.2716161	0.8093544299533921	0.56604448887145	ENSG00000119778.15	ATAD2B	False
ENST00000334363	33.638042	1.0444661	2.3727617	1.3282956	0.27172104	0.8093544299533921	0.5658767394402588	ENSG00000184470.21	TXNRD2	False
ENST00000263384	61.957947	3.0946324	4.422888	1.3282554	0.09628552	0.8093544299533921	1.0164390108517745	ENSG00000105058.12	FAM32A	False
ENST00000455539	21.640759	1.1255869	2.4532006	1.3276137	0.1626432	0.8093544299533921	0.7887641050463114	ENSG00000003147.19	ICA1	True
ENST00000333952	92.493286	3.178197	4.5055413	1.3273444	0.22775398	0.8093544299533921	0.6425340212797407	ENSG00000197928.11	ZNF677	False
ENST00000425118	58.662445	3.0858765	4.4131336	1.3272572	0.1138231	0.8093544299533921	0.9437695869226425	ENSG00000115307.17	AUP1	False
ENST00000674507	8.83793	0.700275	2.0275266	1.3272517	0.1822766	0.8093544299533921	0.7392690652667453	ENSG00000198380.13	GFPT1	False
ENST00000320460	18.332779	1.3232957	2.6504269	1.3271312	0.14452633	0.8093544299533921	0.8400530174867882	ENSG00000180481.11	GLIPR1L2	False
ENST00000409925	13.704715	1.1240536	2.450797	1.3267435	0.0514011	0.8093544299533921	1.2890275779693765	ENSG00000136541.15	ERMN	True
ENST00000690106	33.085754	2.054901	3.3815064	1.3266056	0.10925948	0.8093544299533921	0.9615408757368191	ENSG00000130309.12	COLGALT1	False
ENST00000691502	4.89295	0.28888917	1.6152112	1.3263221	0.26276207	0.8093544299533921	0.5804373259765955	ENSG00000169249.14	ZRSR2	False
ENST00000678518	40.502968	2.3440056	3.6702354	1.3262298	0.4426425	0.8455557222610633	0.3539468801858638	ENSG00000147601.15	TERF1	False
ENST00000370207	19.143612	1.4131781	2.7393177	1.3261396	0.03605834	0.8093544299533921	1.4429942678845893	ENSG00000117525.14	F3	False
ENST00000409592	12.061986	0.5501491	1.8760815	1.3259324	0.23415038	0.8093544299533921	0.6305051332623247	ENSG00000135905.21	DOCK10	False
ENST00000416915	8.238974	0.9172037	2.2431135	1.3259099	0.045084417	0.8093544299533921	1.3459735432315985	ENSG00000116750.14	UCHL5	True
ENST00000678025	70.39009	2.3447168	3.6701915	1.3254747	0.2793419	0.8093544299533921	0.5538639074296668	ENSG00000064601.21	CTSA	False
ENST00000674680	13.371076	1.4506054	2.7750595	1.3244541	0.011728814	0.8093544299533921	1.9307459056171268	ENSG00000288637.1	ENSG00000288637	False
ENST00000263073	40.714394	2.4054797	3.729919	1.3244393	0.11014273	0.8093544299533921	0.9580441625935153	ENSG00000070366.14	SMG6	False
ENST00000370249	67.7967	2.051283	3.3752465	1.3239636	0.41867074	0.836886090598871	0.3781273861159536	ENSG00000063587.15	ZNF275	False
ENST00000474844	15.32871	0.750114	2.0740194	1.3239055	0.36508363	0.8185742609699567	0.4376076341885154	ENSG00000117481.11	NSUN4	False
ENST00000394221	70.98748	3.289788	4.613453	1.3236649	0.032341577	0.8093544299533921	1.4902388058695801	ENSG00000178700.9	DHFR2	False
ENST00000632547	12.947128	1.2217786	2.5452046	1.323426	0.0782821	0.8093544299533921	1.1063375161254094	ENSG00000185040.14	SPDYE16	False
ENST00000429527	13.9788685	1.5142425	2.8376207	1.3233782	0.3062385	0.8118754707110037	0.5139402079238253	ENSG00000139350.12	NEDD1	False
ENST00000380276	178.10806	3.1466048	4.469747	1.3231423	0.51658857	0.8587697515903885	0.28685520832703526	ENSG00000160201.12	U2AF1	False
ENST00000407192	121.126114	3.2586186	4.5815077	1.3228891	0.24729778	0.8093544299533921	0.6067797845345245	ENSG00000239857.7	GET4	False
ENST00000264245	53.55906	2.8784196	4.2012753	1.3228557	0.08228183	0.8093544299533921	1.084696068829122	ENSG00000031081.11	ARHGAP31	False
ENST00000378700	12.1	0.9929395	2.3155317	1.3225923	0.047914144	0.8093544299533921	1.319536269399369	ENSG00000172201.12	ID4	False
ENST00000403184	59.49386	2.7879467	4.1105337	1.322587	0.11726964	0.8093544299533921	0.9308143982462319	ENSG00000093010.15	COMT	False
ENST00000444201	59.43623	2.5817378	3.904264	1.3225262	0.16754538	0.8093544299533921	0.7758675478130551	ENSG00000187210.14	GCNT1	False
ENST00000434377	88.109665	3.2454536	4.5679736	1.32252	0.13389303	0.8093544299533921	0.8732420370482997	ENSG00000186017.16	ZNF566	False
ENST00000681727	37.15683	2.3195875	3.6417346	1.3221471	0.047013726	0.8093544299533921	1.327775327322467	ENSG00000120697.10	ALG5	False
ENST00000675963	21.960339	1.9412316	3.2632654	1.3220338	0.021713823	0.8093544299533921	1.66326370503931	ENSG00000138002.16	IFT172	False
ENST00000698599	65.33666	2.9895973	4.31118	1.3215828	0.059902754	0.8093544299533921	1.2225532129871293	ENSG00000013375.17	PGM3	False
ENST00000375893	57.562366	2.0714524	3.392908	1.3214557	0.26257122	0.8093544299533921	0.5807528851712146	ENSG00000204438.11	GPANK1	False
ENST00000396946	16.17278	1.3053181	2.626766	1.3214478	0.023872638	0.8093544299533921	1.6220995852583409	ENSG00000198286.11	CARD11	False
ENST00000360359	19.363663	1.4566306	2.777862	1.3212315	0.30140737	0.8118754707110037	0.5208461368772013	ENSG00000064999.16	ANKS1A	False
ENST00000373325	19.19964	1.0545301	2.3755183	1.3209882	0.22844376	0.8093544299533921	0.6412207065860832	ENSG00000101452.15	DHX35	False
ENST00000520028	61.444664	2.8196278	4.1406116	1.3209839	0.18358417	0.8093544299533921	0.7361647730605233	ENSG00000169567.13	HINT1	False
ENST00000296499	19.119892	1.5626632	2.8836002	1.320937	0.11866759	0.8093544299533921	0.9256678862031936	ENSG00000164100.9	NDST3	False
ENST00000368959	21.154934	1.5472513	2.8675795	1.3203281	0.07254123	0.8093544299533921	1.1394150882816807	ENSG00000137497.19	NUMA1	True
ENST00000523415	13.573822	1.1911613	2.5112073	1.3200461	0.03820752	0.8093544299533921	1.4178511531612028	ENSG00000104714.14	ERICH1	False
ENST00000449337	77.02482	2.7015448	4.021315	1.3197703	0.34542996	0.81719736681995	0.4616400015750163	ENSG00000069667.16	RORA	False
ENST00000442668	62.19332	2.5271633	3.8467846	1.3196213	0.21892047	0.8093544299533921	0.6597136295627034	ENSG00000198000.12	NOL8	False
ENST00000397473	180.89029	4.2099853	5.5294757	1.3194904	0.18685196	0.8093544299533921	0.728502334315971	ENSG00000125245.14	GPR18	False
ENST00000534825	37.031017	2.5449877	3.8636456	1.3186579	0.1963259	0.8093544299533921	0.707022407019217	ENSG00000135387.21	CAPRIN1	False
ENST00000695341	44.832527	2.7559478	4.074471	1.3185232	0.07950306	0.8093544299533921	1.0996161587722457	ENSG00000137513.11	NARS2	False
ENST00000481416	7.42306	0.61651236	1.9348814	1.3183692	0.35114998	0.8172002775093227	0.4545073566168248	ENSG00000121057.13	AKAP1	False
ENST00000533770	88.91635	3.0070379	4.325229	1.3181913	0.2365144	0.8093544299533921	0.6261424043218583	ENSG00000133812.18	SBF2	False
ENST00000600519	219.20955	4.4729114	5.790906	1.3179946	0.22034243	0.8093544299533921	0.6569018702953725	ENSG00000167483.19	NIBAN3	False
ENST00000468757	196.93648	4.709182	6.026825	1.3176432	0.11764687	0.8093544299533921	0.929419611692995	ENSG00000154310.17	TNIK	False
ENST00000676862	11.519992	0.5530166	1.870256	1.3172393	0.32860598	0.8142173533113395	0.4833245379221385	ENSG00000145741.17	BTF3	False
ENST00000696368	17.355219	1.1987427	2.5151243	1.3163816	0.25974417	0.8093544299533921	0.5854541959392423	ENSG00000102053.13	ZC3H12B	False
ENST00000433833	24.729633	1.7141232	3.030387	1.3162637	0.06314755	0.8093544299533921	1.1996434786517272	ENSG00000106404.14	CLDN15	False
ENST00000528429	27.47491	1.428115	2.7441401	1.3160251	0.1750747	0.8093544299533921	0.7567766177473914	ENSG00000110693.19	SOX6	False
ENST00000279873	51.936054	1.7955709	3.1115727	1.3160019	0.34596357	0.81719736681995	0.46096963319801304	ENSG00000150347.17	ARID5B	False
ENST00000361758	188.37112	3.9046812	5.2205205	1.3158393	0.378071	0.8230751633283137	0.4224266223749472	ENSG00000112531.17	QKI	False
ENST00000256413	8.09524	0.86191446	2.1777418	1.3158274	0.022020979	0.8093544299533921	1.6571633801392749	ENSG00000134030.14	CTIF	False
ENST00000674652	19.230764	1.7004873	3.0162804	1.3157932	0.13598396	0.8093544299533921	0.866512319556226	ENSG00000090861.17	AARS1	False
ENST00000402938	144.0115	3.802206	5.117774	1.315568	0.1603545	0.8093544299533921	0.7949188614455032	ENSG00000111886.11	GABRR2	False
ENST00000699776	10.651047	0.72484064	2.0402741	1.3154335	0.07322586	0.8093544299533921	1.1353354996105345	ENSG00000091592.17	NLRP1	False
ENST00000352268	19.6	1.5389928	2.854247	1.3152543	0.05461769	0.8093544299533921	1.262666657659804	ENSG00000161642.18	ZNF385A	False
ENST00000395934	136.52528	4.0342	5.349371	1.3151708	0.08982742	0.8093544299533921	1.0465910819209439	ENSG00000109911.19	ELP4	False
ENST00000467728	50.380882	2.5332553	3.848104	1.3148487	0.15438841	0.8093544299533921	0.8113852974681031	ENSG00000025434.19	NR1H3	False
ENST00000532556	109.03644	3.0562236	4.3710623	1.3148386	0.34537718	0.81719736681995	0.46170636459840797	ENSG00000048649.14	RSF1	True
ENST00000465148	44.9	2.769162	4.083741	1.3145792	0.014548648	0.8093544299533921	1.837177359173128	ENSG00000107443.16	CCNJ	False
ENST00000696596	34.39843	2.0741737	3.3887436	1.31457	0.11019802	0.8093544299533921	0.9578262049824303	ENSG00000115392.13	FANCL	True
ENST00000288235	37.546032	2.3228235	3.6365361	1.3137126	0.07632881	0.8093544299533921	1.1173115278733174	ENSG00000157483.9	MYO1E	False
ENST00000356865	43.27691	2.4050655	3.7184682	1.3134027	0.12499614	0.8093544299533921	0.9031033961305402	ENSG00000206190.13	ATP10A	False
ENST00000529844	267.0536	4.488006	5.801155	1.313149	0.17240715	0.8093544299533921	0.763444726575211	ENSG00000254469.11	XNDC1N	False
ENST00000361189	74.5139	1.555854	2.8687682	1.3129143	0.40137216	0.8298121044971967	0.3964527495079943	ENSG00000198961.10	PJA2	False
ENST00000375772	35.89931	2.2179863	3.530895	1.3129086	0.1223717	0.8093544299533921	0.9123189946406571	ENSG00000179222.18	MAGED1	False
ENST00000522586	103.93514	3.015538	4.3280435	1.3125055	0.25550038	0.8093544299533921	0.5926084560298096	ENSG00000071051.14	NCK2	True
ENST00000554590	62.934925	3.0082314	4.320728	1.3124964	0.11759242	0.8093544299533921	0.9296206841266049	ENSG00000119616.11	FCF1	False
ENST00000494865	247.82014	4.6505513	5.9629984	1.3124471	0.23319964	0.8093544299533921	0.6322721222865758	ENSG00000065809.14	FAM107B	False
ENST00000674184	18.21143	1.1624289	2.4745636	1.3121347	0.24775869	0.8093544299533921	0.6059711099956824	ENSG00000168061.17	SAC3D1	False
ENST00000448232	12.57386	0.46584192	1.7778866	1.3120447	0.31517094	0.8118754707110037	0.5014538278459957	ENSG00000151718.16	WWC2	False
ENST00000672244	36.193092	2.276265	3.5880919	1.311827	0.17624277	0.8093544299533921	0.753888693060552	ENSG00000137074.20	APTX	False
ENST00000373603	9.0199175	0.6151192	1.9266329	1.3115137	0.20115903	0.8093544299533921	0.6964604668083982	ENSG00000119408.17	NEK6	False
ENST00000639182	17.698597	1.2702996	2.5813622	1.3110627	0.05990489	0.8093544299533921	1.2225377374928201	ENSG00000109911.19	ELP4	False
ENST00000592522	75.7945	2.6341038	3.9449468	1.310843	0.45336947	0.8472077019271466	0.34354773019520796	ENSG00000071626.17	DAZAP1	False
ENST00000678241	259.4922	5.3100066	6.6204896	1.310483	0.07118498	0.8093544299533921	1.1476116455235141	ENSG00000173692.14	PSMD1	False
ENST00000700520	54.78237	2.4477203	3.7578769	1.3101566	0.47425732	0.8500118764885034	0.32398595704866906	ENSG00000110066.16	KMT5B	True
ENST00000375732	117.29878	3.6310189	4.9409704	1.3099515	0.16459766	0.8093544299533921	0.7835763424206381	ENSG00000150054.19	MPP7	False
ENST00000371177	226.12639	4.6429687	5.95267	1.3097014	0.1544928	0.8093544299533921	0.8110917684185466	ENSG00000162604.13	TM2D1	False
ENST00000371248	108.052414	3.4665167	4.776015	1.3094981	0.09346718	0.8093544299533921	1.02934084436964	ENSG00000139722.7	VPS37B	False
ENST00000498565	336.158	4.7815557	6.090668	1.3091125	0.23419937	0.8093544299533921	0.6304142684083579	ENSG00000179008.9	C14orf39	True
ENST00000460744	41.684895	1.7232108	3.0323176	1.3091068	0.14330411	0.8093544299533921	0.843741355035707	ENSG00000153283.13	CD96	False
ENST00000505131	68.335464	3.2184315	4.5270147	1.3085833	0.10895196	0.8093544299533921	0.9627649386833754	ENSG00000109171.15	SLAIN2	True
ENST00000641430	12.0	0.8656295	2.173507	1.3078775	0.052571323	0.8093544299533921	1.2792510953799323	ENSG00000109339.24	MAPK10	False
ENST00000689149	8.087749	0.38887873	1.6966422	1.3077635	0.11872388	0.8093544299533921	0.9254619305101148	ENSG00000103018.18	CYB5B	True
ENST00000355125	540.2572	5.825724	7.1332097	1.3074856	0.11437653	0.8093544299533921	0.9416630831911807	ENSG00000011114.15	BTBD7	False
ENST00000648615	11.647779	0.7829506	2.0903044	1.3073537	0.40989166	0.8323007445595858	0.3873309128354782	ENSG00000114120.14	SLC25A36	False
ENST00000683969	107.132645	3.6741154	4.9812293	1.3071139	0.16477302	0.8093544299533921	0.7831139058334906	ENSG00000144426.19	NBEAL1	False
ENST00000676464	37.008747	1.7877159	3.0941834	1.3064675	0.20412044	0.8093544299533921	0.6901134993455491	ENSG00000072415.10	PALS1	False
ENST00000394689	230.0295	4.7054634	6.011714	1.3062506	0.25419796	0.8093544299533921	0.5948279474038218	ENSG00000166164.17	BRD7	False
ENST00000374316	9.7	0.9101842	2.2163982	1.3062141	0.24686292	0.8093544299533921	0.6075441415679033	ENSG00000096433.11	ITPR3	False
ENST00000435549	124.157166	3.8842926	5.1904507	1.3061581	0.1464398	0.8093544299533921	0.8343408562397975	ENSG00000054282.16	SDCCAG8	False
ENST00000393003	51.798683	1.8700238	3.176074	1.3060502	0.23335111	0.8093544299533921	0.6319901263024154	ENSG00000170832.13	USP32	False
ENST00000551132	135.28752	3.7803013	5.0858145	1.3055131	0.18560122	0.8093544299533921	0.7314191744774682	ENSG00000111596.14	CNOT2	False
ENST00000483910	181.78333	3.4908686	4.7963505	1.3054819	0.30831409	0.8118754707110037	0.5110066345308191	ENSG00000064225.13	ST3GAL6	False
ENST00000436317	21.13994	1.7081596	3.0136223	1.3054627	0.07043637	0.8093544299533921	1.1522030132005747	ENSG00000115827.14	DCAF17	False
ENST00000676351	19.33985	1.8992457	3.2046688	1.305423	0.048838995	0.8093544299533921	1.3112332779373743	ENSG00000198707.17	CEP290	True
ENST00000714362	62.243744	2.6745627	3.9799502	1.3053875	0.20427167	0.8093544299533921	0.6897918517256043	ENSG00000196378.14	ZNF34	False
ENST00000681907	18.768053	1.4000114	2.704717	1.3047055	0.29499677	0.8111088466013822	0.5301827418011266	ENSG00000008311.16	AASS	False
ENST00000428680	50.643017	2.8906517	4.194788	1.3041363	0.08516322	0.8093544299533921	1.069747922465771	ENSG00000080802.21	CNOT4	False
ENST00000264316	27.228714	1.8067015	3.1103761	1.3036746	0.06735989	0.8093544299533921	1.1715986496517925	ENSG00000074966.11	TXK	False
ENST00000695802	247.02563	4.779415	6.0827246	1.3033094	0.24071845	0.8093544299533921	0.6184906142684945	ENSG00000070831.18	CDC42	False
ENST00000706472	135.32451	3.9849122	5.288201	1.3032887	0.033377647	0.8093544299533921	1.4765442775203834	ENSG00000101346.15	POFUT1	False
ENST00000415397	13.552014	1.0968045	2.3997836	1.3029791	0.27347502	0.8093544299533921	0.5630823354492908	ENSG00000234545.8	FAM133B	False
ENST00000395308	384.10382	5.378382	6.6813035	1.3029213	0.31341568	0.8118754707110037	0.5038792848796724	ENSG00000126777.18	KTN1	False
ENST00000375503	8.589933	1.0631407	2.3653178	1.3021771	0.010026358	0.8093544299533921	1.998856789631692	ENSG00000171405.14	XAGE5	False
ENST00000711669	7.3323326	0.6168936	1.9184302	1.3015366	0.34602597	0.81719736681995	0.4608913007744765	ENSG00000273136.9	NBPF26	False
ENST00000547688	29.865347	2.1423523	3.4435134	1.301161	0.060509555	0.8093544299533921	1.218176040648894	ENSG00000110911.17	SLC11A2	False
ENST00000594845	14.875583	1.3857123	2.6867464	1.3010341	0.071291365	0.8093544299533921	1.1469630715154204	ENSG00000104872.12	PIH1D1	True
ENST00000383376	92.865234	3.459199	4.760207	1.3010082	0.116938435	0.8093544299533921	0.9320427243747238	ENSG00000141401.12	IMPA2	False
ENST00000539106	7.008877	0.46467903	1.7655463	1.3008673	0.008016566	0.8093544299533921	2.096011637598004	ENSG00000105700.11	KXD1	False
ENST00000380641	81.28289	3.437206	4.737822	1.300616	0.11026752	0.8093544299533921	0.9575523931210239	ENSG00000044459.15	CNTLN	False
ENST00000334384	505.7185	5.462152	6.762694	1.3005419	0.30101305	0.8118754707110037	0.5214146722135168	ENSG00000186103.5	ARGFX	False
ENST00000696987	44.2	2.6369424	3.9372268	1.3002844	0.12164747	0.8093544299533921	0.9148969200831356	ENSG00000289721.1	PYDC5	False
ENST00000503039	26.334545	1.9068314	3.2070694	1.300238	0.121616684	0.8093544299533921	0.9150068425892814	ENSG00000113761.12	ZNF346	False
ENST00000276204	156.13992	2.9013522	4.2015076	1.3001554	0.5204935	0.8602173268834201	0.28358468349128124	ENSG00000147251.16	DOCK11	False
ENST00000582059	152.92752	4.0682964	5.3682737	1.2999773	0.17741872	0.8093544299533921	0.7510005492644316	ENSG00000173065.14	FAM222B	False
ENST00000676460	190.08298	4.1821165	5.4820247	1.2999082	0.23143946	0.8093544299533921	0.63556259952612	ENSG00000150093.20	ITGB1	False
ENST00000676618	37.49002	2.407131	3.7066932	1.2995622	0.18935464	0.8093544299533921	0.7227240409389167	ENSG00000137275.16	RIPK1	False
ENST00000442628	16.6	1.6169568	2.915712	1.2987553	0.055186626	0.8093544299533921	1.2581661604030563	ENSG00000185189.18	NRBP2	False
ENST00000460046	50.863712	2.4267628	3.725119	1.2983563	0.08248404	0.8093544299533921	1.0836300932785683	ENSG00000108599.15	AKAP10	True
ENST00000584605	32.35373	2.0304065	3.3284287	1.2980223	0.13553403	0.8093544299533921	0.8679516378811242	ENSG00000266728.5	ENSG00000266728	True
ENST00000522313	74.31533	2.3039825	3.601924	1.2979414	0.45388895	0.8472077019271466	0.3430503874838117	ENSG00000147649.10	MTDH	False
ENST00000324822	40.2	2.067361	3.3641706	1.2968094	0.40610567	0.8315413729275363	0.3913609497298101	ENSG00000187838.17	PLSCR3	False
ENST00000700066	149.29799	4.1214123	5.418078	1.2966657	0.18413065	0.8093544299533921	0.7348739049154095	ENSG00000151779.14	NBAS	False
ENST00000697655	11.949267	1.1459827	2.442257	1.2962742	0.026840635	0.8093544299533921	1.571207219533511	ENSG00000132664.13	POLR3F	True
ENST00000435927	13.295444	1.128647	2.4248812	1.2962343	0.04769621	0.8093544299533921	1.3215161251244512	ENSG00000173409.14	ARV1	False
ENST00000461919	83.20024	2.8254347	4.121617	1.2961822	0.24575962	0.8093544299533921	0.6094894709345163	ENSG00000148719.16	DNAJB12	False
ENST00000704335	59.59725	2.6190844	3.9152133	1.296129	0.21169117	0.8093544299533921	0.6742972548571458	ENSG00000015171.21	ZMYND11	False
ENST00000482090	49.24066	1.7819052	3.077774	1.2958689	0.15449099	0.8093544299533921	0.8110968369727712	ENSG00000196757.8	ZNF700	False
ENST00000393725	9.0002	0.6920566	1.9873395	1.2952828	0.3798912	0.8231329589941108	0.4203407814709562	ENSG00000122203.15	KIAA1191	False
ENST00000401738	307.01724	4.93042	6.2254524	1.2950325	0.25252104	0.8093544299533921	0.5977024340571256	ENSG00000143924.19	EML4	False
ENST00000641863	274.11923	4.8174767	6.112502	1.2950253	0.25654235	0.8093544299533921	0.590840923156413	ENSG00000196369.12	SRGAP2B	False
ENST00000443748	43.64022	2.2294133	3.5244286	1.2950153	0.13304988	0.8093544299533921	0.8759855275059477	ENSG00000138190.17	EXOC6	False
ENST00000703646	20.154034	1.6687807	2.9636586	1.2948779	0.08753837	0.8093544299533921	1.057801549348641	ENSG00000290230.1	ENSG00000290230	False
ENST00000287156	131.1724	4.0802546	5.3748016	1.2945471	0.19936672	0.8093544299533921	0.7003473393285838	ENSG00000156587.16	UBE2L6	False
ENST00000319636	62.102985	2.7774935	4.071957	1.2944636	0.0927604	0.8093544299533921	1.0326373920289023	ENSG00000185177.14	ZNF479	False
ENST00000441236	22.132801	1.3807386	2.6749833	1.2942446	0.3093759	0.8118754707110037	0.5095135035454459	ENSG00000132600.18	PRMT7	False
ENST00000430730	18.63807	1.0278939	2.322075	1.294181	0.25690225	0.8093544299533921	0.5902320960246589	ENSG00000169919.17	GUSB	False
ENST00000313566	24.371588	1.6790209	2.9728203	1.2937994	0.06305975	0.8093544299533921	1.2002477744948101	ENSG00000100478.17	AP4S1	False
ENST00000619403	115.77531	3.5212638	4.814968	1.2937043	0.3535631	0.8173803121090482	0.45153306679065675	ENSG00000141469.18	SLC14A1	False
ENST00000492281	41.646557	2.252571	3.546213	1.2936418	0.09425755	0.8093544299533921	1.0256838600130957	ENSG00000143748.18	NVL	False
ENST00000470466	31.247107	1.8357	3.1288304	1.2931304	0.08872989	0.8093544299533921	1.0519300656897104	ENSG00000055208.20	TAB2	False
ENST00000361115	86.81242	3.0026443	4.2954254	1.2927811	0.2006779	0.8093544299533921	0.6975004490482399	ENSG00000151882.11	CCL28	False
ENST00000467265	34.838753	1.2906909	2.583264	1.2925732	0.50689507	0.8558786284660064	0.2950819366718506	ENSG00000163219.12	ARHGAP25	False
ENST00000583931	111.59746	3.6291945	4.921735	1.2925403	0.21168604	0.8093544299533921	0.6743077712155721	ENSG00000143401.15	ANP32E	True
ENST00000372090	23.2	1.9460253	3.2382898	1.2922646	0.05336596	0.8093544299533921	1.2727356678094544	ENSG00000132773.12	TOE1	False
ENST00000675774	17.337515	1.3072228	2.5991178	1.2918949	0.15799081	0.8093544299533921	0.8013681653779824	ENSG00000156709.15	AIFM1	False
ENST00000308388	98.727005	3.0799303	4.371639	1.2917085	0.20036642	0.8093544299533921	0.6981750559086204	ENSG00000173540.14	GMPPB	False
ENST00000394175	82.28897	3.2657897	4.557479	1.2916892	0.17976514	0.8093544299533921	0.7452945346479579	ENSG00000073605.19	GSDMB	False
ENST00000524419	44.37454	2.2688067	3.56036	1.2915533	0.14211091	0.8093544299533921	0.8473725673613711	ENSG00000179241.13	LDLRAD3	True
ENST00000611582	85.69014	3.1307213	4.421904	1.2911828	0.20071013	0.8093544299533921	0.6974307018898468	ENSG00000135931.19	ARMC9	False
ENST00000683490	57.01948	2.5094683	3.8006098	1.2911415	0.19374014	0.8093544299533921	0.7127803809699305	ENSG00000055609.21	KMT2C	False
ENST00000268099	60.241737	3.1951885	4.485465	1.2902765	0.05396224	0.8093544299533921	1.2679100158859813	ENSG00000140497.16	SCAMP2	False
ENST00000529709	21.14771	1.400495	2.6906767	1.2901816	0.17988633	0.8093544299533921	0.7450018476843053	ENSG00000079819.20	EPB41L2	True
ENST00000482560	12.285819	0.5765801	1.866514	1.2899339	0.32684907	0.8142173533113395	0.4856527422018836	ENSG00000005483.23	KMT2E	False
ENST00000692763	518.6325	5.790878	7.0802007	1.2893229	0.16753154	0.8093544299533921	0.7759034322080023	ENSG00000153015.17	CWC27	False
ENST00000471876	9.5	0.91922784	2.20828	1.2890522	0.057076033	0.8093544299533921	1.2435462180579764	ENSG00000160753.17	RUSC1	False
ENST00000700624	10.90261	0.74012893	2.0286593	1.2885303	0.40165195	0.8298121044971967	0.39615012163362545	ENSG00000105223.21	PLD3	False
ENST00000371649	13.313629	1.2555895	2.5440292	1.2884398	0.024050528	0.8093544299533921	1.6188753814649879	ENSG00000107223.13	EDF1	False
ENST00000544838	73.86874	3.112004	4.4004326	1.2884285	0.16344799	0.8093544299533921	0.7866204130897393	ENSG00000139437.18	TCHP	False
ENST00000641098	92.21358	3.4851716	4.773527	1.2883556	0.12875953	0.8093544299533921	0.8902206065702482	ENSG00000105443.17	CYTH2	False
ENST00000337120	32.621754	2.1560016	3.4440498	1.2880483	0.08371586	0.8093544299533921	1.0771922386739101	ENSG00000178188.16	SH2B1	False
ENST00000674590	370.6308	5.662227	6.949957	1.2877297	0.11499159	0.8093544299533921	0.9393339195143565	ENSG00000072501.19	SMC1A	False
ENST00000398712	42.78865	2.14567	3.4326298	1.2869599	0.21284634	0.8093544299533921	0.6719338158876496	ENSG00000179526.17	SHARPIN	False
ENST00000343837	24.112411	1.6247969	2.91125	1.2864532	0.061715465	0.8093544299533921	1.2096059941592978	ENSG00000188817.8	SNTN	False
ENST00000408038	18.493969	1.5320174	2.8184314	1.286414	0.075766645	0.8093544299533921	1.120521941056217	ENSG00000166167.18	BTRC	False
ENST00000697088	41.713234	2.501558	3.7878277	1.2862697	0.13031685	0.8093544299533921	0.8849994145342986	ENSG00000152457.19	DCLRE1C	False
ENST00000638892	72.33432	3.101143	4.3873262	1.2861834	0.13961925	0.8093544299533921	0.8550547112984014	ENSG00000108433.17	GOSR2	True
ENST00000322177	6.5	0.5337802	1.8198721	1.2860919	0.01954865	0.8093544299533921	1.7088832104869267	ENSG00000178718.7	RPP25	False
ENST00000370192	231.17293	4.3086724	5.5946636	1.2859912	0.2533646	0.8093544299533921	0.596254077021931	ENSG00000188641.14	DPYD	False
ENST00000546862	229.23721	4.4029355	5.688875	1.2859397	0.4017078	0.8298121044971967	0.39608973734763364	ENSG00000196531.14	NACA	False
ENST00000559523	40.915318	1.505576	2.7914407	1.2858647	0.31111333	0.8118754707110037	0.5070813838104156	ENSG00000140199.13	SLC12A6	False
ENST00000277900	359.60486	3.37552	4.6611996	1.2856796	0.5737078	0.87762699845426	0.2413092311374421	ENSG00000148700.15	ADD3	False
ENST00000578063	83.111145	3.1993332	4.4847913	1.2854581	0.13710676	0.8093544299533921	0.8629411277148485	ENSG00000154229.12	PRKCA	False
ENST00000698812	10.437192	0.8662162	2.1516361	1.28542	0.40102652	0.8298121044971967	0.39682690949359134	ENSG00000173757.11	STAT5B	True
ENST00000654803	67.61392	2.7305229	4.0154634	1.2849405	0.20315853	0.8093544299533921	0.692164943372495	ENSG00000135766.9	EGLN1	True
ENST00000424122	19.155355	1.2509631	2.5358834	1.2849203	0.17534095	0.8093544299533921	0.7561166435497425	ENSG00000115282.21	TTC31	False
ENST00000594534	66.61009	2.92951	4.2143545	1.2848444	0.1786575	0.8093544299533921	0.747978742792155	ENSG00000160229.13	ZNF66	False
ENST00000594038	21.3	1.491494	2.7761917	1.2846977	0.064329155	0.8093544299533921	1.1915921546883976	ENSG00000169169.15	CPT1C	True
ENST00000614712	19.467152	1.5334073	2.8180585	1.2846512	0.051234584	0.8093544299533921	1.2904367831464543	ENSG00000157851.17	DPYSL5	False
ENST00000650860	240.0314	4.46518	5.749596	1.2844162	0.30614728	0.8118754707110037	0.5140695985012295	ENSG00000048342.18	CC2D2A	False
ENST00000254770	34.5	2.4185703	3.7026238	1.2840536	0.06057537	0.8093544299533921	1.2177039262959086	ENSG00000132434.10	LANCL2	False
ENST00000580248	70.31377	3.0187328	4.3025885	1.2838557	0.12931868	0.8093544299533921	0.8883387224566434	ENSG00000143183.18	TMCO1	False
ENST00000329517	48.22925	2.4631915	3.7467031	1.2835116	0.15611923	0.8093544299533921	0.8065436065880778	ENSG00000185838.14	GNB1L	False
ENST00000324689	40.480507	1.7533827	3.0364022	1.2830195	0.22359958	0.8093544299533921	0.6505290108921478	ENSG00000181481.14	RNF135	False
ENST00000427716	26.2653	1.4600226	2.74259	1.2825674	0.19506358	0.8093544299533921	0.7098238181226884	ENSG00000139132.16	FGD4	False
ENST00000398645	333.97943	4.433872	5.7161975	1.2823253	0.2851709	0.8106393935615843	0.5448947743307069	ENSG00000173120.15	KDM2A	False
ENST00000439343	16.186047	1.1475964	2.42974	1.2821436	0.30869082	0.8118754707110037	0.5104762909863862	ENSG00000259040.5	BLOC1S5-TXNDC5	False
ENST00000414696	22.219643	1.7552394	3.0373647	1.2821254	0.040601317	0.8093544299533921	1.3914598805401663	ENSG00000197261.12	C6orf141	False
ENST00000372343	8.2	1.0557538	2.3377752	1.2820214	0.041042756	0.8093544299533921	1.3867634812048757	ENSG00000117408.11	IPO13	False
ENST00000683670	56.61373	2.5884678	3.8701057	1.2816379	0.2109267	0.8093544299533921	0.6758684488164567	ENSG00000055609.21	KMT2C	False
ENST00000359173	12.1014	1.1755661	2.4568934	1.2813274	0.012884374	0.8093544299533921	1.8899366847552799	ENSG00000180815.15	MAP3K15	False
ENST00000541650	45.05983	2.0549924	3.3358753	1.2808828	0.41155532	0.8330998809981174	0.3855717799739316	ENSG00000118507.19	AKAP7	False
ENST00000263576	189.15407	4.174108	5.454978	1.28087	0.1955957	0.8093544299533921	0.7086407046461596	ENSG00000109832.14	DDX25	False
ENST00000495276	41.009552	2.4973495	3.7779028	1.2805533	0.013820416	0.8093544299533921	1.8594788750891185	ENSG00000104524.14	PYCR3	False
ENST00000704310	128.41197	3.7654526	5.0458026	1.28035	0.19487919	0.8093544299533921	0.7102345360849679	ENSG00000169375.17	SIN3A	False
ENST00000355431	165.49808	3.3557415	4.6355677	1.2798262	0.29574394	0.8111088466013822	0.5290841422864264	ENSG00000032219.19	ARID4A	False
ENST00000419187	44.127026	2.0244439	3.3041997	1.2797558	0.33517998	0.8158433703746901	0.47472192336674157	ENSG00000266028.8	SRGAP2	False
ENST00000236925	9.286808	0.7073965	1.9868183	1.2794218	0.15439573	0.8093544299533921	0.8113647167310866	ENSG00000118200.15	CAMSAP2	False
ENST00000344824	59.599144	3.0513077	4.330255	1.2789474	0.06656233	0.8093544299533921	1.1767714696281004	ENSG00000167460.17	TPM4	True
ENST00000553547	27.589981	2.0936053	3.372382	1.2787766	0.10288502	0.8093544299533921	0.9876478420145187	ENSG00000151320.11	AKAP6	False
ENST00000686727	235.88277	3.2959812	4.574417	1.278436	0.5665393	0.8758537110220754	0.24676996791533531	ENSG00000119321.10	FKBP15	False
ENST00000221315	88.06743	2.2488196	3.5270123	1.2781928	0.44296294	0.8455557222610633	0.3536326026008009	ENSG00000256087.7	ZNF432	False
ENST00000673220	153.61374	4.155105	5.4330616	1.2779565	0.20256612	0.8093544299533921	0.69343319673287	ENSG00000162434.14	JAK1	True
ENST00000432328	18.091679	1.8583359	3.1359453	1.2776095	0.14822386	0.8093544299533921	0.8290818751469377	ENSG00000179715.13	PCED1B	False
ENST00000530275	16.128763	1.4207324	2.6982431	1.2775108	0.05949303	0.8093544299533921	1.225533901872896	ENSG00000127603.32	MACF1	False
ENST00000562251	32.755867	2.1971915	3.4745426	1.2773511	0.022414457	0.8093544299533921	1.6494717766181912	ENSG00000005187.12	ACSM3	False
ENST00000680220	45.16236	2.2747242	3.5510368	1.2763126	0.16249771	0.8093544299533921	0.7891527438165985	ENSG00000174373.17	RALGAPA1	False
ENST00000583388	15.555255	1.3547817	2.63104	1.2762583	0.0736141	0.8093544299533921	1.133039004216158	ENSG00000109016.18	DHRS7B	True
ENST00000280665	11.88565	1.0884024	2.3640647	1.2756623	0.078557484	0.8093544299533921	1.104812435184589	ENSG00000151065.14	DCP1B	False
ENST00000508819	74.96172	3.143218	4.4186335	1.2754154	0.051212806	0.8093544299533921	1.2906214259327013	ENSG00000138709.20	LARP1B	False
ENST00000559844	41.675117	0.97571105	2.251091	1.2753799	0.46083716	0.8481416265840513	0.3364525126294123	ENSG00000028528.15	SNX1	False
ENST00000332129	19.04512	1.0762668	2.3515687	1.2753019	0.26343325	0.8093544299533921	0.579329413782506	ENSG00000116852.15	KIF21B	False
ENST00000680662	9.314028	0.8272743	2.1024122	1.2751379	0.069022276	0.8093544299533921	1.1610107271071384	ENSG00000117054.15	ACADM	True
ENST00000381955	20.1	1.8266269	3.1012912	1.2746643	0.027586294	0.8093544299533921	1.5593066343014883	ENSG00000103174.13	NAGPA	False
ENST00000296736	8.794472	0.8084578	2.0828226	1.2743647	0.0039782003	0.8093544299533921	2.4003133589077064	ENSG00000164296.7	TIGD6	False
ENST00000261867	146.75975	4.127432	5.401585	1.2741532	0.085159324	0.8093544299533921	1.0697677941178836	ENSG00000104154.7	SLC30A4	False
ENST00000317593	21.799059	1.3841778	2.657957	1.2737793	0.058315992	0.8093544299533921	1.2342123296448664	ENSG00000171643.14	S100Z	True
ENST00000421852	55.964134	2.632654	3.9057386	1.2730846	0.14148769	0.8093544299533921	0.8492813505411382	ENSG00000163900.11	TMEM41A	False
ENST00000428287	378.7434	5.0536027	6.326207	1.2726045	0.29595506	0.8111088466013822	0.5287742276066996	ENSG00000080345.18	RIF1	False
ENST00000367467	33.43981	2.384503	3.6570835	1.2725806	0.045452394	0.8093544299533921	1.3424432412392249	ENSG00000111961.19	SASH1	False
ENST00000625377	60.050415	2.7472293	4.01972	1.2724907	0.20815608	0.8093544299533921	0.6816109013229485	ENSG00000289346.1	ENSG00000289346	False
ENST00000584667	51.67916	2.5282128	3.8004353	1.2722225	0.48685676	0.8529381765683051	0.3125987966961317	ENSG00000161526.15	SAP30BP	False
ENST00000675439	158.30846	4.1534038	5.4255147	1.2721109	0.20130222	0.8093544299533921	0.6961514454022589	ENSG00000107890.17	ANKRD26	False
ENST00000681943	14.063402	1.032585	2.3044739	1.2718889	0.040786374	0.8093544299533921	1.3894848988821848	ENSG00000141252.21	VPS53	False
ENST00000544604	15.95661	1.5075479	2.779119	1.2715712	0.09262455	0.8093544299533921	1.033273877003801	ENSG00000183579.16	ZNRF3	False
ENST00000425642	5.0	0.44397637	1.7152519	1.2712755	0.3084566	0.8118754707110037	0.510805933191108	ENSG00000171130.19	ATP6V0E2	False
ENST00000374723	327.8069	4.9628673	6.234039	1.2711716	0.27099591	0.8093544299533921	0.5670372557458769	ENSG00000070214.17	SLC44A1	False
ENST00000434423	38.516853	2.497265	3.7684305	1.2711654	0.11780484	0.8093544299533921	0.9288368654737852	ENSG00000196313.13	POM121	False
ENST00000291759	33.747192	1.9213077	3.192378	1.2710704	0.0818912	0.8093544299533921	1.0867627572485925	ENSG00000239961.3	LILRA4	False
ENST00000483956	12.766022	1.0528902	2.32331	1.2704197	0.064894326	0.8093544299533921	1.1877932736319872	ENSG00000058262.11	SEC61A1	False
ENST00000695475	40.364227	2.6301377	3.9003863	1.2702487	0.11105373	0.8093544299533921	0.9544668595856117	ENSG00000115761.17	NOL10	False
ENST00000508682	28.409313	1.6629082	2.9331145	1.2702063	0.2061616	0.8093544299533921	0.685792216908917	ENSG00000204628.12	RACK1	False
ENST00000311895	71.756226	3.2605505	4.530756	1.2702055	0.06374812	0.8093544299533921	1.1955326099174515	ENSG00000175595.16	ERCC4	False
ENST00000303052	202.3875	4.3689513	5.639077	1.2701259	0.21801196	0.8093544299533921	0.6615196798463616	ENSG00000169118.18	CSNK1G1	False
ENST00000598026	27.119251	2.1109478	3.381027	1.2700791	0.047023878	0.8093544299533921	1.3276815626192258	ENSG00000197020.12	ZNF100	False
ENST00000374468	67.80276	3.0501451	4.3201346	1.2699895	0.1186952	0.8093544299533921	0.9255668453026863	ENSG00000189266.13	PNRC2	True
ENST00000324677	405.874	5.224589	6.4945455	1.2699566	0.31480163	0.8118754707110037	0.5019630229567886	ENSG00000141298.19	SSH2	False
ENST00000536984	31.501553	2.0927289	3.362502	1.2697732	0.144568	0.8093544299533921	0.8399278383312353	ENSG00000081138.14	CDH7	False
ENST00000448007	16.65968	1.5321245	2.80169	1.2695656	0.035626166	0.8093544299533921	1.4482309180899637	ENSG00000144401.14	METTL21A	False
ENST00000264896	63.790466	2.5735672	3.8431077	1.2695405	0.20605883	0.8093544299533921	0.686008770374937	ENSG00000138760.11	SCARB2	False
ENST00000698701	95.61861	3.2326584	4.501993	1.2693348	0.26052606	0.8093544299533921	0.5841488266539381	ENSG00000115935.19	WIPF1	False
ENST00000677256	90.70146	3.12434	4.393662	1.2693219	0.17059918	0.8093544299533921	0.768023067054015	ENSG00000104218.16	CSPP1	True
ENST00000617339	87.49205	3.0710332	4.3403063	1.269273	0.295566	0.8111088466013822	0.529345536713282	ENSG00000164403.15	SHROOM1	False
ENST00000678500	9.046346	0.9053815	2.1746316	1.2692502	0.016056096	0.8093544299533921	1.7943600389466288	ENSG00000145907.16	G3BP1	True
ENST00000251250	131.54298	2.7580547	4.026888	1.2688332	0.5029959	0.8551707956010974	0.29843554780129156	ENSG00000104047.15	DTWD1	False
ENST00000460943	182.2651	2.9532697	4.2220297	1.26876	0.5360682	0.8665861353230246	0.27077995384830783	ENSG00000086730.17	LAT2	False
ENST00000652743	7.3	0.7158274	1.9845784	1.2687509	0.06586722	0.8093544299533921	1.1813306472959568	ENSG00000227471.9	AKR1B15	False
ENST00000415496	124.33412	3.7583692	5.0270286	1.2686594	0.18383798	0.8093544299533921	0.7355647605541247	ENSG00000102858.13	MGRN1	False
ENST00000672238	99.84624	3.8110628	5.0796685	1.2686057	0.16709955	0.8093544299533921	0.7770247187101595	ENSG00000117020.19	AKT3	True
ENST00000642236	125.43965	2.9982007	4.2667174	1.2685168	0.37212467	0.8205512228764985	0.4293115352177279	ENSG00000163781.14	TOPBP1	False
ENST00000456504	137.80411	3.4564734	4.724907	1.2684336	0.3153978	0.8118754707110037	0.5011413416949912	ENSG00000140563.16	MCTP2	True
ENST00000403425	12.520571	0.74523973	2.0134718	1.2682321	0.20694461	0.8093544299533921	0.6841458708275248	ENSG00000140264.22	SERF2	False
ENST00000372521	9.294271	0.6053236	1.873528	1.2682045	0.18081637	0.8093544299533921	0.742762260294851	ENSG00000177868.12	SVBP	False
ENST00000456763	20.080053	1.6692677	2.9372916	1.268024	0.0407728	0.8093544299533921	1.3896294694820996	ENSG00000137802.14	MAPKBP1	False
ENST00000338733	39.627895	1.5265518	2.7942717	1.2677199	0.18896836	0.8093544299533921	0.7236109050517561	ENSG00000113838.13	TBCCD1	False
ENST00000453542	19.8	1.5000054	2.7677145	1.2677091	0.1080256	0.8093544299533921	0.9664733007884867	ENSG00000186281.13	GPAT2	False
ENST00000253692	294.9052	4.869772	6.1368303	1.2670584	0.2603631	0.8093544299533921	0.584420562926164	ENSG00000131374.15	TBC1D5	False
ENST00000551946	31.945154	1.9523219	3.2191648	1.266843	0.081567906	0.8093544299533921	1.0884806875321429	ENSG00000258311.5	ENSG00000258311	True
ENST00000698760	66.83638	2.8929641	4.1595564	1.2665923	0.13061133	0.8093544299533921	0.8840191472520843	ENSG00000186141.10	POLR3C	True
ENST00000585388	32.84139	1.946664	3.2132514	1.2665874	0.067672536	0.8093544299533921	1.1695875496379282	ENSG00000161654.10	LSM12	False
ENST00000692868	81.732475	3.4234095	4.6899657	1.2665563	0.040632006	0.8093544299533921	1.3911317383900288	ENSG00000137601.18	NEK1	False
ENST00000397421	5.84851	0.5219814	1.7879314	1.26595	0.32921898	0.8142173533113395	0.48251513015227354	ENSG00000177697.19	CD151	False
ENST00000660000	59.982105	2.9082868	4.173994	1.2657073	0.10860558	0.8093544299533921	0.9641478665733362	ENSG00000101846.9	STS	False
ENST00000597186	108.76448	3.5864277	4.851599	1.2651715	0.13458987	0.8093544299533921	0.8709876398982133	ENSG00000181894.15	ZNF329	False
ENST00000251076	286.5766	4.802814	6.0678782	1.2650642	0.25493407	0.8093544299533921	0.5935721162473032	ENSG00000104093.14	DMXL2	False
ENST00000645271	6.908719	0.6320557	1.8970652	1.2650094	0.0062137046	0.8093544299533921	2.2066493976998443	ENSG00000284976.2	ENSG00000284976	False
ENST00000674648	32.274967	2.396736	3.6614027	1.2646668	0.042542882	0.8093544299533921	1.3711730901549792	ENSG00000235007.3	ENSG00000235007	False
ENST00000267116	26.2	2.1140773	3.3787403	1.264663	0.08508239	0.8093544299533921	1.0701603220735094	ENSG00000139645.11	ANKRD52	False
ENST00000682731	19.451681	0.59121174	1.8558099	1.2645981	0.3637431	0.8185742609699567	0.4392052403188917	ENSG00000023041.12	ZDHHC6	False
ENST00000370172	35.594746	2.1159642	3.3803582	1.264394	0.21404451	0.8093544299533921	0.6694959041752816	ENSG00000166169.17	POLL	False
ENST00000378618	12.557695	1.1380281	2.4021308	1.2641027	0.016738681	0.8093544299533921	1.7762787640079643	ENSG00000149179.14	CSTPP1	False
ENST00000326195	122.245895	2.8261936	4.0902915	1.2640979	0.5111997	0.8572790927468692	0.2914093988827032	ENSG00000204574.14	ABCF1	False
ENST00000699654	625.5798	5.862072	7.126122	1.26405	0.33244777	0.8148546909488805	0.47827657945471935	ENSG00000231925.14	TAPBP	False
ENST00000397035	9.58869	0.6823345	1.9463534	1.264019	0.15700124	0.8093544299533921	0.8040969118603571	ENSG00000074370.18	ATP2A3	False
ENST00000373150	159.1	4.033091	5.296427	1.2633357	0.22402087	0.8093544299533921	0.6497115233196845	ENSG00000116871.16	MAP7D1	False
ENST00000446688	129.17137	3.614373	4.877278	1.2629049	0.21304053	0.8093544299533921	0.6715377647450077	ENSG00000079308.21	TNS1	False
ENST00000659283	48.64264	2.5427465	3.8053195	1.262573	0.093916245	0.8093544299533921	1.0272592808018726	ENSG00000167930.17	FAM234A	False
ENST00000511642	32.73962	1.6762749	2.9386096	1.2623347	0.11656733	0.8093544299533921	0.9334231563440494	ENSG00000112576.13	CCND3	False
ENST00000335870	18.151722	1.6572171	2.919224	1.2620069	0.043797676	0.8093544299533921	1.3585489382526772	ENSG00000170260.9	ZNF212	False
ENST00000674995	743.90796	6.294576	7.5565524	1.2619762	0.24155004	0.8093544299533921	0.6169928804606221	ENSG00000072864.16	NDE1	False
ENST00000296043	35.47076	2.207195	3.4690533	1.2618582	0.13319004	0.8093544299533921	0.8755282642817329	ENSG00000138771.16	SHROOM3	False
ENST00000357162	144.27994	3.3951743	4.6569963	1.261822	0.29595256	0.8111088466013822	0.5287779011889681	ENSG00000132549.20	VPS13B	False
ENST00000677131	21.130758	1.8670801	3.1287608	1.2616807	0.24895014	0.8093544299533921	0.6038876274465481	ENSG00000104218.16	CSPP1	False
ENST00000255641	12.997696	1.1132427	2.3747983	1.2615556	0.050215103	0.8093544299533921	1.2991656444725241	ENSG00000133275.16	CSNK1G2	False
ENST00000372231	538.09393	5.61282	6.874364	1.2615438	0.32289997	0.8139175739499288	0.49093199878616384	ENSG00000122359.18	ANXA11	False
ENST00000629482	12.83295	0.4349592	1.6959761	1.261017	0.3015489	0.8118754707110037	0.5206422539873291	ENSG00000280670.3	CCDC163	False
ENST00000456808	140.86513	3.9014862	5.1623287	1.2608426	0.22190775	0.8093544299533921	0.6538275304652627	ENSG00000077380.16	DYNC1I2	False
ENST00000358064	20.215603	1.6991544	2.9593997	1.2602453	0.074157625	0.8093544299533921	1.1298441849613572	ENSG00000197837.4	H4C16	False
ENST00000417466	56.6492	2.7107399	3.9709768	1.260237	0.15463518	0.8093544299533921	0.8106917068460195	ENSG00000144560.16	VGLL4	False
ENST00000677142	35.746307	1.3607941	2.6201882	1.2593942	0.35044533	0.81719736681995	0.45537972283024397	ENSG00000075975.17	MKRN2	False
ENST00000530304	540.98456	5.9863563	7.2453804	1.2590241	0.14065184	0.8093544299533921	0.851854591333978	ENSG00000165494.12	PCF11	False
ENST00000299727	144.7699	3.7354214	4.9942775	1.258856	0.26775172	0.8093544299533921	0.5722677249172053	ENSG00000166573.6	GALR1	False
ENST00000684368	9.610378	0.81940764	2.0778384	1.2584307	0.01067714	0.8093544299533921	1.9715450543322994	ENSG00000135931.19	ARMC9	False
ENST00000257075	262.97763	4.693944	5.9521537	1.2582097	0.2773076	0.8093544299533921	0.5570382281553912	ENSG00000134644.16	PUM1	False
ENST00000305988	19.4	1.6742355	2.9321089	1.2578734	0.060515843	0.8093544299533921	1.2181309101275801	ENSG00000169252.6	ADRB2	False
ENST00000272117	23.061745	1.6602553	2.9180956	1.2578403	0.073485315	0.8093544299533921	1.1337994407598888	ENSG00000143772.11	ITPKB	False
ENST00000262305	27.50119	2.1933687	3.4510617	1.257693	0.07635397	0.8093544299533921	1.1171683930034564	ENSG00000090565.17	RAB11FIP3	False
ENST00000515654	56.948814	2.6180093	3.875588	1.2575786	0.12307882	0.8093544299533921	0.9098166652368666	ENSG00000164114.19	MAP9	False
ENST00000698141	241.1093	4.329093	5.5864964	1.2574034	0.36035457	0.8185482386998197	0.4432699628124504	ENSG00000115415.21	STAT1	False
ENST00000219315	291.47528	5.138897	6.3960905	1.2571936	0.071972996	0.8093544299533921	1.1428304187012044	ENSG00000103037.12	SETD6	False
ENST00000227525	35.0	2.4740357	3.730846	1.2568102	0.06422912	0.8093544299533921	1.1922680059171318	ENSG00000110108.10	TMEM109	False
ENST00000258742	8.780367	0.72327536	1.9799154	1.25664	0.05236335	0.8093544299533921	1.2809725685998092	ENSG00000136243.18	NUP42	False
ENST00000535020	70.63777	3.2726233	4.529122	1.2564986	0.14001943	0.8093544299533921	0.8538116893294546	ENSG00000187109.15	NAP1L1	False
ENST00000506557	10.620897	1.1005784	2.356817	1.2562386	0.30205917	0.8118754707110037	0.5199079701434035	ENSG00000082074.19	FYB1	False
ENST00000377329	99.47001	3.647688	4.9038615	1.2561736	0.13298705	0.8093544299533921	0.8761906404679276	ENSG00000165995.24	CACNB2	False
ENST00000502844	24.52847	1.2984809	2.5545652	1.2560843	0.091592126	0.8093544299533921	1.0381418621160712	ENSG00000204628.12	RACK1	False
ENST00000699626	59.57418	2.881831	4.137722	1.2558911	0.045979373	0.8093544299533921	1.3374369538214381	ENSG00000091592.17	NLRP1	False
ENST00000692620	51.3568	2.3759089	3.6315718	1.2556629	0.18677545	0.8093544299533921	0.7286802180122257	ENSG00000115904.15	SOS1	False
ENST00000470843	19.22521	1.3320512	2.5876684	1.2556173	0.07610281	0.8093544299533921	1.1185993178996823	ENSG00000122406.14	RPL5	False
ENST00000361228	20.814747	1.7230443	2.9784355	1.2553912	0.017807635	0.8093544299533921	1.7493937656158727	ENSG00000198774.5	RASSF9	False
ENST00000375631	194.12741	4.41586	5.671119	1.255259	0.19457482	0.8093544299533921	0.7109133670725638	ENSG00000204386.12	NEU1	False
ENST00000444870	26.5658	0.9952143	2.2504058	1.2551916	0.3905979	0.8269211457884804	0.40827008519814845	ENSG00000235169.11	SMIM1	False
ENST00000424557	9.643628	0.83774644	2.0927672	1.2550209	0.09108251	0.8093544299533921	1.040564993962492	ENSG00000100376.12	FAM118A	False
ENST00000643780	107.17273	3.721964	4.976881	1.2549171	0.23008552	0.8093544299533921	0.6381107083237336	ENSG00000113163.19	CERT1	False
ENST00000368096	97.294785	3.1918678	4.446558	1.2546902	0.34165546	0.81719736681995	0.46641163063215335	ENSG00000158710.15	TAGLN2	False
ENST00000641670	20.116158	1.63245	2.886864	1.254414	0.041590285	0.8093544299533921	1.3810081082298449	ENSG00000196119.8	OR8A1	False
ENST00000548411	14.004186	1.2954364	2.5496247	1.2541883	0.057682287	0.8093544299533921	1.2389575293359127	ENSG00000151746.15	BICD1	False
ENST00000698283	47.195656	1.9573652	3.2111397	1.2537745	0.18858388	0.8093544299533921	0.7244954316322325	ENSG00000072274.14	TFRC	False
ENST00000264712	11.205076	0.8393981	2.0931416	1.2537434	0.22878106	0.8093544299533921	0.6405799333115184	ENSG00000084731.15	KIF3C	False
ENST00000440311	4.8911257	0.58633393	1.8400655	1.2537315	0.21356976	0.8093544299533921	0.670460239727535	ENSG00000123374.11	CDK2	False
ENST00000690488	32.20919	2.2983596	3.5520186	1.253659	0.16545382	0.8093544299533921	0.7813231976625212	ENSG00000107669.19	ATE1	True
ENST00000315599	15.999026	1.714189	2.96738	1.253191	0.0861434	0.8093544299533921	1.0647780071943782	ENSG00000090659.18	CD209	False
ENST00000502878	66.68181	3.0447578	4.2977557	1.2529979	0.11150114	0.8093544299533921	0.9527206830379972	ENSG00000183624.14	HMCES	False
ENST00000318217	10.800009	1.2119845	2.4648447	1.2528602	0.043667547	0.8093544299533921	1.3598411996171988	ENSG00000176658.17	MYO1D	False
ENST00000395571	87.886856	3.2720814	4.5247903	1.2527089	0.12976782	0.8093544299533921	0.8868329903189843	ENSG00000165156.15	ZHX1	False
ENST00000334370	20.66462	1.6794457	2.931919	1.2524734	0.07876996	0.8093544299533921	1.1036393777738032	ENSG00000105429.13	MEGF8	False
ENST00000682858	285.98605	4.7273135	5.978739	1.2514253	0.2743424	0.8093544299533921	0.5617070855226612	ENSG00000182923.20	CEP63	False
ENST00000372939	93.92174	3.2837546	4.5351267	1.2513721	0.18563509	0.8093544299533921	0.7313399273716931	ENSG00000188917.15	TRMT2B	False
ENST00000490388	11.285729	1.0977654	2.3488545	1.2510891	0.25959936	0.8093544299533921	0.5856963861606254	ENSG00000134215.16	VAV3	False
ENST00000706787	12.8	1.0158211	2.2668252	1.2510041	0.25745642	0.8093544299533921	0.589296270897721	ENSG00000137310.13	TCF19	False
ENST00000619987	26.917002	1.1830726	2.434059	1.2509863	0.323395	0.8140535395798091	0.49026668044644583	ENSG00000117899.11	MESD	False
ENST00000642739	29.118353	1.5997921	2.850532	1.2507399	0.16357324	0.8093544299533921	0.7862877564349215	ENSG00000156313.15	RPGR	False
ENST00000447132	32.49395	2.1342995	3.385009	1.2507095	0.17121646	0.8093544299533921	0.7664544913484759	ENSG00000155438.12	NIFK	False
ENST00000367845	23.103205	1.8945295	3.144752	1.2502226	0.08281627	0.8093544299533921	1.081884318185741	ENSG00000118514.14	ALDH8A1	False
ENST00000596302	140.34196	3.6473827	4.8975945	1.2502117	0.21721686	0.8093544299533921	0.6631064601285336	ENSG00000196268.12	ZNF493	False
ENST00000607161	34.135082	2.4330962	3.6832147	1.2501185	0.066000104	0.8093544299533921	1.1804553804415676	ENSG00000290146.1	ENSG00000290146	False
ENST00000376861	122.81069	3.5444307	4.79425	1.2498193	0.19549868	0.8093544299533921	0.7088561814663423	ENSG00000204642.14	HLA-F	False
ENST00000682725	255.09439	4.5747223	5.8242483	1.249526	0.2664348	0.8093544299533921	0.5744090694576999	ENSG00000155096.15	AZIN1	False
ENST00000540819	9.430279	0.68391436	1.9333355	1.2494211	0.16337648	0.8093544299533921	0.7868104642867071	ENSG00000253729.9	PRKDC	False
ENST00000334082	148.37016	3.9899523	5.239232	1.2492797	0.18026799	0.8093544299533921	0.7440813845304896	ENSG00000152413.15	HOMER1	False
ENST00000263847	118.8	3.8527935	5.101804	1.2490103	0.18917556	0.8093544299533921	0.7231349692967733	ENSG00000110048.12	OSBP	False
ENST00000533998	25.690739	1.3236662	2.5722818	1.2486156	0.11070549	0.8093544299533921	0.9558308515553751	ENSG00000168522.13	FNTA	True
ENST00000647956	28.0	1.4031496	2.6516619	1.2485123	0.21467277	0.8093544299533921	0.6682230315680399	ENSG00000159403.18	C1R	False
ENST00000692423	47.593407	2.6265042	3.8747807	1.2482765	0.12228858	0.8093544299533921	0.9126141076836466	ENSG00000197122.13	SRC	False
ENST00000526148	38.34866	0.77110416	2.01932	1.2482159	0.41358864	0.833681742740497	0.38343139524775893	ENSG00000110321.19	EIF4G2	False
ENST00000563628	48.12699	2.2923222	3.5404027	1.2480805	0.21689285	0.8093544299533921	0.6637547577556993	ENSG00000135720.13	DYNC1LI2	False
ENST00000449561	29.196375	2.3763173	3.6243687	1.2480514	0.043791648	0.8093544299533921	1.358608710801327	ENSG00000105609.17	LILRB5	False
ENST00000704365	64.32881	2.5616806	3.8095875	1.2479069	0.32325208	0.8140535395798091	0.490458669410631	ENSG00000182504.12	CEP97	False
ENST00000706658	65.421974	2.2263985	3.4740894	1.2476909	0.45117956	0.8472077019271466	0.3456505797769023	ENSG00000078177.15	N4BP2	False
ENST00000512964	28.042347	1.8434601	3.091147	1.2476869	0.10512001	0.8093544299533921	0.9783146036855599	ENSG00000109220.11	CHIC2	False
ENST00000649414	61.38694	2.8690732	4.1165943	1.2475212	0.21784468	0.8093544299533921	0.6618530416306657	ENSG00000150995.21	ITPR1	False
ENST00000677339	67.833694	3.031357	4.277896	1.2465389	0.2501908	0.8093544299533921	0.6017286738005984	ENSG00000122566.22	HNRNPA2B1	False
ENST00000377244	25.998592	1.8930901	3.1395211	1.246431	0.033884276	0.8093544299533921	1.4700017932126148	ENSG00000110025.13	SNX15	False
ENST00000532170	46.52929	2.5244427	3.7703338	1.2458911	0.2028126	0.8093544299533921	0.6929050734745776	ENSG00000167325.15	RRM1	False
ENST00000677664	46.920387	2.0801756	3.325902	1.2457263	0.20078537	0.8093544299533921	0.6972679376058998	ENSG00000141279.18	NPEPPS	False
ENST00000528775	11.727694	0.7946207	2.0402894	1.2456686	0.06895929	0.8093544299533921	1.1614072293378634	ENSG00000150773.12	PIH1D2	False
ENST00000693617	30.901855	1.7724009	3.0179527	1.2455518	0.116081074	0.8093544299533921	0.9352385828404282	ENSG00000196712.20	NF1	False
ENST00000299138	321.1916	5.0602813	6.3055325	1.2452512	0.28200504	0.8101601987651417	0.549743127061084	ENSG00000069329.19	VPS35	False
ENST00000456581	7.0363207	0.32239738	1.56706	1.2446626	0.27342656	0.8093544299533921	0.5631592973485757	ENSG00000237489.5	C10orf143	False
ENST00000427522	96.08574	3.626878	4.8712316	1.2443535	0.15936765	0.8093544299533921	0.7975998292869837	ENSG00000130589.16	HELZ2	False
ENST00000376091	39.845165	2.5428622	3.7871537	1.2442915	0.22843929	0.8093544299533921	0.6412292052495978	ENSG00000171365.17	CLCN5	False
ENST00000371421	22.7	1.6029482	2.846497	1.2435489	0.05105285	0.8093544299533921	1.2919800108400834	ENSG00000197070.14	ARRDC1	False
ENST00000444354	274.67664	4.1323547	5.375654	1.2432995	0.420169	0.8374027596300101	0.37657599720586726	ENSG00000109180.15	OCIAD1	False
ENST00000586449	23.008799	1.9130627	3.1559424	1.2428797	0.029126048	0.8093544299533921	1.5357184377881679	ENSG00000153391.16	INO80C	False
ENST00000475315	103.76634	2.4956157	3.7372742	1.2416584	0.3084187	0.8118754707110037	0.5108593101900476	ENSG00000114416.19	FXR1	True
ENST00000586722	280.8918	4.5791388	5.8204994	1.2413607	0.25957915	0.8093544299533921	0.58573019088521	ENSG00000166377.21	ATP9B	False
ENST00000534325	94.37691	3.353468	4.594804	1.2413359	0.23214258	0.8093544299533921	0.6342451884365773	ENSG00000173715.19	TOP6BL	False
ENST00000339986	12.205509	1.2345064	2.4754624	1.2409561	0.011215069	0.8093544299533921	1.9501980372770016	ENSG00000197472.15	ZNF695	False
ENST00000526265	14.793848	1.4134473	2.6542406	1.2407933	0.049781565	0.8093544299533921	1.3029314577373157	ENSG00000137500.10	CCDC90B	True
ENST00000438830	11.771131	1.0435028	2.2840912	1.2405884	0.25064182	0.8093544299533921	0.6009464596696327	ENSG00000196189.14	SEMA4A	False
ENST00000612859	55.01476	2.62617	3.866561	1.240391	0.13482265	0.8093544299533921	0.8702371352419326	ENSG00000162885.14	B3GALNT2	False
ENST00000428481	18.219532	1.7229856	2.9632497	1.240264	0.23324044	0.8093544299533921	0.632196147060344	ENSG00000162976.13	SLC66A3	False
ENST00000681456	334.71555	4.0981603	5.3380733	1.239913	0.41383946	0.8337653728817394	0.38316810189887207	ENSG00000105835.13	NAMPT	False
ENST00000266508	21.309053	1.3457026	2.5853941	1.2396915	0.057008356	0.8093544299533921	1.2440614840439033	ENSG00000139154.16	AEBP2	False
ENST00000679008	79.26449	3.183077	4.422761	1.2396839	0.13414095	0.8093544299533921	0.87243861118856	ENSG00000123200.17	ZC3H13	False
ENST00000267229	116.39679	2.8173897	4.0568976	1.2395079	0.53363925	0.8656930641736459	0.2727522331006198	ENSG00000139746.16	RBM26	False
ENST00000273038	39.861107	2.0327613	3.271761	1.2389996	0.42385325	0.8384024579381989	0.3727844841158497	ENSG00000144560.16	VGLL4	False
ENST00000616434	65.263504	2.8651314	4.1040306	1.2388992	0.28819543	0.8109740254625081	0.5403129083459804	ENSG00000275700.6	AATF	False
ENST00000456257	18.444492	1.3594033	2.5978634	1.2384602	0.046460576	0.8093544299533921	1.3329154069670759	ENSG00000163161.14	ERCC3	True
ENST00000652448	31.866385	1.8101754	3.0486052	1.2384298	0.091272354	0.8093544299533921	1.0396607478621394	ENSG00000286098.1	ENSG00000286098	False
ENST00000564652	60.72585	2.9458454	4.1840625	1.2382171	0.13625932	0.8093544299533921	0.8656337910240505	ENSG00000141002.20	TCF25	False
ENST00000607361	16.728994	1.2493664	2.4875584	1.238192	0.06934312	0.8093544299533921	1.1589966226252646	ENSG00000126261.13	UBA2	True
ENST00000264852	13.875372	1.027964	2.2659671	1.2380031	0.16654307	0.8093544299533921	0.7784734430854882	ENSG00000072858.11	SIDT1	False
ENST00000650409	19.158867	1.3014542	2.5391302	1.237676	0.27882347	0.8093544299533921	0.5546706798621454	ENSG00000198825.15	INPP5F	False
ENST00000418807	38.533516	1.133675	2.3711882	1.2375132	0.47228628	0.8496758964603928	0.3257946669210604	ENSG00000124357.13	NAGK	False
ENST00000687677	22.71364	1.5279016	2.7649682	1.2370665	0.0839486	0.8093544299533921	1.0759865560448012	ENSG00000103018.18	CYB5B	False
ENST00000368504	22.309647	1.3145285	2.5515747	1.2370462	0.28624797	0.8109740254625081	0.5432575865627302	ENSG00000143569.20	UBAP2L	False
ENST00000596053	37.3322	2.3657515	3.602418	1.2366664	0.09859095	0.8093544299533921	1.006162958788911	ENSG00000160352.16	ZNF714	False
ENST00000355296	19.885796	1.9323853	3.1690452	1.2366599	0.12943068	0.8093544299533921	0.887962762211388	ENSG00000103423.14	DNAJA3	False
ENST00000543706	220.32219	4.6658754	5.902446	1.2365704	0.25440776	0.8093544299533921	0.5944696399356727	ENSG00000060339.14	CCAR1	False
ENST00000411975	38.21559	2.5744596	3.8108587	1.2363992	0.048437014	0.8093544299533921	1.3148226356943833	ENSG00000179869.15	ABCA13	False
ENST00000559255	166.37929	4.082688	5.3189063	1.2362185	0.18310976	0.8093544299533921	0.7372885059184354	ENSG00000185215.11	TNFAIP2	False
ENST00000531159	18.097332	0.7152462	1.9512701	1.2360239	0.42091465	0.8376899436219433	0.3758059583395699	ENSG00000135372.10	NAT10	False
ENST00000357650	75.08504	2.5144308	3.7503989	1.2359681	0.51056445	0.8568867825908673	0.29194943091149883	ENSG00000162695.12	SLC30A7	False
ENST00000478515	34.952618	2.43507	3.6707225	1.2356524	0.0799286	0.8093544299533921	1.0972977977204696	ENSG00000150995.21	ITPR1	False
ENST00000531863	16.194319	1.4937731	2.72864	1.234867	0.04529655	0.8093544299533921	1.3439348766000556	ENSG00000254986.8	DPP3	False
ENST00000499536	51.369396	2.6592338	3.893805	1.2345712	0.14052784	0.8093544299533921	0.8522376153762543	ENSG00000188368.11	PRR19	False
ENST00000397143	15.031891	1.1356441	2.3701632	1.2345191	0.17601746	0.8093544299533921	0.7544442424227463	ENSG00000126870.16	DYNC2I1	False
ENST00000679624	112.471985	3.6987488	4.932899	1.2341502	0.18112901	0.8093544299533921	0.7420119901259983	ENSG00000166949.18	SMAD3	False
ENST00000389082	63.999157	2.7879145	4.02197	1.2340553	0.11782302	0.8093544299533921	0.9287698511541757	ENSG00000170456.16	DENND5B	False
ENST00000685296	52.815723	2.7265284	3.960536	1.2340076	0.095086694	0.8093544299533921	1.0218802530868267	ENSG00000118600.13	RXYLT1	False
ENST00000358577	51.696877	2.590557	3.8245492	1.2339921	0.25603426	0.8093544299533921	0.5917019261947655	ENSG00000135596.18	MICAL1	False
ENST00000285393	108.06559	3.6947184	4.9285097	1.2337914	0.123568125	0.8093544299533921	0.9080935429355037	ENSG00000147614.4	ATP6V0D2	False
ENST00000396842	56.835907	2.755207	3.9887958	1.2335887	0.10604715	0.8093544299533921	0.9745009843619721	ENSG00000144597.14	EAF1	False
ENST00000634486	7.624845	0.4710873	1.704591	1.2335037	0.17350392	0.8093544299533921	0.7606907075910078	ENSG00000126070.20	AGO3	False
ENST00000222693	96.400604	3.5814927	4.8146896	1.233197	0.10881757	0.8093544299533921	0.9633009768846161	ENSG00000105971.15	CAV2	False
ENST00000332503	28.2	2.240799	3.473869	1.2330701	0.051463515	0.8093544299533921	1.288500558104633	ENSG00000182742.6	HOXB4	False
ENST00000377801	27.940384	1.795868	3.028871	1.233003	0.072526895	0.8093544299533921	1.1395009179626983	ENSG00000182836.11	PLCXD3	False
ENST00000616907	9.79389	0.7427589	1.9755914	1.2328324	0.014995392	0.8093544299533921	1.8240421647751826	ENSG00000136104.22	RNASEH2B	False
ENST00000621914	61.91327	2.6856735	3.9183931	1.2327197	0.27949822	0.8093544299533921	0.5536209543897536	ENSG00000006125.18	AP2B1	False
ENST00000535814	23.32151	1.627852	2.860547	1.2326951	0.14412999	0.8093544299533921	0.8412456388854977	ENSG00000136891.14	TEX10	False
ENST00000467590	44.187153	2.3163779	3.5485983	1.2322204	0.12805809	0.8093544299533921	0.892592977278341	ENSG00000176896.9	TCEANC	False
ENST00000394163	14.903137	1.2564145	2.4883912	1.2319766	0.27387837	0.8093544299533921	0.5624422722523158	ENSG00000197343.11	ZNF655	False
ENST00000637789	53.6816	3.1849444	4.4169197	1.2319753	0.17532153	0.8093544299533921	0.756164737398134	ENSG00000173575.24	CHD2	False
ENST00000535387	10.3414	0.43341598	1.6652329	1.2318169	0.30681044	0.8118754707110037	0.5131298684402219	ENSG00000198000.12	NOL8	False
ENST00000525680	70.09996	2.6978333	3.9295754	1.2317421	0.22065799	0.8093544299533921	0.6562803433945633	ENSG00000175274.19	TP53I11	False
ENST00000550641	86.589165	3.192667	4.424325	1.231658	0.14209302	0.8093544299533921	0.8474272623260233	ENSG00000111596.14	CNOT2	False
ENST00000430655	33.992367	1.9600602	3.191718	1.2316579	0.07873278	0.8093544299533921	1.1038444075145792	ENSG00000137274.13	BPHL	False
ENST00000296411	11.791547	1.2498606	2.481357	1.2314965	0.107233815	0.8093544299533921	0.9696682434990287	ENSG00000164024.12	METAP1	False
ENST00000682989	28.416058	2.1280637	3.359551	1.2314873	0.17150527	0.8093544299533921	0.7657225244024489	ENSG00000136492.10	BRIP1	False
ENST00000699675	698.69165	5.9218082	7.1532197	1.2314115	0.3650629	0.8185742609699567	0.4376323095561072	ENSG00000147010.19	SH3KBP1	False
ENST00000424659	60.619698	3.0590603	4.290103	1.2310426	0.091731556	0.8093544299533921	1.0374812408299907	ENSG00000124356.17	STAMBP	False
ENST00000321407	22.7	1.6598173	2.8903983	1.2305809	0.07349693	0.8093544299533921	1.1337307994340993	ENSG00000179562.3	GCC1	False
ENST00000556095	14.355049	1.1411914	2.3717103	1.2305189	0.30597	0.8118754707110037	0.5143211348428299	ENSG00000100744.15	GSKIP	False
ENST00000684634	23.10138	1.8653103	3.0956924	1.2303821	0.046402637	0.8093544299533921	1.3334573391587496	ENSG00000175946.9	KLHL38	False
ENST00000553038	20.17148	1.8186547	3.048821	1.2301663	0.0022490767	0.8093544299533921	2.6479957278943043	ENSG00000075089.10	ACTR6	True
ENST00000368106	24.467026	1.6103543	2.8402064	1.2298521	0.13439119	0.8093544299533921	0.8716292049317383	ENSG00000181036.14	FCRL6	False
ENST00000650427	25.5	1.7895094	3.0193233	1.2298139	0.094905816	0.8093544299533921	1.0227071723210748	ENSG00000152661.9	GJA1	False
ENST00000673868	22.097534	1.2751638	2.5049765	1.2298127	0.31038505	0.8118754707110037	0.5080992073827889	ENSG00000133794.20	BMAL1	False
ENST00000449141	108.451355	3.75332	4.9826994	1.2293794	0.18858619	0.8093544299533921	0.7244901126456554	ENSG00000125868.16	DSTN	False
ENST00000397728	35.7885	1.985417	3.214632	1.229215	0.14850025	0.8093544299533921	0.8282728187512047	ENSG00000160285.15	LSS	False
ENST00000453846	19.202957	1.6566418	2.885845	1.2292031	0.091092534	0.8093544299533921	1.040517214878764	ENSG00000123600.21	METTL8	True
ENST00000418113	56.073082	2.537779	3.7667909	1.2290118	0.17325358	0.8093544299533921	0.7613177803171197	ENSG00000170264.13	FAM161A	False
ENST00000640646	46.967262	2.2355416	3.4645014	1.2289598	0.1540774	0.8093544299533921	0.8122610705664249	ENSG00000139174.12	PRICKLE1	True
ENST00000406711	14.451712	1.2524096	2.4802036	1.227794	0.07540353	0.8093544299533921	1.1226083428402716	ENSG00000218739.10	CEBPZOS	False
ENST00000290472	53.30384	2.8627775	4.090275	1.2274973	0.13509637	0.8093544299533921	0.8693563164134616	ENSG00000159337.7	PLA2G4D	False
ENST00000693271	21.66446	1.0196338	2.247069	1.2274351	0.26303643	0.8093544299533921	0.5799840986543673	ENSG00000119321.10	FKBP15	False
ENST00000629983	138.92232	4.062737	5.2899675	1.2272305	0.1979963	0.8093544299533921	0.7033429178746786	ENSG00000126247.11	CAPNS1	True
ENST00000608478	7.2389793	0.89580846	2.1228278	1.2270193	0.03994546	0.8093544299533921	1.3985325639647297	ENSG00000138685.18	FGF2	False
ENST00000294997	19.907803	1.7617332	2.9885688	1.2268356	0.14620255	0.8093544299533921	0.8350450545059216	ENSG00000197721.17	CR1L	False
ENST00000326279	42.408974	2.5984318	3.8249083	1.2264764	0.13780507	0.8093544299533921	0.860734789928292	ENSG00000131914.11	LIN28A	False
ENST00000513119	21.950243	1.4143457	2.640808	1.2264624	0.5198608	0.8596662091989284	0.28411292581139014	ENSG00000136436.15	CALCOCO2	False
ENST00000683173	30.339514	2.054246	3.2806652	1.2264192	0.06410708	0.8093544299533921	1.193093985392989	ENSG00000138821.14	SLC39A8	True
ENST00000494100	12.264206	1.1092387	2.335383	1.2261442	0.19090515	0.8093544299533921	0.7191823470617027	ENSG00000143514.18	TP53BP2	False
ENST00000462312	22.7	1.3021917	2.5283136	1.2261219	0.33717766	0.8158433703746901	0.4721412024482582	ENSG00000108244.17	KRT23	True
ENST00000427726	89.981285	3.4251711	4.6509204	1.2257493	0.16789924	0.8093544299533921	0.7749512798338342	ENSG00000071243.16	ING3	True
ENST00000674646	46.02393	2.7168121	3.9424913	1.2256792	0.26125747	0.8093544299533921	0.5829312837204136	ENSG00000185900.11	POMK	False
ENST00000318074	23.81893	1.2710377	2.4960613	1.2250236	0.33227882	0.8148546909488805	0.47849734324069443	ENSG00000142765.18	SYTL1	False
ENST00000630754	57.84025	2.7671516	3.9919143	1.2247627	0.19445908	0.8093544299533921	0.7111717717033077	ENSG00000181090.21	EHMT1	False
ENST00000437099	760.03784	5.9051785	7.129923	1.2247443	0.36570328	0.8185742609699567	0.43687113881906686	ENSG00000007237.19	GAS7	False
ENST00000641501	121.80979	3.798117	5.0227494	1.2246325	0.16218506	0.8093544299533921	0.7899891595457071	ENSG00000188558.7	OR2G6	False
ENST00000305123	20.557869	1.5157071	2.7399886	1.2242814	0.08148461	0.8093544299533921	1.0889244175053383	ENSG00000169047.6	IRS1	False
ENST00000588952	23.707027	1.6563711	2.8802073	1.2238362	0.10757637	0.8093544299533921	0.9682831134437929	ENSG00000130816.17	DNMT1	False
ENST00000483757	91.42695	3.4085646	4.6318665	1.2233019	0.06500657	0.8093544299533921	1.1870427549199294	ENSG00000107099.18	DOCK8	False
ENST00000544974	29.961552	1.9492058	3.1724064	1.2232007	0.11514359	0.8093544299533921	0.9387602352601775	ENSG00000137821.12	LRRC49	False
ENST00000244519	46.930817	2.8868687	4.109977	1.223108	0.0945526	0.8093544299533921	1.0243265295407165	ENSG00000111801.16	BTN3A3	False
ENST00000259030	74.2	2.9446764	4.1672225	1.2225461	0.19035682	0.8093544299533921	0.7204315570309565	ENSG00000136514.3	RTP4	False
ENST00000335754	29.644531	1.7691742	2.9913883	1.2222141	0.11840673	0.8093544299533921	0.9266236201537001	ENSG00000113812.14	ACTR8	False
ENST00000264689	39.551537	1.4011141	2.623067	1.2219528	0.36964047	0.8194459451468774	0.4322204867469481	ENSG00000109775.11	UFSP2	False
ENST00000531289	226.61848	4.4483657	5.6702304	1.2218647	0.3749199	0.822029190427276	0.4260615174936301	ENSG00000104388.15	RAB2A	False
ENST00000692985	9.319556	0.9439485	2.1657863	1.2218378	0.020992748	0.8093544299533921	1.6779306984406333	ENSG00000163913.14	IFT122	False
ENST00000398249	35.542984	2.2104466	3.4320803	1.2216337	0.0817759	0.8093544299533921	1.0873746478079493	ENSG00000105723.13	GSK3A	False
ENST00000392485	22.93718	1.7693895	2.9905763	1.2211868	0.0869484	0.8093544299533921	1.0607383942342374	ENSG00000161547.17	SRSF2	False
ENST00000367123	217.87112	4.6085577	5.829564	1.2210064	0.20216124	0.8093544299533921	0.6943021124014336	ENSG00000171943.12	SRGAP2C	False
ENST00000529060	13.610242	0.7918636	2.0128682	1.2210045	0.20559509	0.8093544299533921	0.6869872592460657	ENSG00000186523.15	FAM86B1	True
ENST00000422121	25.168392	1.8308932	3.051881	1.2209879	0.105313115	0.8093544299533921	0.9775175420137061	ENSG00000196712.20	NF1	False
ENST00000643051	36.72018	2.1133034	3.3341568	1.2208533	0.14682114	0.8093544299533921	0.8332114044737836	ENSG00000125257.16	ABCC4	False
ENST00000355281	311.8953	5.194535	6.415313	1.220778	0.17197484	0.8093544299533921	0.7645350915383966	ENSG00000197454.2	OR2L5	False
ENST00000356956	226.19658	4.633873	5.8540716	1.2201986	0.23667586	0.8093544299533921	0.6258460388853387	ENSG00000197081.16	IGF2R	False
ENST00000416691	11.916936	0.9819065	2.2019713	1.2200649	0.02905481	0.8093544299533921	1.5367819697669383	ENSG00000133103.17	COG6	False
ENST00000506533	200.83002	4.496075	5.716042	1.2199669	0.23978773	0.8093544299533921	0.6201730479862584	ENSG00000136504.15	KAT7	False
ENST00000404085	120.00232	3.7257903	4.945627	1.219837	0.16613	0.8093544299533921	0.7795519184254881	ENSG00000160117.16	ANKLE1	False
ENST00000524989	92.38282	3.4708192	4.690439	1.21962	0.21487902	0.8093544299533921	0.667805983240992	ENSG00000150776.18	NKAPD1	False
ENST00000443967	16.516735	1.1934146	2.4126422	1.2192277	0.14541356	0.8093544299533921	0.8373950851432437	ENSG00000170085.18	SIMC1	False
ENST00000367137	22.8	1.7615681	2.9805515	1.2189834	0.0711993	0.8093544299533921	1.1475242889123212	ENSG00000133065.11	SLC41A1	False
ENST00000532993	10.88121	0.44792303	1.6668067	1.2188836	0.31226656	0.8118754707110037	0.5054745232184307	ENSG00000196914.9	ARHGEF12	False
ENST00000391764	65.36335	3.159918	4.378755	1.218837	0.04252692	0.8093544299533921	1.3713360759816156	ENSG00000170906.16	NDUFA3	False
ENST00000642810	71.28047	2.6017532	3.82051	1.2187567	0.42353895	0.8383801082574476	0.3731066412397655	ENSG00000111642.16	CHD4	False
ENST00000511216	237.56038	4.6990952	5.917827	1.2187319	0.17911386	0.8093544299533921	0.7468707948548852	ENSG00000163945.19	UVSSA	False
ENST00000339007	106.19749	2.5439863	3.762446	1.2184596	0.46114048	0.8481416265840513	0.3361667493051371	ENSG00000175489.10	LRRC25	False
ENST00000307296	235.60501	4.7601223	5.978181	1.2180586	0.27372646	0.8093544299533921	0.562683213852746	ENSG00000170248.15	PDCD6IP	False
ENST00000435200	96.14748	3.196284	4.414311	1.2180269	0.28469667	0.8106393935615843	0.5456176150793974	ENSG00000131148.9	EMC8	False
ENST00000312033	31.857098	2.3121502	3.5300384	1.2178881	0.09569706	0.8093544299533921	1.019101403358275	ENSG00000106948.17	AKNA	False
ENST00000317582	62.520283	1.3329537	2.550774	1.2178204	0.5223213	0.8616542041707533	0.28206227694670816	ENSG00000099968.18	BCL2L13	False
ENST00000682887	12.2814045	1.0937965	2.3114989	1.2177024	0.033783738	0.8093544299533921	1.471292305142318	ENSG00000170075.10	GPR37L1	False
ENST00000558777	10.60581	1.1868118	2.4041526	1.2173408	0.0630387	0.8093544299533921	1.2003927561801322	ENSG00000137824.16	RMDN3	False
ENST00000554794	68.212875	2.9739408	4.191107	1.217166	0.21751136	0.8093544299533921	0.6625180643831722	ENSG00000151327.14	FAM177A1	True
ENST00000326765	64.22078	2.9165986	4.133478	1.2168796	0.18057926	0.8093544299533921	0.7433321310347919	ENSG00000178878.13	APOLD1	False
ENST00000349051	7.341056	0.8875301	2.104388	1.2168579	0.19722511	0.8093544299533921	0.7050377958134345	ENSG00000166321.14	NUDT13	False
ENST00000293350	103.35933	3.710675	4.927393	1.216718	0.18009163	0.8093544299533921	0.7445064605366762	ENSG00000161618.10	ALDH16A1	False
ENST00000335390	19.533794	1.8453999	3.0619397	1.2165399	0.089640036	0.8093544299533921	1.0474979766299155	ENSG00000186889.10	TMEM17	False
ENST00000635828	43.244236	2.0938127	3.31035	1.2165372	0.18171813	0.8093544299533921	0.7406017507171273	ENSG00000008086.13	CDKL5	False
ENST00000361156	66.395325	3.1206157	4.3370967	1.216481	0.04901245	0.8093544299533921	1.3096935997991195	ENSG00000134874.18	DZIP1	False
ENST00000395127	255.16092	4.481192	5.6975555	1.2163634	0.33581197	0.8158433703746901	0.473903824132204	ENSG00000055332.19	EIF2AK2	False
ENST00000448750	39.59383	2.220082	3.4360018	1.2159197	0.1687437	0.8093544299533921	0.7727724330031853	ENSG00000132341.12	RAN	False
ENST00000591786	138.70825	3.835206	5.0510902	1.2158842	0.21434118	0.8093544299533921	0.6688943856863233	ENSG00000129657.16	SEC14L1	False
ENST00000395889	9.624529	1.1350297	2.3508973	1.2158676	0.013722106	0.8093544299533921	1.8625792338762388	ENSG00000120498.14	TEX11	False
ENST00000366746	17.634312	1.6572124	2.8730044	1.2157921	0.07963337	0.8093544299533921	1.0989049047734512	ENSG00000162910.19	MRPL55	False
ENST00000242827	19.579489	0.9273033	2.1429276	1.2156243	0.113241486	0.8093544299533921	0.9459944393199506	ENSG00000123179.14	EBPL	False
ENST00000266880	249.43633	4.4499855	5.6653905	1.215405	0.24381672	0.8093544299533921	0.6129365182188403	ENSG00000072609.18	CHFR	False
ENST00000265361	24.611065	1.4759618	2.6911886	1.2152268	0.082577	0.8093544299533921	1.0831409117125763	ENSG00000075223.14	SEMA3C	False
ENST00000409933	208.00725	4.2648582	5.479948	1.2150898	0.25522208	0.8093544299533921	0.5930817526161544	ENSG00000119844.17	AFTPH	False
ENST00000377242	106.25887	3.5943577	4.8093953	1.2150376	0.19376232	0.8093544299533921	0.7127306802264324	ENSG00000120594.17	PLXDC2	False
ENST00000539066	14.495369	1.4431868	2.657849	1.2146623	0.089353986	0.8093544299533921	1.0488860688340802	ENSG00000013503.10	POLR3B	False
ENST00000552360	24.1	1.9504529	3.164975	1.214522	0.13407998	0.8093544299533921	0.8726360703944603	ENSG00000257704.4	INAFM1	False
ENST00000447473	305.33548	4.1819696	5.396359	1.2143893	0.42899665	0.8407629197723834	0.3675460967784397	ENSG00000163565.20	IFI16	False
ENST00000397560	347.79742	4.8547707	6.0691085	1.2143378	0.2912287	0.8109740254625081	0.5357658111001783	ENSG00000006459.11	KDM7A	False
ENST00000341469	266.1598	5.2507987	6.465104	1.2143054	0.039330404	0.8093544299533921	1.4052715897349313	ENSG00000106785.15	TRIM14	False
ENST00000585259	31.243137	2.412568	3.6268675	1.2142994	0.16717912	0.8093544299533921	0.7768179584758975	ENSG00000141552.18	ANAPC11	False
ENST00000616206	61.15453	3.0686073	4.2828712	1.2142639	0.14366548	0.8093544299533921	0.8426475789396058	ENSG00000178104.22	PDE4DIP	False
ENST00000452085	87.99718	2.7638614	3.9780755	1.2142141	0.28014743	0.8093544299533921	0.5526133521970509	ENSG00000111817.19	DSE	False
ENST00000260508	25.5837	1.365645	2.5796566	1.2140115	0.32223666	0.8132758769142434	0.49182505643939783	ENSG00000137944.18	KYAT3	False
ENST00000374479	23.9	1.769214	2.9829233	1.2137092	0.1510702	0.8093544299533921	0.8208211746816756	ENSG00000179163.12	FUCA1	False
ENST00000679874	80.658005	3.387515	4.601063	1.2135477	0.08984689	0.8093544299533921	1.0464969671343565	ENSG00000159063.14	ALG8	True
ENST00000443638	35.069466	1.9800819	3.1934755	1.2133936	0.17614852	0.8093544299533921	0.7541210040728573	ENSG00000077147.16	TM9SF3	False
ENST00000310137	49.04376	2.8197715	4.032618	1.2128465	0.046323527	0.8093544299533921	1.3341983848026049	ENSG00000239306.5	RBM14	False
ENST00000674072	12.827173	1.243528	2.4561653	1.2126373	0.04467023	0.8093544299533921	1.3499817954605515	ENSG00000265590.10	CFAP298-TCP10L	False
ENST00000357207	32.966682	1.783955	2.9963326	1.2123777	0.117278695	0.8093544299533921	0.930780874824336	ENSG00000168538.16	TRAPPC11	False
ENST00000373222	215.37239	4.8813305	6.0936737	1.2123432	0.078458704	0.8093544299533921	1.1053588696284864	ENSG00000124177.16	CHD6	False
ENST00000519472	17.186554	1.229008	2.4411554	1.2121475	0.3927431	0.8283759992706762	0.40589142444204285	ENSG00000120885.22	CLU	True
ENST00000622312	71.950035	2.785325	3.9974127	1.2120876	0.15183632	0.8093544299533921	0.8186243284541629	ENSG00000273611.5	ZNHIT3	True
ENST00000490481	20.59	1.523132	2.7350216	1.2118896	0.096303195	0.8093544299533921	1.0163593053554332	ENSG00000206530.11	CFAP44	False
ENST00000677069	9.2387	0.8529839	2.0647237	1.2117398	0.09471591	0.8093544299533921	1.0235770722098898	ENSG00000082701.17	GSK3B	True
ENST00000507152	25.896927	1.8586378	3.070277	1.2116392	0.08705101	0.8093544299533921	1.060226177570444	ENSG00000248329.6	APELA	False
ENST00000590466	290.5633	3.593275	4.8038077	1.2105327	0.56723356	0.8758872921733283	0.2462380804271312	ENSG00000167671.12	UBXN6	False
ENST00000355867	93.18283	1.4590802	2.669386	1.2103057	0.53296834	0.865635036834895	0.2732985867912606	ENSG00000197321.16	SVIL	False
ENST00000683463	5.1011915	0.47220096	1.6823301	1.2101291	0.16197687	0.8093544299533921	0.7905469870966715	ENSG00000213614.11	HEXA	False
ENST00000354216	14.283251	1.1256722	2.3355358	1.2098635	0.08566064	0.8093544299533921	1.0672187032893579	ENSG00000198276.16	UCKL1	False
ENST00000396389	12.70953	0.8497737	2.0594068	1.2096331	0.40625927	0.8315413729275363	0.3911967177739139	ENSG00000196230.14	TUBB	False
ENST00000427746	72.84892	3.0109262	4.2204804	1.2095542	0.14728785	0.8093544299533921	0.8318330902355562	ENSG00000159267.17	HLCS	True
ENST00000504563	5.1717634	0.63678265	1.8462483	1.2094656	0.1078691	0.8093544299533921	0.9671029304683104	ENSG00000108848.16	LUC7L3	False
ENST00000244571	94.44399	3.360935	4.570187	1.2092521	0.1490235	0.8093544299533921	0.826745231946584	ENSG00000124608.5	AARS2	False
ENST00000404752	15.986954	1.3697392	2.5788887	1.2091495	0.042973116	0.8093544299533921	1.3668031538792353	ENSG00000243244.7	STON1	False
ENST00000348222	9.977968	0.80544704	2.0144162	1.2089691	0.24780387	0.8093544299533921	0.6058919209451482	ENSG00000114956.20	DGUOK	False
ENST00000360380	8.392628	0.7536862	1.9626143	1.2089281	0.18342686	0.8093544299533921	0.7365370754782784	ENSG00000123473.17	STIL	False
ENST00000325747	142.36063	4.1307254	5.3394766	1.2087512	0.08217413	0.8093544299533921	1.0852648863575205	ENSG00000103995.14	CEP152	False
ENST00000374617	19.118689	1.7049996	2.9137483	1.2087487	0.1277152	0.8093544299533921	0.8937574115544679	ENSG00000227057.10	WDR46	False
ENST00000399061	31.049475	1.461836	2.6705618	1.2087258	0.47354874	0.8500118764885034	0.3246353144681357	ENSG00000172466.16	ZNF24	False
ENST00000269298	23.599998	1.832312	3.040998	1.208686	0.033672996	0.8093544299533921	1.4727182429850132	ENSG00000141504.12	SAT2	False
ENST00000586651	7.5	0.862596	2.0708153	1.2082193	0.029546905	0.8093544299533921	1.529487999643067	ENSG00000127452.9	FBXL12	False
ENST00000450454	44.47098	2.6131897	3.821365	1.2081754	0.11914013	0.8093544299533921	0.9239419184659792	ENSG00000204219.11	TCEA3	False
ENST00000423345	110.9	3.650117	4.8572874	1.2071705	0.1879922	0.8093544299533921	0.7258601691209613	ENSG00000133246.12	PRAM1	False
ENST00000560261	23.746338	1.7542024	2.961242	1.2070396	0.061507076	0.8093544299533921	1.2110749183410263	ENSG00000136371.11	MTHFS	True
ENST00000683505	23.827719	1.9156758	3.1223788	1.2067031	0.11638101	0.8093544299533921	0.9341178710461756	ENSG00000023041.12	ZDHHC6	False
ENST00000537911	142.32216	3.7890787	4.995479	1.2064004	0.31370798	0.8118754707110037	0.5034744371369488	ENSG00000165275.10	TRMT10B	False
ENST00000369199	342.5958	5.175444	6.381401	1.2059569	0.30527493	0.8118754707110037	0.5153088545821017	ENSG00000107560.12	RAB11FIP2	False
ENST00000458210	16.7	1.6012274	2.8070955	1.2058681	0.12651105	0.8093544299533921	0.8978715320226276	ENSG00000250067.12	YJEFN3	False
ENST00000594681	15.602331	1.3094373	2.5151758	1.2057385	0.0730957	0.8093544299533921	1.1361081608141916	ENSG00000197928.11	ZNF677	True
ENST00000612338	91.10037	3.8575494	5.0632286	1.2056792	0.055135377	0.8093544299533921	1.2585696534555808	ENSG00000145990.11	GFOD1	False
ENST00000639487	13.985682	1.3067783	2.512314	1.2055358	0.18472789	0.8093544299533921	0.7334675249789798	ENSG00000176225.15	RTTN	False
ENST00000377834	31.371897	2.164221	3.3696642	1.2054431	0.09809803	0.8093544299533921	1.0083397043780677	ENSG00000069812.11	HES2	False
ENST00000554107	38.962887	2.4634016	3.6685386	1.205137	0.10584054	0.8093544299533921	0.9753479472016496	ENSG00000119596.18	YLPM1	False
ENST00000585685	17.180138	1.1037216	2.3086498	1.2049282	0.19403745	0.8093544299533921	0.7121144361789806	ENSG00000224916.9	APOC4-APOC2	False
ENST00000610546	53.12273	2.9256163	4.130544	1.2049279	0.03447742	0.8093544299533921	1.4624652386710209	ENSG00000135473.16	PAN2	False
ENST00000313421	74.6	3.161848	4.3666196	1.2047715	0.15523045	0.8093544299533921	0.8090230901046204	ENSG00000013725.14	CD6	False
ENST00000370526	34.9	2.3999023	3.6044917	1.2045894	0.076722264	0.8093544299533921	1.1150785883963248	ENSG00000182195.9	LDOC1	False
ENST00000560119	9.351917	1.0501604	2.2546268	1.2044663	0.115581945	0.8093544299533921	0.9371100031092607	ENSG00000156958.15	GALK2	False
ENST00000496200	90.13615	3.135422	4.33944	1.2040179	0.16657569	0.8093544299533921	0.778388391756859	ENSG00000106348.19	IMPDH1	False
ENST00000681478	85.43089	2.8521683	4.0557904	1.2036221	0.24932283	0.8093544299533921	0.6032379493453874	ENSG00000141252.21	VPS53	False
ENST00000589881	119.20919	2.7079399	3.910773	1.2028332	0.3293099	0.8142173533113395	0.4823951990595776	ENSG00000172466.16	ZNF24	False
ENST00000333003	75.52085	3.2051544	4.4077177	1.2025633	0.15726428	0.8093544299533921	0.8033699163878374	ENSG00000120798.17	NR2C1	False
ENST00000683243	136.0916	3.801548	5.00407	1.2025218	0.24706177	0.8093544299533921	0.6071944442645264	ENSG00000213614.11	HEXA	True
ENST00000320393	90.52867	3.1792536	4.3814673	1.2022138	0.303001	0.8118754707110037	0.5185559574255824	ENSG00000083123.15	BCKDHB	False
ENST00000538932	10.212842	0.6680219	1.8700037	1.2019818	0.18163097	0.8093544299533921	0.7408100999791823	ENSG00000179195.16	ZNF664	True
ENST00000568849	124.247314	3.9500284	5.151847	1.2018185	0.26903892	0.8093544299533921	0.570184896121059	ENSG00000103342.13	GSPT1	False
ENST00000680806	19.772287	1.7971228	2.9988976	1.2017747	0.06005545	0.8093544299533921	1.2214475773370197	ENSG00000075702.19	WDR62	False
ENST00000304501	44.01989	2.7214663	3.9230845	1.2016182	0.02576487	0.8093544299533921	1.588972052475923	ENSG00000171056.8	SOX7	False
ENST00000257572	39.40571	2.5206487	3.7219899	1.2013412	0.13982698	0.8093544299533921	0.8544090122104154	ENSG00000135116.9	HRK	False
ENST00000671898	16.133629	0.70569724	1.9069388	1.2012415	0.26438266	0.8093544299533921	0.5777670315779948	ENSG00000288208.1	ENSG00000288208	False
ENST00000368006	43.55785	1.5623204	2.7635589	1.2012385	0.5403077	0.867777183814941	0.267358842716177	ENSG00000158796.17	DEDD	False
ENST00000368401	15.78721	0.79172176	1.9928521	1.2011304	0.22034006	0.8093544299533921	0.6569065401757249	ENSG00000169241.19	SLC50A1	True
ENST00000584642	69.53475	3.1698081	4.370694	1.200886	0.14759324	0.8093544299533921	0.8309335189719311	ENSG00000079134.13	THOC1	True
ENST00000641673	54.001842	2.6195986	3.8202014	1.2006028	0.21890204	0.8093544299533921	0.6597501979693139	ENSG00000172324.6	OR5A2	False
ENST00000296555	330.40656	5.0917335	6.2923064	1.200573	0.29745388	0.8111088466013822	0.5265803612952282	ENSG00000109670.17	FBXW7	False
ENST00000248211	11.01625	0.6842702	1.884443	1.2001729	0.050287172	0.8093544299533921	1.2985427854012517	ENSG00000256223.6	ZNF10	False
ENST00000686464	74.76292	3.0356598	4.235507	1.1998472	0.22302435	0.8093544299533921	0.6516477111077612	ENSG00000165240.22	ATP7A	False
ENST00000409458	70.54474	3.1371126	4.336876	1.1997633	0.10925795	0.8093544299533921	0.9615469469041202	ENSG00000136235.17	GPNMB	False
ENST00000297814	106.18223	2.755606	3.955113	1.199507	0.30342498	0.8118754707110037	0.517948661978056	ENSG00000165115.15	KIF27	False
ENST00000698800	140.32574	3.8456755	5.0449176	1.1992421	0.23839816	0.8093544299533921	0.6226970926647357	ENSG00000119969.16	HELLS	False
ENST00000427980	55.0	2.6459172	3.8450186	1.1991014	0.2246175	0.8093544299533921	0.6485564182526109	ENSG00000224470.9	ATXN1L	False
ENST00000675130	44.66016	2.6319816	3.8309429	1.1989613	0.2643469	0.8093544299533921	0.5778257821463412	ENSG00000163320.12	CGGBP1	False
ENST00000583848	46.81975	2.8634129	4.06219	1.1987772	0.12064806	0.8093544299533921	0.9184796436912352	ENSG00000072778.20	ACADVL	False
ENST00000641931	253.35391	4.755692	5.9544396	1.1987476	0.23801638	0.8093544299533921	0.6233931508995189	ENSG00000171561.4	OR2AT4	False
ENST00000692328	48.005783	2.5359683	3.7345557	1.1985874	0.19376436	0.8093544299533921	0.7127261045702529	ENSG00000155393.14	HEATR3	False
ENST00000433912	37.942482	2.022564	3.2210414	1.1984775	0.23496485	0.8093544299533921	0.6289971064542653	ENSG00000137274.13	BPHL	False
ENST00000589280	16.8	1.2778578	2.476215	1.1983571	0.06233294	0.8093544299533921	1.2052823931426877	ENSG00000142065.14	ZFP14	False
ENST00000371348	80.819016	3.2763026	4.474444	1.1981413	0.2665378	0.8093544299533921	0.5742412148401106	ENSG00000116209.12	TMEM59	False
ENST00000651434	27.2107	1.9846691	3.1827404	1.1980714	0.38617334	0.8245026371471442	0.41321771421887743	ENSG00000116127.20	ALMS1	False
ENST00000543131	6.5751495	0.68141013	1.8793647	1.1979547	0.25238112	0.8093544299533921	0.5979431433180571	ENSG00000076043.11	REXO2	True
ENST00000411863	71.18486	2.8046143	4.0025377	1.1979234	0.2494158	0.8093544299533921	0.6030760383282782	ENSG00000178665.16	ZNF713	False
ENST00000404898	6.399986	0.58460814	1.7824795	1.1978714	0.16603188	0.8093544299533921	0.7798085088295486	ENSG00000100346.18	CACNA1I	False
ENST00000392882	72.31212	2.887139	4.0850043	1.1978652	0.32096186	0.8125420389446386	0.4935465680885725	ENSG00000140105.18	WARS1	False
ENST00000472531	23.839489	2.0045922	3.202189	1.1975968	0.15391801	0.8093544299533921	0.8127105518476347	ENSG00000196418.13	ZNF124	True
ENST00000238146	21.60105	1.4449515	2.6420803	1.1971288	0.14020517	0.8093544299533921	0.8532359571577924	ENSG00000111364.16	DDX55	False
ENST00000406041	81.82987	3.1789396	4.375779	1.1968396	0.15351689	0.8093544299533921	0.8138438401845377	ENSG00000170634.13	ACYP2	True
ENST00000302243	225.48096	4.584806	5.7811	1.1962938	0.25314072	0.8093544299533921	0.5966379928519361	ENSG00000168872.17	DDX19A	False
ENST00000589202	211.44241	4.3825364	5.5787725	1.1962361	0.3047475	0.8118754707110037	0.5160598597292189	ENSG00000129657.16	SEC14L1	False
ENST00000371375	86.99849	3.2675407	4.463674	1.1961334	0.20806393	0.8093544299533921	0.6818032020618967	ENSG00000138193.17	PLCE1	False
ENST00000713991	134.1799	4.118242	5.3143444	1.1961026	0.047825567	0.8093544299533921	1.3203398686027188	ENSG00000130164.16	LDLR	False
ENST00000706604	30.891552	2.088658	3.2847593	1.1961012	0.13285941	0.8093544299533921	0.8766076842397375	ENSG00000073008.16	PVR	False
ENST00000274938	146.91261	4.2669053	5.4626665	1.1957612	0.17974916	0.8093544299533921	0.7453331280479475	ENSG00000146197.9	SCUBE3	False
ENST00000682474	10.3	1.1810282	2.3765516	1.1955234	0.098468475	0.8093544299533921	1.0067027878366188	ENSG00000103355.14	PRSS33	False
ENST00000568546	28.857067	2.0953705	3.2906291	1.1952586	0.10720663	0.8093544299533921	0.9697783648662454	ENSG00000183751.16	TBL3	False
ENST00000677700	63.56895	3.0023925	4.197082	1.1946895	0.15674199	0.8093544299533921	0.8048146391784582	ENSG00000119638.14	NEK9	True
ENST00000448361	20.95	1.4155108	2.6097822	1.1942714	0.2243345	0.8093544299533921	0.6491039449225868	ENSG00000148444.16	COMMD3	True
ENST00000280377	230.09834	4.74509	5.93927	1.19418	0.22668743	0.8093544299533921	0.6445725586250467	ENSG00000135655.16	USP15	False
ENST00000261249	22.398968	2.0615122	3.2555466	1.1940343	0.0827505	0.8093544299533921	1.0822293773683571	ENSG00000126814.7	TRMT5	False
ENST00000409456	21.761196	1.8631893	3.0571942	1.1940049	0.067015834	0.8093544299533921	1.1738225723337274	ENSG00000135917.16	SLC19A3	False
ENST00000324767	651.93195	5.918182	7.112153	1.1939712	0.37426218	0.8216366408512873	0.42682405253086525	ENSG00000140386.13	SCAPER	False
ENST00000373765	10.5	0.86275226	2.05667	1.1939178	0.03456611	0.8093544299533921	1.461349515731343	ENSG00000162510.6	MATN1	False
ENST00000593409	107.62468	3.7655258	4.9594336	1.1939077	0.13933557	0.8093544299533921	0.8559379929546387	ENSG00000214046.9	SMIM7	False
ENST00000421368	84.20634	2.6237962	3.817503	1.1937068	0.35785043	0.8181414501457769	0.44629845368531873	ENSG00000005302.19	MSL3	False
ENST00000461945	28.566656	1.5884684	2.7821226	1.1936542	0.3458008	0.81719736681995	0.46117402239589705	ENSG00000079691.19	CARMIL1	False
ENST00000552997	19.271414	1.3209747	2.5146203	1.1936456	0.063429035	0.8093544299533921	1.1977118941576885	ENSG00000135655.16	USP15	True
ENST00000469022	12.157774	1.0055019	2.1991348	1.193633	0.053902134	0.8093544299533921	1.2683940382260985	ENSG00000106701.13	FSD1L	False
ENST00000473428	40.677357	2.3840327	3.57761	1.1935773	0.324481	0.8142173533113395	0.48881071428344486	ENSG00000119729.12	RHOQ	True
ENST00000534026	37.0726	1.6589032	2.8514998	1.1925966	0.20458119	0.8093544299533921	0.6891343076518178	ENSG00000149541.10	B3GAT3	False
ENST00000679622	69.31437	3.1582992	4.3508625	1.1925633	0.12897706	0.8093544299533921	0.8894875258497804	ENSG00000135541.22	AHI1	False
ENST00000372981	6.87669	0.7216921	1.9141587	1.1924666	0.109382495	0.8093544299533921	0.9610521735217562	ENSG00000102362.16	SYTL4	False
ENST00000634225	19.668095	1.7237873	2.91622	1.1924326	0.23538572	0.8093544299533921	0.6282198952196001	ENSG00000155657.29	TTN	False
ENST00000504929	338.05756	5.2380223	6.430358	1.1923356	0.20516062	0.8093544299533921	0.6879060017536448	ENSG00000182923.20	CEP63	True
ENST00000339824	62.00047	3.1379116	4.3300514	1.1921399	0.13923003	0.8093544299533921	0.8562670901620075	ENSG00000171435.15	KSR2	False
ENST00000349953	4.93886	0.4859265	1.6777699	1.1918434	0.14602299	0.8093544299533921	0.8355787620625409	ENSG00000116117.20	PARD3B	False
ENST00000652672	32.743927	2.180567	3.3723903	1.1918232	0.19514634	0.8093544299533921	0.7096395959062203	ENSG00000012048.26	BRCA1	False
ENST00000450185	89.38361	3.2881038	4.4798884	1.1917846	0.21616481	0.8093544299533921	0.6652149995798116	ENSG00000144040.13	SFXN5	False
ENST00000288381	38.544014	1.8530006	3.0445144	1.1915138	0.44928038	0.8470024537044705	0.3474825453985986	ENSG00000157600.12	TMEM164	False
ENST00000256441	61.19303	2.3201656	3.511672	1.1915064	0.29884183	0.8111088466013822	0.5245586068790886	ENSG00000134056.12	MRPS36	False
ENST00000311620	118.65493	3.784351	4.975815	1.1914637	0.14194568	0.8093544299533921	0.8478778355829271	ENSG00000175311.7	ANKS4B	False
ENST00000704289	47.889114	2.6574163	3.8488748	1.1914585	0.08459946	0.8093544299533921	1.0726324209660152	ENSG00000021574.15	SPAST	False
ENST00000222002	35.72767	2.2132764	3.4045346	1.1912582	0.13674779	0.8093544299533921	0.8640796761260398	ENSG00000105398.4	SULT2A1	False
ENST00000312943	157.59183	3.641585	4.832368	1.1907828	0.35978135	0.8183252159569281	0.44396134731508136	ENSG00000146094.16	DOK3	False
ENST00000374085	29.08044	2.067661	3.258167	1.190506	0.08224763	0.8093544299533921	1.0848766088338988	ENSG00000244005.13	NFS1	False
ENST00000617204	32.47237	1.4796182	2.670113	1.1904949	0.32878312	0.8142173533113395	0.4830904814122165	ENSG00000135525.19	MAP7	False
ENST00000681033	40.045948	1.548698	2.7391045	1.1904066	0.24337292	0.8093544299533921	0.6137277522182816	ENSG00000055609.21	KMT2C	False
ENST00000543764	14.22964	0.7325484	1.9219499	1.1894014	0.19126609	0.8093544299533921	0.7183620209357943	ENSG00000140488.16	CELF6	False
ENST00000400918	114.01015	3.3183272	4.507603	1.189276	0.29875723	0.8111088466013822	0.5246815827496284	ENSG00000162585.17	FAAP20	False
ENST00000691062	57.9403	2.3687987	3.5579734	1.1891747	0.20727117	0.8093544299533921	0.6834610935575586	ENSG00000250423.3	KIAA1210	False
ENST00000677533	51.208687	2.3358543	3.524973	1.1891186	0.15078515	0.8093544299533921	0.821641432981186	ENSG00000088832.18	FKBP1A	False
ENST00000298786	16.58588	0.55189246	1.7407506	1.188858	0.36225316	0.8185742609699567	0.440987818268432	ENSG00000122376.12	SHLD2	False
ENST00000592540	206.80368	4.3699317	5.5587234	1.1887918	0.22834492	0.8093544299533921	0.6414086508591488	ENSG00000161888.12	SPC24	False
ENST00000696087	43.92513	1.1042471	2.292914	1.1886668	0.4757183	0.8500706241453692	0.32265015123802687	ENSG00000064012.24	CASP8	False
ENST00000714225	29.163733	1.9598761	3.148483	1.188607	0.22864422	0.8093544299533921	0.6408397690309818	ENSG00000146433.11	TMEM181	False
ENST00000323906	120.94767	3.9949086	5.183256	1.1883476	0.26335397	0.8093544299533921	0.5794601243871947	ENSG00000104894.12	CD37	False
ENST00000196061	20.3	1.6849833	2.8733146	1.1883314	0.11457616	0.8093544299533921	0.9409057337054878	ENSG00000083444.17	PLOD1	False
ENST00000678780	31.942957	1.8256264	3.0135012	1.1878748	0.098308854	0.8093544299533921	1.0074073673608572	ENSG00000288669.1	ENSG00000288669	False
ENST00000392325	14.115176	1.3834099	2.5712476	1.1878377	0.33317843	0.8148546909488805	0.47732312157985	ENSG00000141580.16	WDR45B	False
ENST00000380496	35.13163	2.1413105	3.3289118	1.1876013	0.1214867	0.8093544299533921	0.9154712608926606	ENSG00000147874.11	HAUS6	False
ENST00000549173	13.429079	1.2176481	2.4052136	1.1875654	0.031074613	0.8093544299533921	1.5075942666605242	ENSG00000012822.16	CALCOCO1	True
ENST00000503660	40.85803	2.489539	3.6770499	1.187511	0.12411503	0.8093544299533921	0.9061756322024007	ENSG00000138757.15	G3BP2	True
ENST00000646548	108.20772	3.159567	4.347048	1.1874807	0.54197985	0.8677958347030249	0.2660168601106284	ENSG00000157540.22	DYRK1A	False
ENST00000644338	25.287899	1.8905612	3.0780134	1.1874522	0.15105015	0.8093544299533921	0.8208788379812817	ENSG00000136143.16	SUCLA2	False
ENST00000511317	36.79174	2.5879352	3.7753582	1.187423	0.075572155	0.8093544299533921	1.1216381909629731	ENSG00000137628.18	DDX60	False
ENST00000434911	248.56587	4.524335	5.711695	1.1873603	0.2908277	0.8109740254625081	0.5363642439031856	ENSG00000198586.14	TLK1	False
ENST00000461240	61.8	2.6664226	3.8534737	1.187051	0.30573595	0.8118754707110037	0.5146534978060847	ENSG00000188056.12	TREML4	True
ENST00000509581	35.84117	2.3874211	3.5744631	1.187042	0.097527884	0.8093544299533921	1.010871198527533	ENSG00000249915.9	PDCD6	True
ENST00000274498	109.874535	2.8650272	4.051912	1.1868846	0.56671065	0.8758719814065489	0.24663862502800796	ENSG00000145819.18	ARHGAP26	False
ENST00000394048	57.4	3.1334116	4.3202043	1.1867926	0.15429322	0.8093544299533921	0.8116531455533696	ENSG00000139641.13	ESYT1	False
ENST00000461384	39.11367	1.8841739	3.0709665	1.1867926	0.29432157	0.8111088466013822	0.5311779132051581	ENSG00000117226.12	GBP3	True
ENST00000639164	30.657288	1.8597435	3.0464153	1.1866719	0.06898279	0.8093544299533921	1.1612592608075132	ENSG00000266173.7	STRADA	True
ENST00000534073	59.29342	2.8436987	4.0303288	1.18663	0.117137335	0.8093544299533921	0.9313046599679692	ENSG00000174165.8	ZDHHC24	False
ENST00000374343	41.211372	2.2427752	3.4293125	1.1865373	0.23474044	0.8093544299533921	0.6294120929640673	ENSG00000204178.11	MACO1	False
ENST00000471204	273.7692	4.405108	5.591541	1.1864328	0.33217734	0.8147910346358502	0.4786299956687642	ENSG00000116251.11	RPL22	False
ENST00000496710	25.128332	1.3025883	2.4884996	1.1859113	0.3440421	0.81719736681995	0.4633884194954702	ENSG00000114790.13	ARHGEF26	False
ENST00000687718	275.28632	5.0340705	6.2198195	1.185749	0.119575046	0.8093544299533921	0.9223594433743633	ENSG00000272333.8	KMT2B	False
ENST00000706693	213.58884	4.431067	5.6165247	1.1854577	0.26576418	0.8093544299533921	0.5755035593105025	ENSG00000076662.11	ICAM3	False
ENST00000406109	14.273016	1.0733876	2.2587974	1.1854098	0.14923729	0.8093544299533921	0.8261226458412039	ENSG00000106399.11	RPA3	False
ENST00000506503	38.57592	2.0435724	3.2289243	1.1853518	0.13965689	0.8093544299533921	0.8549376444445823	ENSG00000157796.18	WDR19	False
ENST00000378076	14.398399	1.5268723	2.7119136	1.1850413	0.022150785	0.8093544299533921	1.654610883514606	ENSG00000077943.8	ITGA8	False
ENST00000377348	110.42202	3.686862	4.8714194	1.1845574	0.22397308	0.8093544299533921	0.6498041766924564	ENSG00000160948.14	VPS28	False
ENST00000649101	33.5	2.1178935	3.3021975	1.184304	0.1444614	0.8093544299533921	0.84024820060653	ENSG00000134871.20	COL4A2	False
ENST00000320225	28.49242	1.2295939	2.4137478	1.1841539	0.5013214	0.8548764927378353	0.2998837775187255	ENSG00000205937.12	RNPS1	False
ENST00000262498	17.4	1.3457614	2.5297945	1.184033	0.053898577	0.8093544299533921	1.2684227035052271	ENSG00000070761.8	CFAP20	False
ENST00000596731	28.792053	1.4235181	2.607486	1.183968	0.39008355	0.8264412367037465	0.40884236213077113	ENSG00000105583.11	WDR83OS	False
ENST00000646954	28.172222	2.220101	3.4040015	1.1839004	0.049256846	0.8093544299533921	1.3075333975024035	ENSG00000108506.14	INTS2	False
ENST00000349299	78.05671	3.2458012	4.4290547	1.1832535	0.160547	0.8093544299533921	0.794397796778085	ENSG00000105968.19	H2AZ2	False
ENST00000426576	10.962006	0.9715592	2.1548038	1.1832445	0.121778764	0.8093544299533921	0.9144284387578232	ENSG00000115355.18	CCDC88A	False
ENST00000532082	27.779083	2.005908	3.188916	1.183008	0.40175733	0.8298121044971967	0.3960361911787846	ENSG00000110321.19	EIF4G2	False
ENST00000323040	14.078473	1.3159975	2.498622	1.1826245	0.0735137	0.8093544299533921	1.1336317091264663	ENSG00000177464.5	GPR4	False
ENST00000591545	145.22615	4.1956487	5.3777065	1.1820579	0.16896778	0.8093544299533921	0.7721960930383469	ENSG00000127616.22	SMARCA4	False
ENST00000378278	197.90103	4.8742127	6.056198	1.1819854	0.02613674	0.8093544299533921	1.582748595970826	ENSG00000152457.19	DCLRE1C	False
ENST00000393609	27.349903	1.7864598	2.9683225	1.1818627	0.39327672	0.8284185470236078	0.40530175950587155	ENSG00000186635.16	ARAP1	False
ENST00000714398	18.938684	1.4994396	2.681188	1.1817485	0.07235848	0.8093544299533921	1.140510555213956	ENSG00000134871.20	COL4A2	False
ENST00000484447	25.010685	1.7663469	2.9480124	1.1816654	0.3710828	0.8199748637125035	0.43052916041424855	ENSG00000162402.15	USP24	False
ENST00000575561	13.379652	1.0146012	2.195899	1.1812978	0.101386316	0.8093544299533921	0.9940206567810956	ENSG00000169340.10	PDILT	False
ENST00000366429	77.10193	2.9194005	4.100503	1.1811025	0.22877575	0.8093544299533921	0.6405900035415335	ENSG00000173421.17	IHO1	False
ENST00000399909	30.298538	2.1190066	3.299565	1.1805584	0.14372641	0.8093544299533921	0.8424634266876331	ENSG00000171189.18	GRIK1	False
ENST00000472528	61.309376	2.8469608	4.0273085	1.1803477	0.10280828	0.8093544299533921	0.9879718990939199	ENSG00000163931.17	TKT	False
ENST00000533153	67.66368	3.3279798	4.5081654	1.1801856	0.087424405	0.8093544299533921	1.0583673151663884	ENSG00000110274.16	CEP164	False
ENST00000672179	379.6824	4.461433	5.6416135	1.1801805	0.45427346	0.847286155329545	0.34268263301862195	ENSG00000162434.14	JAK1	False
ENST00000525688	8.368986	0.9193167	2.099391	1.1800742	0.028465103	0.8093544299533921	1.5456872349073876	ENSG00000026508.21	CD44	True
ENST00000538151	127.82082	3.7351732	4.914996	1.1798229	0.1055831	0.8093544299533921	0.976405584716859	ENSG00000197822.12	OCLN	False
ENST00000565188	29.667109	2.2563791	3.4358602	1.179481	0.17724124	0.8093544299533921	0.7514352301270579	ENSG00000070770.10	CSNK2A2	False
ENST00000714110	52.862446	2.2619312	3.4413755	1.1794443	0.2553507	0.8093544299533921	0.5928629320217398	ENSG00000166949.18	SMAD3	False
ENST00000692195	33.09397	1.5982337	2.7774704	1.1792367	0.16420454	0.8093544299533921	0.7846148451214672	ENSG00000148835.12	TAF5	False
ENST00000677932	21.647463	1.6494244	2.8283505	1.1789261	0.07453335	0.8093544299533921	1.1276493539294898	ENSG00000164182.12	NDUFAF2	False
ENST00000602369	52.148182	3.0033562	4.182146	1.1787899	0.005722001	0.8093544299533921	2.2424520558348737	ENSG00000279956.1	ENSG00000279956	False
ENST00000373997	15.288961	1.2973062	2.4753525	1.1780463	0.042617414	0.8093544299533921	1.370412905065396	ENSG00000148584.16	A1CF	False
ENST00000374001	15.288961	1.2973062	2.4753525	1.1780463	0.042617414	0.8093544299533921	1.370412905065396	ENSG00000148584.16	A1CF	False
ENST00000652718	68.627335	2.8974924	4.0752544	1.177762	0.2406478	0.8093544299533921	0.6186181172492748	ENSG00000197753.11	LHFPL5	False
ENST00000342312	22.87138	1.2071981	2.3846693	1.1774712	0.33417222	0.8158433703746901	0.4760296574348155	ENSG00000239900.14	ADSL	False
ENST00000498678	11.744078	0.71249706	1.889956	1.177459	0.19555527	0.8093544299533921	0.7087304764201803	ENSG00000120093.12	HOXB3	False
ENST00000494926	30.507053	1.9433781	3.1201146	1.1767365	0.12325847	0.8093544299533921	0.9091832221970145	ENSG00000162604.13	TM2D1	True
ENST00000554510	36.926617	2.530607	3.707067	1.17646	0.1434311	0.8093544299533921	0.8433566791549703	ENSG00000119685.20	TTLL5	False
ENST00000414720	35.103966	2.38152	3.5576897	1.1761696	0.16461025	0.8093544299533921	0.7835431207961883	ENSG00000197782.15	ZNF780A	False
ENST00000394440	15.144351	0.97692776	2.1530576	1.1761298	0.44106624	0.8446156514523803	0.3554961872509962	ENSG00000115484.15	CCT4	False
ENST00000678964	100.307686	2.2820938	3.458179	1.1760852	0.35973704	0.8183252159569281	0.4440148448146627	ENSG00000145907.16	G3BP1	False
ENST00000452853	22.83489	0.99445516	2.170144	1.175689	0.33484206	0.8158433703746901	0.47516000002974673	ENSG00000070087.15	PFN2	False
ENST00000684121	18.505136	0.8852938	2.0603511	1.1750574	0.31478566	0.8118754707110037	0.5019850610112172	ENSG00000116128.12	BCL9	False
ENST00000528737	26.05901	1.1166736	2.2916768	1.1750032	0.32458428	0.8142173533113395	0.4886725234374125	ENSG00000166801.17	FAM111A	False
ENST00000681794	6.3765955	0.5984842	1.7734518	1.1749675	0.2015122	0.8093544299533921	0.6956986499184538	ENSG00000117020.19	AKT3	False
ENST00000636759	64.748	2.9100873	4.085023	1.1749356	0.18607345	0.8093544299533921	0.7303155847983358	ENSG00000144285.24	SCN1A	False
ENST00000375003	27.596518	1.7428728	2.9174075	1.1745347	0.2722726	0.8093544299533921	0.5649960824610992	ENSG00000127483.19	HP1BP3	False
ENST00000710560	24.843706	1.5108767	2.6853588	1.1744821	0.2902908	0.8109740254625081	0.5371667237013618	ENSG00000118058.25	KMT2A	False
ENST00000441162	120.31775	3.9423554	5.1167974	1.174442	0.1535028	0.8093544299533921	0.8138836784106005	ENSG00000054611.14	TBC1D22A	False
ENST00000476632	23.133617	1.2654861	2.439753	1.1742669	0.16691346	0.8093544299533921	0.7775086280060542	ENSG00000106617.16	PRKAG2	False
ENST00000682495	17.258938	1.1157347	2.2895675	1.1738328	0.093112655	0.8093544299533921	1.030991289843357	ENSG00000104133.16	SPG11	False
ENST00000425611	124.296524	3.9941046	5.167245	1.1731403	0.28020173	0.8093544299533921	0.5525291828304157	ENSG00000173559.15	NABP1	False
ENST00000303843	241.66972	4.5159264	5.688853	1.1729264	0.28581193	0.8106393935615843	0.543919646036132	ENSG00000169891.18	REPS2	False
ENST00000301935	271.23166	4.8892183	6.0621405	1.1729221	0.07025319	0.8093544299533921	1.1533339299977134	ENSG00000162191.14	UBXN1	False
ENST00000558583	148.92924	3.9721508	5.144904	1.1727533	0.14799614	0.8093544299533921	0.8297496042667365	ENSG00000237515.10	SHISA9	False
ENST00000648993	1010.5964	6.79293	7.9656024	1.1726723	0.28726897	0.8109740254625081	0.5417112881514599	ENSG00000130779.22	CLIP1	False
ENST00000414869	16.320742	0.92625755	2.0988123	1.1725547	0.44576764	0.8458565070643068	0.35089146079047306	ENSG00000162813.18	BPNT1	False
ENST00000562264	8.0942	0.43353224	1.6049404	1.1714082	0.32782796	0.8142173533113395	0.4843540084664397	ENSG00000197111.16	PCBP2	False
ENST00000628549	81.531235	3.1763957	4.3476734	1.1712778	0.18614657	0.8093544299533921	0.7301449566216669	ENSG00000077721.17	UBE2A	False
ENST00000395159	62.87962	2.9407127	4.111983	1.1712701	0.17304073	0.8093544299533921	0.7618516545441513	ENSG00000100575.14	TIMM9	True
ENST00000647309	1799.8932	7.3383193	8.509463	1.171144	0.28572482	0.8106393935615843	0.5440520341739782	ENSG00000111913.20	RIPOR2	True
ENST00000296543	36.77985	1.5782061	2.749264	1.1710579	0.3676527	0.8192702949872638	0.43456222343487716	ENSG00000164134.14	NAA15	False
ENST00000673620	88.62899	3.243933	4.4149065	1.1709735	0.25907162	0.8093544299533921	0.5865801620152524	ENSG00000169814.18	BTD	False
ENST00000610600	101.868965	3.7637646	4.934576	1.1708114	0.1983287	0.8093544299533921	0.7026144268377369	ENSG00000277149.5	TYW1B	False
ENST00000543908	255.4368	4.916534	6.0870676	1.1705337	0.3005491	0.8118754707110037	0.5220845827786169	ENSG00000136448.13	NMT1	False
ENST00000496714	21.854324	1.8068233	2.9770374	1.1702142	0.0505127	0.8093544299533921	1.2965994060555825	ENSG00000145743.18	FBXL17	False
ENST00000647945	106.69618	3.2777412	4.4479113	1.1701701	0.25117105	0.8093544299533921	0.6000304146286637	ENSG00000197168.14	NEK5	False
ENST00000465250	22.957123	1.4498954	2.6198993	1.1700039	0.21244447	0.8093544299533921	0.6727545706208632	ENSG00000214046.9	SMIM7	False
ENST00000699747	19.216816	1.2480413	2.417262	1.1692208	0.31511417	0.8118754707110037	0.5015320666758317	ENSG00000107164.17	FUBP3	False
ENST00000502686	15.256305	1.1259252	2.2950299	1.1691047	0.11632746	0.8093544299533921	0.9343177653005131	ENSG00000124092.13	CTCFL	False
ENST00000683538	19.425964	1.4366459	2.6057353	1.1690894	0.34418976	0.81719736681995	0.4632020506519573	ENSG00000099246.18	RAB18	True
ENST00000416762	58.304726	2.334491	3.5034578	1.1689668	0.32679757	0.8142173533113395	0.48572117512890034	ENSG00000063046.18	EIF4B	False
ENST00000644630	236.78992	4.4639797	5.6329355	1.1689558	0.28002787	0.8093544299533921	0.5527987486373259	ENSG00000115355.18	CCDC88A	False
ENST00000636998	129.30806	3.5457497	4.714624	1.1688743	0.33092475	0.8142173533113395	0.48027075138114095	ENSG00000081189.17	MEF2C	False
ENST00000268766	87.597824	3.6154947	4.7839584	1.1684637	0.04425733	0.8093544299533921	1.354014774077145	ENSG00000160602.14	NEK8	False
ENST00000438817	11.448426	0.6004364	1.7685648	1.1681285	0.09833483	0.8093544299533921	1.007292644012081	ENSG00000153283.13	CD96	False
ENST00000392324	34.201252	2.4414227	3.6094775	1.1680548	0.10855794	0.8093544299533921	0.9643384083429373	ENSG00000064490.14	RFXANK	False
ENST00000531500	77.25172	3.303608	4.471477	1.1678691	0.05763982	0.8093544299533921	1.239277394346514	ENSG00000119707.14	RBM25	False
ENST00000652658	26.22305	1.6283401	2.7961397	1.1677996	0.1705854	0.8093544299533921	0.7680581573287796	ENSG00000082438.18	COBLL1	False
ENST00000448461	55.093758	2.7127295	3.8802676	1.1675382	0.20426981	0.8093544299533921	0.6897958118448991	ENSG00000164048.14	ZNF589	False
ENST00000573034	19.660633	1.5559855	2.7232726	1.1672871	0.15863977	0.8093544299533921	0.7995879182519372	ENSG00000266028.8	SRGAP2	False
ENST00000359114	99.34595	3.7331102	4.9002533	1.1671431	0.052849177	0.8093544299533921	1.2769617691775674	ENSG00000273899.5	NOL12	False
ENST00000539855	16.845638	0.9433202	2.1103725	1.1670523	0.4497454	0.8470024537044705	0.3470332826365061	ENSG00000166037.11	CEP57	True
ENST00000395111	108.07607	3.3914185	4.5582643	1.1668458	0.22918418	0.8093544299533921	0.6398153629676453	ENSG00000141905.19	NFIC	False
ENST00000463032	6.3102503	0.29449755	1.4611952	1.1666977	0.28229454	0.8102614157364052	0.5492975192213484	ENSG00000214113.11	LYRM4	False
ENST00000589522	88.581856	3.2595818	4.4262104	1.1666286	0.19656213	0.8093544299533921	0.7065001585925419	ENSG00000159915.13	ZNF233	True
ENST00000681843	290.6179	4.631168	5.797141	1.1659732	0.43187383	0.8415547706803203	0.3646431136755386	ENSG00000119922.11	IFIT2	False
ENST00000443006	16.203821	1.4487675	2.6147215	1.165954	0.20082964	0.8093544299533921	0.6971721901730011	ENSG00000146701.12	MDH2	False
ENST00000358864	127.66455	3.646079	4.8119965	1.1659174	0.24504754	0.8093544299533921	0.6107496538893478	ENSG00000149488.14	TMC2	False
ENST00000381112	7.662702	1.0821939	2.2470512	1.1648574	0.29962695	0.8113486273734618	0.5234191316668896	ENSG00000136280.17	CCM2	False
ENST00000713984	21.689962	2.0305421	3.1953306	1.1647885	0.07031881	0.8093544299533921	1.1529284834417708	ENSG00000007168.15	PAFAH1B1	False
ENST00000375254	151.17256	4.1292224	5.293844	1.1646218	0.27904713	0.8093544299533921	0.554322437449242	ENSG00000127481.15	UBR4	False
ENST00000360844	627.47363	6.5822315	7.7466483	1.1644168	0.09083936	0.8093544299533921	1.0417259168450332	ENSG00000254415.4	SIGLEC14	False
ENST00000600826	14.943402	1.4444013	2.6087599	1.1643586	0.07345919	0.8093544299533921	1.1339538463364465	ENSG00000099330.9	OCEL1	False
ENST00000217426	17.5	1.4197999	2.5840335	1.1642336	0.056676254	0.8093544299533921	1.2465988645190085	ENSG00000101444.13	AHCY	False
ENST00000606299	140.65141	3.7935517	4.957738	1.1641862	0.24424583	0.8093544299533921	0.612172847221679	ENSG00000113712.19	CSNK1A1	False
ENST00000649734	15.704981	0.4820532	1.646023	1.1639699	0.33537203	0.8158433703746901	0.47447315939225637	ENSG00000153214.11	TMEM87B	False
ENST00000531380	83.83402	2.8563995	4.019923	1.1635237	0.2549047	0.8093544299533921	0.5936221782802459	ENSG00000174804.4	FZD4	False
ENST00000649637	30.217804	1.9174055	3.0802772	1.1628717	0.197566	0.8093544299533921	0.7042877872298436	ENSG00000139549.4	DHH	False
ENST00000428136	30.278137	2.3790936	3.5418272	1.1627336	0.08304147	0.8093544299533921	1.0807049884262343	ENSG00000186001.14	LRCH3	False
ENST00000619656	17.578274	1.2150661	2.377322	1.1622559	0.31401172	0.8118754707110037	0.5030541383800585	ENSG00000118961.15	LDAH	False
ENST00000494977	42.75138	2.4698768	3.6311965	1.1613197	0.1784183	0.8093544299533921	0.7485606185687165	ENSG00000139132.16	FGD4	True
ENST00000331923	45.13707	2.1786993	3.3399827	1.1612835	0.25192377	0.8093544299533921	0.5987308536692837	ENSG00000159086.15	PAXBP1	False
ENST00000658155	26.131016	1.0632061	2.2244606	1.1612545	0.45610958	0.8473426594424552	0.34093080264529596	ENSG00000075711.21	DLG1	False
ENST00000591259	86.1519	3.5270863	4.688055	1.1609688	0.09795887	0.8093544299533921	1.0089562322732513	ENSG00000181666.19	ZNF875	True
ENST00000646464	127.916275	4.047677	5.2086425	1.1609654	0.0961427	0.8093544299533921	1.017083677481367	ENSG00000103197.20	TSC2	False
ENST00000369905	94.3	3.1101058	4.2710137	1.160908	0.297869	0.8111088466013822	0.5259746971673738	ENSG00000138107.13	ACTR1A	False
ENST00000591050	42.653755	2.3244076	3.484933	1.1605253	0.18061057	0.8093544299533921	0.7432568431730278	ENSG00000105607.14	GCDH	False
ENST00000306869	52.976086	2.8922565	4.0524015	1.160145	0.04850774	0.8093544299533921	1.314188969121209	ENSG00000169738.8	DCXR	False
ENST00000434582	21.7515	2.002681	3.1627784	1.1600974	0.075591184	0.8093544299533921	1.1215288510204788	ENSG00000151690.15	MFSD6	False
ENST00000457408	148.80104	3.6467092	4.8067517	1.1600425	0.39666152	0.8296606762298866	0.4015799282386742	ENSG00000158604.15	TMED4	False
ENST00000647584	103.24492	3.6229727	4.782664	1.1596911	0.19407226	0.8093544299533921	0.7120365334365178	ENSG00000132199.20	ENOSF1	False
ENST00000513269	48.553936	2.5182297	3.677753	1.1595232	0.18769017	0.8093544299533921	0.7265584755207628	ENSG00000078177.15	N4BP2	False
ENST00000373954	122.79978	3.9334347	5.092743	1.1593082	0.1650017	0.8093544299533921	0.7825115673392656	ENSG00000009780.16	FAM76A	False
ENST00000687764	30.36057	1.9605998	3.119668	1.1590682	0.14625244	0.8093544299533921	0.8348968843149387	ENSG00000172943.21	PHF8	False
ENST00000324685	182.1205	4.274466	5.4333496	1.1588836	0.24802536	0.8093544299533921	0.6055039153177583	ENSG00000103549.22	RNF40	False
ENST00000523256	32.180485	0.9383325	2.0971603	1.1588278	0.348524	0.81719736681995	0.45776730496426105	ENSG00000164933.13	SLC25A32	False
ENST00000623063	279.5075	5.108402	6.267145	1.1587434	0.24759245	0.8093544299533921	0.6062626041021942	ENSG00000239900.14	ADSL	False
ENST00000495910	38.150867	1.7897892	2.9483414	1.1585522	0.2446728	0.8093544299533921	0.6114142989930947	ENSG00000196712.20	NF1	False
ENST00000312352	25.181314	1.6623054	2.8208203	1.158515	0.13850875	0.8093544299533921	0.858522783854518	ENSG00000152556.17	PFKM	False
ENST00000415949	11.609179	0.9673002	2.1256113	1.1583111	0.166796	0.8093544299533921	0.7778143716529111	ENSG00000132432.14	SEC61G	False
ENST00000545951	51.48286	2.6793573	3.8369148	1.1575575	0.49262154	0.8537766521893764	0.30748660154483853	ENSG00000125386.16	FAM193A	False
ENST00000640101	74.74212	2.9713516	4.128773	1.1574216	0.22826694	0.8093544299533921	0.6415569839253208	ENSG00000204271.13	SPIN3	True
ENST00000657597	212.25468	4.702289	5.859575	1.1572857	0.10556027	0.8093544299533921	0.9764994955576042	ENSG00000186409.19	CCDC30	False
ENST00000442203	59.26535	2.7490816	3.9061954	1.1571138	0.19045721	0.8093544299533921	0.7202025820477181	ENSG00000163959.10	SLC51A	False
ENST00000526117	103.77812	3.7479599	4.9047256	1.1567657	0.12510273	0.8093544299533921	0.9027332178422398	ENSG00000136944.19	LMX1B	False
ENST00000421223	53.671883	2.5236542	3.6799054	1.1562512	0.1758054	0.8093544299533921	0.754967777549816	ENSG00000136271.11	DDX56	False
ENST00000683905	291.7956	5.045258	6.201402	1.1561441	0.13708621	0.8093544299533921	0.8630062219254432	ENSG00000119392.16	GLE1	False
ENST00000511217	20.963474	1.6774567	2.8332858	1.1558291	0.0709312	0.8093544299533921	1.1491626703514517	ENSG00000156463.18	SH3RF2	False
ENST00000263080	142.38245	4.5093265	5.665059	1.1557326	0.017081784	0.8093544299533921	1.7674667719629742	ENSG00000108381.11	ASPA	False
ENST00000265022	26.016163	1.5775348	2.7327194	1.1551846	0.09959228	0.8093544299533921	1.001774310376279	ENSG00000058866.15	DGKG	False
ENST00000396009	326.6935	5.590697	6.745624	1.1549273	0.13012604	0.8093544299533921	0.8856357726124453	ENSG00000101096.20	NFATC2	False
ENST00000358361	32.596653	2.299958	3.454494	1.154536	0.09585943	0.8093544299533921	1.0183651544325358	ENSG00000164418.22	GRIK2	False
ENST00000522650	26.073395	1.4775562	2.631236	1.1536798	0.18988243	0.8093544299533921	0.7215152249042972	ENSG00000112249.14	ASCC3	False
ENST00000352684	71.40066	2.9924967	4.1460752	1.1535785	0.29510608	0.8111088466013822	0.5300218380999048	ENSG00000147364.17	FBXO25	False
ENST00000469043	67.1214	2.96958	4.122997	1.1534169	0.14351563	0.8093544299533921	0.8431007935013183	ENSG00000092108.22	SCFD1	False
ENST00000533560	53.535637	2.324382	3.4776874	1.1533053	0.24265893	0.8093544299533921	0.6150037252605519	ENSG00000198945.8	L3MBTL3	False
ENST00000569584	47.41535	2.6976345	3.8507113	1.1530769	0.085476875	0.8093544299533921	1.0681513622979009	ENSG00000132604.11	TERF2	False
ENST00000713625	27.400782	1.9315171	3.0838363	1.1523192	0.06623671	0.8093544299533921	1.1789012338767004	ENSG00000135835.13	KIAA1614	False
ENST00000649878	47.304688	2.8352804	3.9875793	1.1522989	0.14045726	0.8093544299533921	0.8524558152623367	ENSG00000118058.25	KMT2A	False
ENST00000537526	556.5939	5.6828055	6.834841	1.1520352	0.36191377	0.8185742609699567	0.4413948921304547	ENSG00000124422.12	USP22	False
ENST00000507288	12.8	1.1304699	2.2821994	1.1517295	0.09149479	0.8093544299533921	1.038603629575917	ENSG00000145555.15	MYO10	True
ENST00000704360	103.41929	3.5869424	4.7383957	1.1514533	0.1962545	0.8093544299533921	0.7071803615096294	ENSG00000181722.18	ZBTB20	False
ENST00000412543	238.62703	4.530212	5.681608	1.1513963	0.28057948	0.8093544299533921	0.5519440977885747	ENSG00000137073.24	UBAP2	True
ENST00000323372	44.17645	2.5630913	3.7144241	1.1513329	0.2051086	0.8093544299533921	0.6880161342135476	ENSG00000179761.12	PIPOX	False
ENST00000699363	19.67154	1.6687292	2.820018	1.1512889	0.14369656	0.8093544299533921	0.8425536240625091	ENSG00000105397.15	TYK2	True
ENST00000262891	54.599976	2.8137844	3.9650707	1.1512864	0.033766083	0.8093544299533921	1.4715193109375833	ENSG00000007047.16	MARK4	False
ENST00000650757	24.6367	1.8943092	3.0455432	1.151234	0.028230196	0.8093544299533921	1.5492861086469583	ENSG00000134900.13	TPP2	False
ENST00000265351	49.88993	2.8072832	3.9584224	1.1511393	0.08798879	0.8093544299533921	1.0555726723406311	ENSG00000124571.18	XPO5	False
ENST00000428830	45.042683	2.6715024	3.8225665	1.1510642	0.09591706	0.8093544299533921	1.0181041370768378	ENSG00000149554.15	CHEK1	False
ENST00000452671	38.00979	2.4447248	3.5957866	1.1510618	0.12053088	0.8093544299533921	0.9189016690698367	ENSG00000143390.18	RFX5	False
ENST00000547347	9.7	0.7581425	1.909029	1.1508865	0.026537182	0.8093544299533921	1.5761452001434182	ENSG00000179088.16	C12orf42	False
ENST00000692063	67.33867	2.9164279	4.0672073	1.1507795	0.17104964	0.8093544299533921	0.7668778365764817	ENSG00000189190.11	ZNF600	False
ENST00000432084	44.97387	2.4734538	3.623826	1.1503723	0.124229394	0.8093544299533921	0.9057756336443402	ENSG00000142330.20	CAPN10	True
ENST00000683393	39.645668	2.0849297	3.2351816	1.1502519	0.4058598	0.8312293045789577	0.39162396491240564	ENSG00000119772.19	DNMT3A	False
ENST00000300408	27.82995	0.80039424	1.9504814	1.1500871	0.42134494	0.838029552988072	0.37536222145676174	ENSG00000167085.14	PHB1	False
ENST00000327535	19.353657	1.7235891	2.873608	1.150019	0.08681963	0.8093544299533921	1.0613820873835764	ENSG00000185436.12	IFNLR1	False
ENST00000532694	103.06034	2.0285695	3.178549	1.1499796	0.55153656	0.8705170621904874	0.25842569391201964	ENSG00000137642.13	SORL1	False
ENST00000707139	9.022747	0.71754575	1.8674618	1.149916	0.15485358	0.8093544299533921	0.8100787432240412	ENSG00000143569.20	UBAP2L	False
ENST00000382490	60.416687	3.0681527	4.2180667	1.149914	0.26906106	0.8093544299533921	0.5701491531822203	ENSG00000175806.15	MSRA	True
ENST00000368305	8.341181	0.8425439	1.9922624	1.1497185	0.19892141	0.8093544299533921	0.7013184661836374	ENSG00000116586.12	LAMTOR2	False
ENST00000640298	15.605284	1.1646854	2.3141482	1.1494628	0.053143695	0.8093544299533921	1.27454825306937	ENSG00000282933.4	RHOXF1P3	True
ENST00000357520	46.654823	2.7565138	3.905508	1.1489942	0.030770704	0.8093544299533921	1.5118625653369684	ENSG00000105829.13	BET1	False
ENST00000410074	9.814711	1.2641629	2.412935	1.1487721	0.014453605	0.8093544299533921	1.8400238236994368	ENSG00000147459.18	DOCK5	False
ENST00000449729	24.356083	1.3663154	2.5141835	1.1478682	0.18933971	0.8093544299533921	0.7227582872115321	ENSG00000177479.20	ARIH2	True
ENST00000306433	54.907703	2.7627022	3.9104517	1.1477494	0.17606905	0.8093544299533921	0.7543169765103241	ENSG00000168495.13	POLR3D	False
ENST00000546455	32.358044	1.4528627	2.6005917	1.1477289	0.34481934	0.81719736681995	0.4624083873566125	ENSG00000179715.13	PCED1B	False
ENST00000510500	332.3413	5.2547283	6.402405	1.1476765	0.33814365	0.8164192321363181	0.4708987679950735	ENSG00000153113.24	CAST	False
ENST00000373620	123.294266	3.9359071	5.083499	1.1475918	0.23327805	0.8093544299533921	0.6321261217715557	ENSG00000119522.18	DENND1A	False
ENST00000518287	137.59448	3.3628614	4.5102367	1.1473753	0.42340156	0.8383801082574476	0.3732475417074545	ENSG00000140396.13	NCOA2	False
ENST00000316851	62.030556	3.0096943	4.1567993	1.147105	0.19197284	0.8093544299533921	0.716760217337123	ENSG00000149294.18	NCAM1	False
ENST00000449089	382.9466	5.0284	6.175431	1.1470308	0.36874878	0.8194459451468774	0.43326940308055867	ENSG00000187239.19	FNBP1	False
ENST00000593219	16.993023	0.7533927	1.9001312	1.1467385	0.35464486	0.8173803121090482	0.4502063242863808	ENSG00000118046.18	STK11	False
ENST00000565682	7.387352	0.7783236	1.9249408	1.1466172	0.31564453	0.8118754707110037	0.5008017290700159	ENSG00000087263.17	OGFOD1	False
ENST00000698626	41.535683	2.6461022	3.7926567	1.1465545	0.14527814	0.8093544299533921	0.8377997263735356	ENSG00000015285.12	WAS	False
ENST00000346617	25.80109	1.9737269	3.1199632	1.1462363	0.047225162	0.8093544299533921	1.3258265400528022	ENSG00000020256.20	ZFP64	False
ENST00000369974	47.87566	2.6129305	3.7591207	1.1461902	0.14789243	0.8093544299533921	0.8300540539200517	ENSG00000184216.15	IRAK1	False
ENST00000372525	79.46047	3.3667145	4.512726	1.1460114	0.18951598	0.8093544299533921	0.7223541687712345	ENSG00000164008.17	C1orf50	False
ENST00000344591	20.870487	1.4540577	2.6000538	1.1459961	0.43409687	0.842654100473947	0.36241334276703946	ENSG00000111011.18	RSRC2	False
ENST00000585202	13.701111	0.8076028	1.9535804	1.1459775	0.44730675	0.8459831455694948	0.34939454599637165	ENSG00000161547.17	SRSF2	False
ENST00000274793	70.15362	3.0104	4.156129	1.1457288	0.19675767	0.8093544299533921	0.706068319679465	ENSG00000146070.17	PLA2G7	False
ENST00000535598	28.65263	1.8197471	2.9653215	1.1455745	0.13106364	0.8093544299533921	0.8825177742628867	ENSG00000133704.10	IPO8	True
ENST00000394730	50.962456	2.9752352	4.1206813	1.1454461	0.035641667	0.8093544299533921	1.4480419978001993	ENSG00000138780.15	GSTCD	False
ENST00000683921	69.4289	2.837865	3.9828322	1.1449671	0.2707219	0.8093544299533921	0.5674765907668853	ENSG00000163703.20	CRELD1	False
ENST00000563694	18.662151	1.7473536	2.8921025	1.1447489	0.115913294	0.8093544299533921	0.9358667513461445	ENSG00000170037.14	CNTROB	False
ENST00000325083	345.21332	5.6713924	6.8156533	1.1442609	0.04589441	0.8093544299533921	1.3382402045211534	ENSG00000078674.20	PCM1	False
ENST00000555237	23.997623	1.4802479	2.6244297	1.1441818	0.15610737	0.8093544299533921	0.8065766038266592	ENSG00000078304.20	PPP2R5C	True
ENST00000456575	77.51868	2.728708	3.8727918	1.1440837	0.27870122	0.8093544299533921	0.5548611364416636	ENSG00000163466.16	ARPC2	False
ENST00000356766	26.712559	1.7165054	2.8599005	1.1433951	0.17554328	0.8093544299533921	0.7556157949965249	ENSG00000197181.12	PIWIL2	False
ENST00000279387	27.3	1.7280816	2.870521	1.1424395	0.14444563	0.8093544299533921	0.8402955988220352	ENSG00000149923.14	PPP4C	False
ENST00000376296	22.202957	1.5675168	2.7097816	1.1422648	0.13980848	0.8093544299533921	0.8544664984333649	ENSG00000204544.5	MUC21	True
ENST00000706285	18.844194	0.9787081	2.1208405	1.1421325	0.4347442	0.842654100473947	0.36176619424506223	ENSG00000111450.15	STX2	False
ENST00000682507	11.463941	1.1393698	2.281387	1.1420172	0.13526228	0.8093544299533921	0.8688232940643097	ENSG00000148672.10	GLUD1	False
ENST00000394335	19.07816	1.5499266	2.6918364	1.1419097	0.052964803	0.8093544299533921	1.2760126400977219	ENSG00000134602.16	STK26	False
ENST00000431089	71.60772	2.558315	3.70017	1.141855	0.26749673	0.8093544299533921	0.5726815147343381	ENSG00000241258.7	CRCP	False
ENST00000559293	9.091731	0.36801696	1.509687	1.14167	0.2903227	0.8109740254625081	0.5371190190124039	ENSG00000138600.11	SPPL2A	False
ENST00000435070	28.649939	1.207553	2.3489394	1.1413864	0.3694399	0.8194459451468774	0.4324562020741004	ENSG00000111605.18	CPSF6	False
ENST00000416760	27.050701	2.0335329	3.1748242	1.1412914	0.10634601	0.8093544299533921	0.9732787950222345	ENSG00000163596.17	ICA1L	True
ENST00000395377	125.62411	3.8918579	5.032654	1.140796	0.26602268	0.8093544299533921	0.5750813320532964	ENSG00000108064.11	TFAM	False
ENST00000545859	17.462345	1.5089331	2.6496081	1.1406751	0.20551246	0.8093544299533921	0.687161833629971	ENSG00000139112.11	GABARAPL1	False
ENST00000352937	142.49307	4.106647	5.2472334	1.1405864	0.14208841	0.8093544299533921	0.8474413356667511	ENSG00000114026.22	OGG1	False
ENST00000347708	17.6	1.6191295	2.7595365	1.140407	0.09760689	0.8093544299533921	1.0105195251460202	ENSG00000235173.7	HGH1	False
ENST00000695837	60.710762	3.0515616	4.1919107	1.1403491	0.102653086	0.8093544299533921	0.9886279893701995	ENSG00000108021.22	TASOR2	False
ENST00000340677	64.66026	2.3190372	3.4592485	1.1402113	0.40115026	0.8298121044971967	0.39669292588191307	ENSG00000248333.9	CDK11B	False
ENST00000436325	174.41869	3.9304225	5.0706205	1.140198	0.32231358	0.8132758769142434	0.4917214001516128	ENSG00000188315.8	C3orf62	False
ENST00000261881	21.408031	1.4423567	2.5824943	1.1401376	0.3237871	0.8142173533113395	0.48974046713301134	ENSG00000075131.10	TIPIN	False
ENST00000412074	71.53155	2.8955028	4.035511	1.1400082	0.17261453	0.8093544299533921	0.7629226505936084	ENSG00000117971.12	CHRNB4	False
ENST00000699416	33.42427	2.2486236	3.388589	1.1399653	0.27129385	0.8093544299533921	0.5665600532082722	ENSG00000145349.20	CAMK2D	True
ENST00000273398	500.74872	5.381396	6.5213013	1.1399055	0.29246482	0.8111088466013822	0.5339263630844461	ENSG00000114573.12	ATP6V1A	False
ENST00000442195	42.769062	2.6022258	3.742127	1.1399012	0.47102118	0.8496539504698483	0.3269595681451386	ENSG00000136147.18	PHF11	False
ENST00000360141	16.271355	1.0374299	2.177179	1.1397492	0.0852463	0.8093544299533921	1.0693244507450765	ENSG00000167851.15	CD300A	False
ENST00000424201	10.29996	1.0160003	2.1557255	1.1397252	0.24053445	0.8093544299533921	0.6188227057183634	ENSG00000007402.12	CACNA2D2	False
ENST00000592167	65.11571	2.7505178	3.8898911	1.1393733	0.24485683	0.8093544299533921	0.6110877695063698	ENSG00000006125.18	AP2B1	True
ENST00000333219	290.55682	4.7827935	5.921633	1.1388392	0.20797864	0.8093544299533921	0.6819812743275155	ENSG00000153487.14	ING1	False
ENST00000271857	7.603415	0.5921088	1.7308906	1.1387818	0.20311998	0.8093544299533921	0.6922473585129384	ENSG00000143554.14	SLC27A3	False
ENST00000222250	46.854294	2.6558156	3.794475	1.1386595	0.12470408	0.8093544299533921	0.904119344802215	ENSG00000105643.11	ARRDC2	False
ENST00000438150	56.46514	2.8883111	4.026966	1.138655	0.11439435	0.8093544299533921	0.9415954180715651	ENSG00000198538.11	ZNF28	False
ENST00000645444	36.000595	2.418834	3.5573325	1.1384985	0.09982404	0.8093544299533921	1.000764852781505	ENSG00000101347.11	SAMHD1	False
ENST00000569430	116.13037	3.6149862	4.75333	1.138344	0.2539531	0.8093544299533921	0.5952464826609225	ENSG00000188603.22	CLN3	False
ENST00000302219	57.228424	2.969924	4.1081867	1.1382627	0.0955281	0.8093544299533921	1.0198688445323547	ENSG00000170509.12	HSD17B13	False
ENST00000418259	16.8	1.710494	2.8487177	1.1382236	0.046550803	0.8093544299533921	1.3320728241098467	ENSG00000110046.14	ATG2A	False
ENST00000383827	18.447771	1.1539484	2.291893	1.1379446	0.28469148	0.8106393935615843	0.5456255256031391	ENSG00000214021.19	TTLL3	False
ENST00000518237	40.499596	2.6603987	3.798307	1.1379082	0.12774491	0.8093544299533921	0.8936563847828083	ENSG00000131203.13	IDO1	False
ENST00000431446	108.29109	2.3925028	3.5303342	1.1378314	0.3786507	0.8231180929812905	0.42176124160833417	ENSG00000147274.14	RBMX	False
ENST00000374199	38.509544	2.4759176	3.6136951	1.1377776	0.12568328	0.8093544299533921	0.9007225013321917	ENSG00000136875.13	PRPF4	False
ENST00000354379	95.3704	3.398962	4.5365176	1.1375556	0.21158057	0.8093544299533921	0.6745242079473586	ENSG00000093167.18	LRRFIP2	False
ENST00000340096	347.5808	5.0827537	6.220167	1.1374135	0.3357186	0.8158433703746901	0.47402459411997083	ENSG00000046651.16	OFD1	False
ENST00000400247	21.482403	1.9190392	3.0563965	1.1373572	0.048586085	0.8093544299533921	1.313488090458389	ENSG00000125826.22	RBCK1	False
ENST00000399537	12.45207	0.8740347	2.011365	1.1373303	0.29328138	0.8111088466013822	0.5327155142444042	ENSG00000182095.15	TNRC18	False
ENST00000508546	40.368988	2.2164004	3.3537302	1.1373298	0.09511076	0.8093544299533921	1.021770351932987	ENSG00000111859.17	NEDD9	False
ENST00000692618	11.2300005	1.3865646	2.523792	1.1372274	0.08068827	0.8093544299533921	1.0931896069954998	ENSG00000178732.6	GP5	False
ENST00000457363	26.520285	2.0272386	3.1644351	1.1371965	0.05516578	0.8093544299533921	1.2583302459538186	ENSG00000124227.6	ANKRD60	False
ENST00000343017	40.0	1.9056201	3.042746	1.137126	0.1905806	0.8093544299533921	0.7199212953854277	ENSG00000178996.14	SNX18	False
ENST00000641726	23.254347	1.8025571	2.93961	1.1370529	0.04197733	0.8093544299533921	1.376985177722508	ENSG00000180974.5	OR52E4	False
ENST00000478006	36.49074	2.0991063	3.2355185	1.1364121	0.17256324	0.8093544299533921	0.7630517138060319	ENSG00000114126.18	TFDP2	False
ENST00000389532	91.55028	3.146559	4.2827945	1.1362355	0.20576124	0.8093544299533921	0.6866364337676533	ENSG00000130559.19	CAMSAP1	False
ENST00000252595	43.372242	2.3885667	3.5247872	1.1362205	0.21901795	0.8093544299533921	0.6595202850203381	ENSG00000130304.17	SLC27A1	False
ENST00000595217	17.469763	1.641263	2.7772348	1.1359718	0.17313176	0.8093544299533921	0.7616232461846759	ENSG00000105374.10	NKG7	False
ENST00000395090	82.2	3.4419706	4.577925	1.1359546	0.031054322	0.8093544299533921	1.50787795266456	ENSG00000139970.18	RTN1	False
ENST00000025008	383.85345	2.3611798	3.4969442	1.1357644	0.49932486	0.8548764927378353	0.3016168126642553	ENSG00000023287.13	RB1CC1	False
ENST00000261637	79.46952	3.3871136	4.5227776	1.135664	0.16159607	0.8093544299533921	0.7915691927983135	ENSG00000120800.5	UTP20	False
ENST00000203630	29.91361	1.6751395	2.8108022	1.1356627	0.39644	0.8295087282038196	0.40182253325561806	ENSG00000089693.11	MLF2	False
ENST00000566228	94.788925	3.6732683	4.8087597	1.1354914	0.20096996	0.8093544299533921	0.6968688447104996	ENSG00000048471.14	SNX29	False
ENST00000696351	7.883342	0.7781701	1.9136585	1.1354884	0.11778189	0.8093544299533921	0.9289214720874456	ENSG00000181544.16	FANCB	False
ENST00000620424	136.3609	4.151938	5.2873054	1.1353674	0.1537626	0.8093544299533921	0.8131493033752829	ENSG00000275066.5	SYNRG	False
ENST00000427908	314.8585	5.0492845	6.1846447	1.1353602	0.32886484	0.8142173533113395	0.48298255235437904	ENSG00000213347.11	MXD3	False
ENST00000651561	45.987907	2.5992641	3.7344773	1.1352131	0.16331229	0.8093544299533921	0.7869811416475592	ENSG00000162399.9	BSND	False
ENST00000502798	20.498573	1.9205027	3.0557055	1.1352029	0.07200885	0.8093544299533921	1.14261413573365	ENSG00000122012.14	SV2C	False
ENST00000373336	32.99685	2.2630844	3.3981302	1.1350458	0.1173714	0.8093544299533921	0.930437705224553	ENSG00000102158.22	MAGT1	False
ENST00000484210	82.88592	2.948471	4.0834413	1.1349702	0.23493893	0.8093544299533921	0.6290450053015193	ENSG00000095951.18	HIVEP1	False
ENST00000370479	12.541993	0.6896265	1.8243486	1.134722	0.24064773	0.8093544299533921	0.6186182248171491	ENSG00000082269.17	FAM135A	False
ENST00000697189	233.61555	4.6230326	5.7571507	1.1341181	0.27760956	0.8093544299533921	0.5565655870525571	ENSG00000198064.15	NPIPB13	False
ENST00000650178	40.966633	2.5130136	3.646549	1.1335354	0.10878684	0.8093544299533921	0.9634236234480386	ENSG00000064999.16	ANKS1A	False
ENST00000513898	19.853596	0.91357666	2.0469394	1.1333628	0.31418353	0.8118754707110037	0.5028165806944954	ENSG00000125386.16	FAM193A	False
ENST00000492918	152.07007	3.9402332	5.0735326	1.1332994	0.2829368	0.8102614157364052	0.54831054505511	ENSG00000114115.11	RBP1	False
ENST00000579390	12.203016	0.93895763	2.0721588	1.1332011	0.21903458	0.8093544299533921	0.6594873109608943	ENSG00000184205.14	TSPYL2	False
ENST00000567921	29.62439	2.1048415	3.237864	1.1330225	0.19542982	0.8093544299533921	0.7090091749975317	ENSG00000140367.12	UBE2Q2	True
ENST00000445409	8.081177	0.74253494	1.8754084	1.1328735	0.25100085	0.8093544299533921	0.6003248053932869	ENSG00000089127.15	OAS1	False
ENST00000372396	94.6	3.5838516	4.7167177	1.1328661	0.19752938	0.8093544299533921	0.7043683091921776	ENSG00000066135.13	KDM4A	False
ENST00000523677	75.09398	3.0596058	4.1923723	1.1327665	0.21623333	0.8093544299533921	0.6650773675316938	ENSG00000253313.6	C1orf210	False
ENST00000582746	127.841225	3.4409819	4.573255	1.1322732	0.55078405	0.8701600498092625	0.2590186437261238	ENSG00000161960.16	EIF4A1	False
ENST00000409310	9.444844	1.0251374	2.1569135	1.1317761	0.08423726	0.8093544299533921	1.0744957545262201	ENSG00000183281.15	PLGLB1	True
ENST00000547455	7.455668	0.7071593	1.8386521	1.1314929	0.18164939	0.8093544299533921	0.7407660636634956	ENSG00000139624.14	CERS5	False
ENST00000259235	19.955536	1.4988966	2.6302392	1.1313426	0.17160244	0.8093544299533921	0.7654765340087083	ENSG00000136715.19	SAP130	False
ENST00000269373	13.7	1.3075647	2.4388814	1.1313167	0.06449623	0.8093544299533921	1.1904656932861901	ENSG00000141560.15	FN3KRP	False
ENST00000601711	41.038296	2.848798	3.9799223	1.1311243	0.14118548	0.8093544299533921	0.8502099733964106	ENSG00000196214.11	ZNF766	True
ENST00000439268	56.95681	3.0603716	4.191383	1.1310112	0.108518735	0.8093544299533921	0.9644952791437182	ENSG00000031823.14	RANBP3	False
ENST00000641551	5.53132	0.4770521	1.6080074	1.1309553	0.004201816	0.8093544299533921	2.3765629768362957	ENSG00000185372.4	OR2V1	False
ENST00000677320	45.001137	2.9023895	4.0331535	1.130764	0.012370377	0.8093544299533921	1.9076170699442883	ENSG00000103811.18	CTSH	False
ENST00000506830	9.742712	1.4026254	2.5330944	1.130469	0.17088369	0.8093544299533921	0.7672993983705714	ENSG00000112659.14	CUL9	False
ENST00000597987	134.04509	4.4048758	5.535181	1.1303053	0.0846027	0.8093544299533921	1.0726157834767787	ENSG00000182472.9	CAPN12	True
ENST00000397054	16.1	1.4666165	2.5967634	1.1301469	0.081845134	0.8093544299533921	1.0870071332837656	ENSG00000117385.16	P3H1	False
ENST00000321545	27.539669	1.7654103	2.8950796	1.1296693	0.07493721	0.8093544299533921	1.1253024832061724	ENSG00000178229.8	ZNF543	False
ENST00000305513	149.36679	3.9879158	5.117243	1.129327	0.22547674	0.8093544299533921	0.6468982494971952	ENSG00000186532.12	SMYD4	False
ENST00000691758	29.455969	1.9552339	3.0844436	1.1292096	0.11010519	0.8093544299533921	0.9581922223317028	ENSG00000103363.16	ELOB	False
ENST00000427178	22.057333	1.8641882	2.9930208	1.1288326	0.059086394	0.8093544299533921	1.2285125170882742	ENSG00000144063.4	MALL	False
ENST00000323662	33.432602	2.221894	3.3506355	1.1287415	0.0972732	0.8093544299533921	1.0120067935380557	ENSG00000179698.14	WDR97	False
ENST00000253934	34.7	1.996421	3.125122	1.1287011	0.13943098	0.8093544299533921	0.8556407050319433	ENSG00000131634.14	TMEM204	False
ENST00000495566	22.041239	1.7062305	2.8347316	1.128501	0.35755703	0.8177495557578855	0.4466546805718618	ENSG00000163605.16	PPP4R2	True
ENST00000530820	5.78376	0.36814928	1.496558	1.1284087	0.12405133	0.8093544299533921	0.906398566475278	ENSG00000135387.21	CAPRIN1	False
ENST00000504805	17.54604	1.1432676	2.271378	1.1281104	0.14876139	0.8093544299533921	0.8275097675366488	ENSG00000018189.13	RUFY3	False
ENST00000431044	88.393585	3.585269	4.713282	1.1280131	0.066576436	0.8093544299533921	1.1766794563497471	ENSG00000284874.1	ENSG00000284874	False
ENST00000426654	6.23913	0.7432594	1.8711667	1.1279073	0.21508223	0.8093544299533921	0.6673954730183645	ENSG00000102908.23	NFAT5	False
ENST00000478260	79.93068	3.4778452	4.605547	1.1277018	0.19884916	0.8093544299533921	0.7014762469140897	ENSG00000021762.20	OSBPL5	False
ENST00000470416	128.4027	3.741971	4.8695774	1.1276064	0.238812	0.8093544299533921	0.6219438550489302	ENSG00000175470.20	PPP2R2D	False
ENST00000395003	80.44434	3.2287896	4.3563485	1.127559	0.22784549	0.8093544299533921	0.6423595635121216	ENSG00000043143.22	JADE2	False
ENST00000425427	259.1127	5.0071282	6.1342506	1.1271224	0.19401407	0.8093544299533921	0.7121667682557212	ENSG00000164574.16	GALNT10	False
ENST00000184956	98.36733	3.5979986	4.7245755	1.1265769	0.19648302	0.8093544299533921	0.7066749840678986	ENSG00000068097.16	HEATR6	False
ENST00000521866	76.94266	3.2993133	4.4258657	1.1265523	0.18732065	0.8093544299533921	0.7274143447636859	ENSG00000147526.20	TACC1	False
ENST00000380871	68.129845	2.932182	4.0587206	1.1265385	0.20519806	0.8093544299533921	0.6878267400718735	ENSG00000167034.10	NKX3-1	False
ENST00000695375	99.317	3.7586632	4.8851447	1.1264815	0.20571347	0.8093544299533921	0.6867372788668245	ENSG00000131368.9	MRPS25	False
ENST00000421120	9.970398	1.0369635	2.1633797	1.1264162	0.04276032	0.8093544299533921	1.368959053297167	ENSG00000134072.11	CAMK1	False
ENST00000682384	13.498533	1.2927747	2.419022	1.1262474	0.10349068	0.8093544299533921	0.9850987575374682	ENSG00000162714.13	ZNF496	False
ENST00000480046	434.82993	5.7089686	6.8351765	1.1262078	0.20764345	0.8093544299533921	0.6826817653724033	ENSG00000165055.16	METTL2B	False
ENST00000582585	112.71394	3.6994963	4.825695	1.1261988	0.2203743	0.8093544299533921	0.6568390520691202	ENSG00000141562.19	NARF	False
ENST00000528771	161.19621	4.161087	5.287194	1.1261067	0.26340327	0.8093544299533921	0.5793788433179394	ENSG00000184588.18	PDE4B	False
ENST00000587027	1023.8495	6.8257413	7.951664	1.1259227	0.18512116	0.8093544299533921	0.7325439282814363	ENSG00000118900.15	UBN1	False
ENST00000706821	24.85574	1.898703	3.0245972	1.1258942	0.12925805	0.8093544299533921	0.8885423950853579	ENSG00000211456.14	SACM1L	False
ENST00000295872	43.80077	2.635476	3.7608294	1.1253533	0.05275104	0.8093544299533921	1.277768988346819	ENSG00000163611.11	SPICE1	False
ENST00000620307	29.785206	2.1064346	3.2310967	1.1246622	0.08541299	0.8093544299533921	1.0684760921944794	ENSG00000269226.8	TMSB15C	False
ENST00000442071	101.937614	1.5834373	2.7072697	1.1238323	0.5702587	0.8768692392893742	0.24392809781447977	ENSG00000142166.15	IFNAR1	False
ENST00000373664	80.58884	3.4974134	4.621153	1.1237395	0.16897042	0.8093544299533921	0.7721893139640469	ENSG00000080839.12	RBL1	False
ENST00000366934	114.05998	3.8709106	4.9944763	1.1235657	0.10348889	0.8093544299533921	0.9851062614571958	ENSG00000092978.11	GPATCH2	False
ENST00000637281	50.398483	2.8834932	4.0069256	1.1234324	0.12596223	0.8093544299533921	0.8997596676733085	ENSG00000172053.18	QARS1	False
ENST00000344147	22.446735	1.0428412	2.1658914	1.1230502	0.45298228	0.8472077019271466	0.34391878980060125	ENSG00000121766.16	ZCCHC17	False
ENST00000585835	108.06377	3.9447308	5.0677614	1.1230307	0.12677875	0.8093544299533921	0.8969535290336371	ENSG00000129351.18	ILF3	False
ENST00000383163	80.86819	3.2118413	4.334517	1.1226757	0.22133085	0.8093544299533921	0.6549580455276065	ENSG00000206260.4	PRR23A	False
ENST00000589670	7.054761	0.81199723	1.9345753	1.1225781	0.08670013	0.8093544299533921	1.061980268721097	ENSG00000092929.13	UNC13D	False
ENST00000494167	13.431793	1.1179096	2.2403653	1.1224557	0.26571742	0.8093544299533921	0.5755799779200494	ENSG00000167555.14	ZNF528	False
ENST00000403796	140.24341	4.234319	5.356704	1.122385	0.14316472	0.8093544299533921	0.8441639793115755	ENSG00000134955.12	SLC37A2	False
ENST00000394311	150.86137	4.072164	5.1944523	1.1222882	0.3091154	0.8118754707110037	0.5098793441878356	ENSG00000076770.16	MBNL3	False
ENST00000440964	4.407126	0.5082044	1.6303608	1.1221564	0.20702367	0.8093544299533921	0.6839800065931562	ENSG00000178537.10	SLC25A20	False
ENST00000524536	124.02146	4.0194373	5.1413994	1.1219621	0.086993754	0.8093544299533921	1.060511928298312	ENSG00000077254.14	USP33	False
ENST00000370280	35.67988	1.9944096	3.116253	1.1218433	0.3574746	0.8177495557578855	0.44675481682641044	ENSG00000117500.13	TMED5	False
ENST00000439951	178.41367	4.211471	5.3330994	1.1216283	0.32596382	0.8142173533113395	0.4868305946562588	ENSG00000130703.17	OSBPL2	False
ENST00000392993	603.0011	6.0427766	7.164296	1.1215196	0.1534441	0.8093544299533921	0.8140498158032236	ENSG00000175066.16	GK5	False
ENST00000252599	103.59359	3.670071	4.7913694	1.1212986	0.18549149	0.8093544299533921	0.731676016329549	ENSG00000130309.12	COLGALT1	False
ENST00000565087	48.039787	1.9444846	3.0656636	1.121179	0.38784736	0.8256304087777617	0.4113391559443571	ENSG00000101307.16	SIRPB1	True
ENST00000288466	48.014732	2.6623456	3.7833796	1.1210339	0.10778773	0.8093544299533921	0.9674306809932874	ENSG00000157657.15	ZNF618	False
ENST00000242257	12.00416	1.1204797	2.241386	1.1209062	0.25430566	0.8093544299533921	0.594643972525381	ENSG00000122687.19	MRM2	False
ENST00000381793	90.27064	2.284241	3.4048774	1.1206365	0.5266973	0.8628966334781174	0.27843892607530285	ENSG00000163694.15	RBM47	False
ENST00000296755	9.704619	1.091202	2.2115848	1.1203828	0.016636908	0.8093544299533921	1.7789273835564574	ENSG00000131711.15	MAP1B	False
ENST00000541286	17.525293	0.73105174	1.8512592	1.1202075	0.4390326	0.843416202945035	0.3575032163080264	ENSG00000061936.10	SFSWAP	False
ENST00000011653	52.4	2.7020483	3.8222382	1.1201899	0.16161749	0.8093544299533921	0.7915116485909169	ENSG00000010610.10	CD4	False
ENST00000399150	39.676506	2.729637	3.8498044	1.1201675	0.095059745	0.8093544299533921	1.0220033549821983	ENSG00000204516.10	MICB	False
ENST00000565355	11.069631	1.0191817	2.1392596	1.1200778	0.27563232	0.8093544299533921	0.5596698565346111	ENSG00000149925.22	ALDOA	False
ENST00000324501	83.74815	2.863108	3.982976	1.119868	0.29553685	0.8111088466013822	0.5293883659392467	ENSG00000080815.20	PSEN1	True
ENST00000300452	15.2	1.3831944	2.5030463	1.1198518	0.06210709	0.8093544299533921	1.2068588196027905	ENSG00000167113.11	COQ4	False
ENST00000636697	12.977954	1.0282059	2.1479158	1.11971	0.09658295	0.8093544299533921	1.015099537545906	ENSG00000283683.2	MYOCOS	True
ENST00000349457	13.2	1.4091635	2.5287464	1.1195829	0.23896003	0.8093544299533921	0.6216747400705852	ENSG00000159618.16	ADGRG5	False
ENST00000515516	241.92297	5.0980167	6.2174726	1.1194558	0.11768892	0.8093544299533921	0.9292644349973582	ENSG00000070814.22	TCOF1	False
ENST00000422464	41.31892	2.181769	3.3009727	1.1192038	0.14974724	0.8093544299533921	0.8246411804388414	ENSG00000115705.22	TPO	False
ENST00000336053	27.10989	1.2491719	2.3682723	1.1191005	0.53506225	0.8663131709202851	0.27159568570236114	ENSG00000092199.19	HNRNPC	False
ENST00000638986	42.227352	2.457381	3.576269	1.1188879	0.15959838	0.8093544299533921	0.7969715203694877	ENSG00000115525.18	ST3GAL5	False
ENST00000389622	47.471867	2.7850475	3.9029243	1.1178768	0.17057274	0.8093544299533921	0.7680903670062713	ENSG00000080200.10	CRYBG3	False
ENST00000557826	61.572033	2.715449	3.8332572	1.1178081	0.22237703	0.8093544299533921	0.6529100703845787	ENSG00000166411.14	IDH3A	False
ENST00000649365	93.79811	3.1268034	4.2445993	1.117796	0.2086059	0.8093544299533921	0.6806734117393544	ENSG00000006530.18	AGK	True
ENST00000543505	26.52713	2.068854	3.1866398	1.1177857	0.12823015	0.8093544299533921	0.8920098344175619	ENSG00000229859.10	PGA3	False
ENST00000372827	40.67075	2.4600713	3.5778122	1.1177409	0.11801694	0.8093544299533921	0.9280556378727696	ENSG00000116985.12	BMP8B	False
ENST00000376485	6.41455	0.8153904	1.9329115	1.117521	0.08639281	0.8093544299533921	1.0635223877463666	ENSG00000137343.18	ATAT1	False
ENST00000373241	365.88806	5.165364	6.2827044	1.1173406	0.3164885	0.8118754707110037	0.4996420599343428	ENSG00000079332.16	SAR1A	False
ENST00000343399	316.9427	4.888877	6.0061874	1.1173105	0.3243667	0.8142173533113395	0.48896375262454944	ENSG00000197706.5	OR6C74	False
ENST00000281081	32.944027	2.4995615	3.616805	1.1172435	0.1460257	0.8093544299533921	0.835570696205113	ENSG00000151413.17	NUBPL	False
ENST00000396068	7.42843	0.68474704	1.8017719	1.1170249	0.12018545	0.8093544299533921	0.9201481071174621	ENSG00000011426.11	ANLN	False
ENST00000470551	245.57419	4.63707	5.754023	1.1169529	0.30638418	0.8118754707110037	0.5137336686949858	ENSG00000101152.12	DNAJC5	False
ENST00000581761	64.92824	2.9051886	4.0220094	1.1168208	0.29232937	0.8111088466013822	0.5341275479276487	ENSG00000011143.19	MKS1	False
ENST00000612285	23.57846	1.5476664	2.664462	1.1167957	0.10513338	0.8093544299533921	0.9782593852801135	ENSG00000140718.22	FTO	False
ENST00000476004	22.12648	1.2552743	2.3706784	1.1154041	0.16316463	0.8093544299533921	0.7873739781154556	ENSG00000126883.19	NUP214	True
ENST00000523764	22.145958	1.5083956	2.6237473	1.1153518	0.30039173	0.8118754707110037	0.5223120226703755	ENSG00000253710.5	ALG11	False
ENST00000524996	23.433176	1.6240517	2.7394013	1.1153497	0.12870727	0.8093544299533921	0.8903969052024288	ENSG00000100557.10	CCDC198	False
ENST00000573434	13.28784	1.1798346	2.2950318	1.1151972	0.15243362	0.8093544299533921	0.8169192397289841	ENSG00000186260.17	MRTFB	True
ENST00000527914	588.6981	5.837127	6.951828	1.1147008	0.38986593	0.8263284095498603	0.40908471031988	ENSG00000161016.18	RPL8	False
ENST00000484030	41.895912	2.0754058	3.190084	1.1146781	0.23271376	0.8093544299533921	0.6331779387698093	ENSG00000119950.21	MXI1	False
ENST00000428079	121.06477	4.370735	5.4852695	1.1145344	0.054726444	0.8093544299533921	1.2618027689431257	ENSG00000116198.14	CEP104	False
ENST00000230381	28.8	1.9236442	3.0381172	1.114473	0.18038407	0.8093544299533921	0.7438018190948008	ENSG00000112619.8	PRPH2	False
ENST00000266732	13.561519	1.1733798	2.2878504	1.1144706	0.092359275	0.8093544299533921	1.0345194866173442	ENSG00000120802.14	TMPO	False
ENST00000367097	93.98547	3.3987954	4.512456	1.1136606	0.2056321	0.8093544299533921	0.6869090777127926	ENSG00000130338.13	TULP4	False
ENST00000443029	41.70937	2.5803201	3.693753	1.1134329	0.1080449	0.8093544299533921	0.9663957281244698	ENSG00000206562.12	METTL6	False
ENST00000300176	24.213053	1.5759659	2.6892905	1.1133246	0.105636604	0.8093544299533921	0.976185568381345	ENSG00000106351.13	AGFG2	False
ENST00000562428	22.722906	1.0645388	2.1777258	1.113187	0.13061021	0.8093544299533921	0.8840228633460981	ENSG00000159593.15	NAE1	False
ENST00000266943	32.50195	2.2656395	3.3786755	1.1130359	0.13304211	0.8093544299533921	0.87601086947439	ENSG00000139508.15	SLC46A3	False
ENST00000359094	142.13197	3.1529493	4.2656417	1.1126924	0.3484364	0.81719736681995	0.4578765001902753	ENSG00000108984.16	MAP2K6	True
ENST00000674616	111.7075	3.9186223	5.0310087	1.1123865	0.22237004	0.8093544299533921	0.6529237191748849	ENSG00000106105.15	GARS1	False
ENST00000641432	63.14898	3.1475909	4.259924	1.112333	0.14183044	0.8093544299533921	0.8482305365157817	ENSG00000173285.5	OR10K1	False
ENST00000448667	12.79311	1.1071459	2.2193906	1.1122447	0.2692748	0.8093544299533921	0.5698042863649944	ENSG00000198556.14	ZNF789	False
ENST00000301042	45.659954	2.0689976	3.1806116	1.111614	0.4368078	0.8427484754954933	0.35970960391852247	ENSG00000167528.13	ZNF641	False
ENST00000262839	15.546575	1.4045538	2.5159223	1.1113685	0.14793555	0.8093544299533921	0.8299274364316793	ENSG00000072315.4	TRPC5	False
ENST00000283148	56.423176	2.8462744	3.9571004	1.110826	0.18668719	0.8093544299533921	0.728885489677935	ENSG00000115652.15	UXS1	False
ENST00000565556	69.36949	3.2674277	4.3775263	1.1100986	0.21966965	0.8093544299533921	0.658229932115836	ENSG00000205423.12	CNEP1R1	False
ENST00000395125	301.1164	4.868568	5.9781933	1.1096253	0.32491425	0.8142173533113395	0.4882312453496502	ENSG00000100592.16	DAAM1	False
ENST00000392542	12.641393	0.9953287	2.1048646	1.1095359	0.28120136	0.8093544299533921	0.5509825791980499	ENSG00000111445.14	RFC5	False
ENST00000470357	56.586426	2.471657	3.5808883	1.1092312	0.20305388	0.8093544299533921	0.69238871443117	ENSG00000049245.13	VAMP3	True
ENST00000470094	114.12764	3.8420994	4.9512105	1.1091111	0.22747704	0.8093544299533921	0.6430624241711591	ENSG00000139618.19	BRCA2	False
ENST00000343125	127.9	4.17062	5.2796288	1.1090088	0.00918493	0.8093544299533921	2.0369241708260257	ENSG00000186074.19	CD300LF	False
ENST00000597597	112.82359	4.0251184	5.133896	1.1087775	0.011156581	0.8093544299533921	1.952468863791039	ENSG00000167766.21	ZNF83	True
ENST00000689323	32.225273	2.1632285	3.271957	1.1087284	0.3339866	0.8156178955533828	0.4762709440987139	ENSG00000107929.16	LARP4B	False
ENST00000622330	85.172935	3.237676	4.346185	1.1085093	0.2116849	0.8093544299533921	0.6743101252027743	ENSG00000160712.13	IL6R	False
ENST00000533193	34.93194	2.0383713	3.146761	1.1083896	0.17066382	0.8093544299533921	0.7678585409653763	ENSG00000087884.16	AAMDC	True
ENST00000523837	29.59526	1.7036244	2.811921	1.1082965	0.13064158	0.8093544299533921	0.883918577049922	ENSG00000133943.21	DGLUCY	False
ENST00000439887	109.34286	3.3577797	4.4660635	1.1082838	0.3574958	0.8177495557578855	0.4467290384037008	ENSG00000103342.13	GSPT1	False
ENST00000482934	10.552457	0.95147973	2.0596478	1.1081681	0.052737087	0.8093544299533921	1.2778838625941744	ENSG00000171735.21	CAMTA1	False
ENST00000647728	116.75763	4.019778	5.1271605	1.1073828	0.2784437	0.8093544299533921	0.5552626130847126	ENSG00000164323.15	CFAP97	False
ENST00000407755	131.2	4.0500627	5.157391	1.1073284	0.24647263	0.8093544299533921	0.6082313061463722	ENSG00000128191.17	DGCR8	False
ENST00000514082	287.83163	4.9761195	6.083317	1.1071973	0.3253637	0.8142173533113395	0.48763090767100814	ENSG00000068796.19	KIF2A	False
ENST00000324602	435.5578	6.129767	7.236871	1.1071038	0.015211492	0.8093544299533921	1.817828191041188	ENSG00000104972.16	LILRB1	False
ENST00000482061	13.322653	0.92515165	2.032184	1.1070323	0.4432331	0.8455950756552957	0.35336781208307927	ENSG00000174928.16	C3orf33	False
ENST00000700550	39.643196	1.501012	2.6080184	1.1070064	0.27329788	0.8093544299533921	0.5633637433278885	ENSG00000173575.24	CHD2	False
ENST00000682998	55.4787	2.1223755	3.229112	1.1067364	0.3887757	0.8259378738446596	0.4103008809713616	ENSG00000124356.17	STAMBP	False
ENST00000535268	99.242485	3.4153988	4.521828	1.1064293	0.40990087	0.8323007445595858	0.38732115577642684	ENSG00000184792.16	OSBP2	False
ENST00000311403	32.37071	1.7238779	2.8302982	1.1064203	0.5957703	0.886229804100233	0.22492115119339567	ENSG00000174282.12	ZBTB4	False
ENST00000216799	13.3	1.102984	2.2094028	1.1064188	0.06214551	0.8093544299533921	1.206590251779529	ENSG00000100908.14	EMC9	False
ENST00000304788	43.358223	2.641755	3.7474744	1.1057193	0.12036209	0.8093544299533921	0.9195102865717982	ENSG00000170191.5	NANP	False
ENST00000616502	15.9	1.3470894	2.4527237	1.1056343	0.060988564	0.8093544299533921	1.2147515918432428	ENSG00000196411.10	EPHB4	False
ENST00000449768	28.1	2.0006962	3.1062667	1.1055706	0.15284067	0.8093544299533921	0.815761056035914	ENSG00000111335.14	OAS2	False
ENST00000483630	66.619675	3.1107175	4.2162843	1.1055667	0.328977	0.8142173533113395	0.48283447891927334	ENSG00000269713.9	NBPF9	True
ENST00000679232	15.615652	0.7644821	1.869894	1.105412	0.24651903	0.8093544299533921	0.6081495513087393	ENSG00000119912.18	IDE	False
ENST00000368426	41.925575	2.4276228	3.532917	1.1052942	0.13116734	0.8093544299533921	0.88217429756018	ENSG00000160685.14	ZBTB7B	False
ENST00000608326	23.237402	1.8807273	2.9860177	1.1052904	0.09265437	0.8093544299533921	1.0331340936371596	ENSG00000203872.7	C6orf163	False
ENST00000596930	9.93564	1.2914728	2.3967395	1.1052667	0.16398826	0.8093544299533921	0.7851872357989644	ENSG00000167766.21	ZNF83	True
ENST00000372457	64.5661	3.1333764	4.2386413	1.1052649	0.1808249	0.8093544299533921	0.7427417528735989	ENSG00000159479.17	MED8	False
ENST00000409565	46.65023	2.610449	3.7145834	1.1041343	0.3668595	0.818999162668339	0.43550023534456617	ENSG00000168958.21	MFF	False
ENST00000380285	533.17596	5.6788707	6.7829022	1.1040316	0.3822888	0.823716002720574	0.41760840997672993	ENSG00000028528.15	SNX1	True
ENST00000570618	26.95398	2.0584905	3.1625204	1.1040299	0.14060184	0.8093544299533921	0.8520089847350758	ENSG00000228696.11	ARL17B	False
ENST00000524781	32.886215	2.1860397	3.2898006	1.103761	0.13355711	0.8093544299533921	0.8743329837441486	ENSG00000092208.19	GEMIN2	False
ENST00000477265	35.122314	2.2535467	3.3571267	1.10358	0.05243656	0.8093544299533921	1.280365803854603	ENSG00000164136.17	IL15	False
ENST00000645759	27.952703	2.336713	3.4401274	1.1034143	0.14464395	0.8093544299533921	0.8396997343638466	ENSG00000114423.23	CBLB	False
ENST00000215917	302.7772	5.096474	6.199885	1.1034107	0.22834817	0.8093544299533921	0.6414024725949012	ENSG00000100104.13	SRRD	False
ENST00000263985	16.87726	1.2992522	2.4020236	1.1027714	0.12889545	0.8093544299533921	0.8897624241995395	ENSG00000059691.12	GATB	False
ENST00000638591	13.300069	1.1370174	2.2397351	1.1027178	0.2802871	0.8093544299533921	0.5523969100513859	ENSG00000197563.11	PIGN	False
ENST00000675380	27.16184	0.9751652	2.0775752	1.1024101	0.47006473	0.8496539504698483	0.3278423341743751	ENSG00000123505.20	AMD1	False
ENST00000441876	82.846565	3.1203897	4.222603	1.1022131	0.31414697	0.8118754707110037	0.502867130657008	ENSG00000100376.12	FAM118A	False
ENST00000295461	75.98458	3.0030816	4.1048393	1.1017578	0.17254221	0.8093544299533921	0.7631046325601248	ENSG00000163293.12	NIPAL1	False
ENST00000404914	137.6	4.1693172	5.2710595	1.1017423	0.0558697	0.8093544299533921	1.252823672106994	ENSG00000168397.17	ATG4B	False
ENST00000646897	8.971991	0.8149274	1.9160283	1.1011009	0.42705363	0.8397976463492327	0.3695175818756957	ENSG00000168016.15	TRANK1	False
ENST00000457186	452.9323	5.393864	6.4945927	1.1007285	0.35872003	0.8182605935073269	0.4452443674851479	ENSG00000106052.14	TAX1BP1	False
ENST00000325222	149.17769	4.1949787	5.2956266	1.1006479	0.2602322	0.8093544299533921	0.5846389497856272	ENSG00000055130.18	CUL1	False
ENST00000397040	146.73917	4.1886888	5.2893047	1.100616	0.07339499	0.8093544299533921	1.1343335757324724	ENSG00000170471.15	RALGAPB	False
ENST00000546390	20.4	1.6572871	2.7577724	1.1004853	0.13297594	0.8093544299533921	0.8762269442643965	ENSG00000284791.2	SMIM41	True
ENST00000689093	12.9	1.12675	2.2269387	1.1001887	0.09970785	0.8093544299533921	1.0012706512790457	ENSG00000122126.18	OCRL	True
ENST00000308025	130.31259	3.9665709	5.066756	1.1001849	0.25876853	0.8093544299533921	0.5870885434712091	ENSG00000174243.11	DDX23	False
ENST00000648873	11.303727	1.1044058	2.2045755	1.1001698	0.18373132	0.8093544299533921	0.7358168106677795	ENSG00000285897.1	ENSG00000285897	False
ENST00000216877	125.44757	3.9331133	5.0329685	1.0998552	0.22379713	0.8093544299533921	0.6501454918627522	ENSG00000132670.21	PTPRA	False
ENST00000635101	185.19458	4.258122	5.357868	1.0997462	0.3643574	0.8185742609699567	0.4384723915082707	ENSG00000136021.19	SCYL2	False
ENST00000564900	12.891606	1.3800106	2.4796546	1.099644	0.13605686	0.8093544299533921	0.8662795710981475	ENSG00000140691.18	ARMC5	False
ENST00000421093	21.62936	1.7877945	2.8873572	1.0995628	0.27723387	0.8093544299533921	0.5571537143536817	ENSG00000165804.16	ZNF219	False
ENST00000437550	49.97213	2.8272703	3.926426	1.0991557	0.069878615	0.8093544299533921	1.1556557086288044	ENSG00000126264.10	HCST	True
ENST00000452837	93.18785	3.63272	4.7317743	1.0990543	0.2150741	0.8093544299533921	0.667411871536277	ENSG00000134077.16	THUMPD3	False
ENST00000216160	15.9	1.5604982	2.659388	1.0988898	0.097598426	0.8093544299533921	1.0105571860825182	ENSG00000100324.14	TAB1	False
ENST00000310193	22.321476	1.5221244	2.6207523	1.0986279	0.0976566	0.8093544299533921	1.01029839934275	ENSG00000172817.4	CYP7B1	False
ENST00000316316	42.699913	2.7051353	3.8037424	1.0986071	0.06621857	0.8093544299533921	1.1790202029588448	ENSG00000111877.18	MCM9	False
ENST00000696705	101.852905	2.604131	3.702686	1.0985551	0.5027428	0.8551707956010974	0.29865411713737733	ENSG00000131828.14	PDHA1	False
ENST00000468404	171.3882	4.275392	5.3739133	1.0985212	0.23981786	0.8093544299533921	0.6201184808277267	ENSG00000013374.17	NUB1	False
ENST00000360951	42.048088	1.8899685	2.9884315	1.0984629	0.4124535	0.83350652602391	0.38462500416157464	ENSG00000078487.18	ZCWPW1	False
ENST00000554080	44.463154	1.8292317	2.9273405	1.0981088	0.23986268	0.8093544299533921	0.6200373174421594	ENSG00000100600.15	LGMN	True
ENST00000546424	20.175646	1.6701027	2.7680404	1.0979377	0.19624773	0.8093544299533921	0.7071953653931563	ENSG00000132906.18	CASP9	False
ENST00000391739	71.300064	3.3175213	4.4150343	1.097513	0.12967843	0.8093544299533921	0.8871322621933275	ENSG00000167614.14	TTYH1	True
ENST00000442846	215.08472	4.7767463	5.8741407	1.0973945	0.111659124	0.8093544299533921	0.9521057817255097	ENSG00000142512.15	SIGLEC10	False
ENST00000532250	29.561977	2.006145	3.1034665	1.0973215	0.16904202	0.8093544299533921	0.7720053235776085	ENSG00000133805.16	AMPD3	False
ENST00000436269	406.09503	5.862557	6.9595556	1.0969987	0.119436584	0.8093544299533921	0.9228626248390783	ENSG00000115464.15	USP34	False
ENST00000552369	65.994064	2.6474385	3.7438903	1.0964518	0.26719227	0.8093544299533921	0.5731761033202477	ENSG00000174243.11	DDX23	False
ENST00000552783	6.09054	0.26114967	1.3574939	1.0963442	0.26980475	0.8093544299533921	0.5689504152812198	ENSG00000050405.14	LIMA1	False
ENST00000388948	56.709553	1.9057236	3.0018218	1.0960982	0.43536624	0.842654100473947	0.3611452477646433	ENSG00000154237.13	LRRK1	False
ENST00000271690	28.622812	1.9167123	3.0127172	1.096005	0.15690766	0.8093544299533921	0.8043558466713727	ENSG00000143420.19	ENSA	False
ENST00000377411	189.59247	4.387345	5.4833455	1.0960007	0.2587991	0.8093544299533921	0.5870372284318703	ENSG00000180758.12	GPR157	False
ENST00000337530	114.358604	3.832775	4.9285464	1.0957713	0.07363166	0.8093544299533921	1.1329354134086027	ENSG00000165185.15	KIAA1958	False
ENST00000350997	139.08087	4.0649033	5.160554	1.0956507	0.12267173	0.8093544299533921	0.9112555070770794	ENSG00000149485.19	FADS1	False
ENST00000482010	115.53007	3.7663672	4.8612633	1.0948961	0.21838753	0.8093544299533921	0.6607721651011093	ENSG00000175470.20	PPP2R2D	True
ENST00000354567	32.58634	1.9623518	3.0569263	1.0945745	0.23010309	0.8093544299533921	0.6380775484889967	ENSG00000154027.19	AK5	False
ENST00000402989	229.57828	4.8474364	5.9416966	1.0942602	0.097671434	0.8093544299533921	1.0102324347166658	ENSG00000163029.16	SMC6	False
ENST00000626459	122.5026	4.0392747	5.133461	1.0941863	0.18070696	0.8093544299533921	0.743025113020163	ENSG00000135597.19	REPS1	False
ENST00000638674	134.99043	3.9753616	5.069158	1.0937965	0.35204378	0.8172002775093227	0.4534033273366225	ENSG00000180644.8	PRF1	False
ENST00000640349	35.68452	2.3342671	3.4279895	1.0937223	0.25724477	0.8093544299533921	0.5896534532042885	ENSG00000121897.15	LIAS	False
ENST00000425096	17.317488	1.6487814	2.7424731	1.0936917	0.07556518	0.8093544299533921	1.1216782691905527	ENSG00000126001.17	CEP250	True
ENST00000435989	289.78793	5.247142	6.34061	1.0934682	0.069273464	0.8093544299533921	1.159433092654328	ENSG00000204514.11	ZNF814	False
ENST00000321844	161.68675	4.159999	5.2532673	1.0932684	0.18185775	0.8093544299533921	0.740268186870802	ENSG00000179240.13	GVQW3	False
ENST00000533115	13.310331	0.87528294	1.9684435	1.0931606	0.1977085	0.8093544299533921	0.7039746535434537	ENSG00000173465.8	ZNRD2	False
ENST00000368009	79.23692	3.5803328	4.673403	1.09307	0.059013557	0.8093544299533921	1.229048210070902	ENSG00000158793.14	NIT1	False
ENST00000640275	30.115932	2.0647237	3.157557	1.0928333	0.066291735	0.8093544299533921	1.1785406171715265	ENSG00000283930.1	PLD5P1	True
ENST00000524765	28.7	2.1386158	3.231272	1.0926561	0.14267696	0.8093544299533921	0.8456461392930247	ENSG00000109956.13	B3GAT1	False
ENST00000351018	486.33136	5.3400383	6.43253	1.0924916	0.40019614	0.8298121044971967	0.39772710994550053	ENSG00000177105.10	RHOG	False
ENST00000309539	8.839397	0.84878427	1.9410875	1.0923033	0.047769465	0.8093544299533921	1.320849626693205	ENSG00000173391.9	OLR1	False
ENST00000420843	224.99014	5.031666	6.123912	1.092246	0.023196658	0.8093544299533921	1.6345745782460122	ENSG00000137486.17	ARRB1	False
ENST00000452032	52.240284	2.6990452	3.7912192	1.092174	0.20903717	0.8093544299533921	0.6797764832196685	ENSG00000167807.15	ENSG00000167807	False
ENST00000476491	12.1	0.93095094	2.0230718	1.0921209	0.1634397	0.8093544299533921	0.7866424276814827	ENSG00000133597.11	ADCK2	False
ENST00000502620	11.990799	1.224216	2.3160923	1.0918763	0.30562627	0.8118754707110037	0.5148093143768634	ENSG00000174796.12	THAP6	False
ENST00000678714	60.501965	2.804944	3.8968003	1.0918562	0.2194924	0.8093544299533921	0.6585805015724432	ENSG00000109685.19	NSD2	False
ENST00000680122	103.99721	3.385005	4.4763017	1.0912967	0.31352225	0.8118754707110037	0.5037316335416395	ENSG00000111335.14	OAS2	False
ENST00000509791	13.737282	1.1975297	2.2887697	1.09124	0.15120721	0.8093544299533921	0.8204275038408252	ENSG00000166562.9	SEC11C	False
ENST00000545200	34.51284	2.353729	3.4448395	1.0911105	0.15893736	0.8093544299533921	0.7987739918669315	ENSG00000111641.13	NOP2	False
ENST00000682871	9.978433	1.1221594	2.2130644	1.0909051	0.055627156	0.8093544299533921	1.254713142895637	ENSG00000136068.16	FLNB	False
ENST00000599049	13.274406	1.4963021	2.5871572	1.0908551	0.121926196	0.8093544299533921	0.9139029759152076	ENSG00000104946.14	TBC1D17	False
ENST00000695435	45.02549	1.9308392	3.0215542	1.090715	0.2806013	0.8093544299533921	0.5519103323250723	ENSG00000144029.14	MRPS5	False
ENST00000682232	76.79692	3.678671	4.7693777	1.0907068	0.006062918	0.8093544299533921	2.217318314300447	ENSG00000172269.20	DPAGT1	False
ENST00000256379	22.971739	1.3572874	2.4469852	1.0896978	0.32904714	0.8142173533113395	0.4827418750668101	ENSG00000133997.12	MED6	False
ENST00000370112	207.19882	3.6893759	4.77895	1.0895743	0.4377172	0.8431273635154642	0.3588063882156955	ENSG00000162695.12	SLC30A7	False
ENST00000445265	42.067944	2.366101	3.4549646	1.0888636	0.47180936	0.8496539504698483	0.3262334499935977	ENSG00000070814.22	TCOF1	False
ENST00000652340	23.10642	1.593173	2.6820107	1.0888376	0.22400525	0.8093544299533921	0.6497417988924258	ENSG00000072756.18	TRNT1	True
ENST00000356924	48.23186	2.9822452	4.0710063	1.0887611	0.0030570393	0.8093544299533921	2.514698972049194	ENSG00000119688.21	ABCD4	False
ENST00000325307	39.53656	2.203537	3.2922864	1.0887494	0.1967112	0.8093544299533921	0.7061709178026909	ENSG00000029993.15	HMGB3	False
ENST00000468747	55.44668	1.8879968	2.9767394	1.0887426	0.45612556	0.8473426594424552	0.3409155928836881	ENSG00000065809.14	FAM107B	False
ENST00000358387	200.56839	4.610234	5.6988187	1.0885849	0.30697957	0.8118754707110037	0.5128905310892703	ENSG00000113621.15	TXNDC15	False
ENST00000611757	122.73268	3.8735006	4.9620647	1.0885642	0.23321547	0.8093544299533921	0.6322426518664062	ENSG00000068400.14	GRIPAP1	False
ENST00000289488	23.82539	0.62030905	1.70876	1.0884509	0.40278307	0.830273436445602	0.39492879651575696	ENSG00000184154.16	LRRC51	False
ENST00000481100	32.721855	2.0651512	3.1535935	1.0884423	0.18556419	0.8093544299533921	0.7315058294159601	ENSG00000147459.18	DOCK5	False
ENST00000370660	182.92105	4.965526	6.0538635	1.0883374	0.0068370784	0.8093544299533921	2.1651294419618434	ENSG00000129680.16	MAP7D3	False
ENST00000532035	31.85202	2.3606095	3.4486508	1.0880413	0.083053015	0.8093544299533921	1.0806445962167919	ENSG00000011405.14	PIK3C2A	True
ENST00000366780	9.939072	0.95766383	2.045631	1.0879672	0.054034956	0.8093544299533921	1.2673251994474757	ENSG00000130024.15	PHF10	False
ENST00000404393	122.05208	4.027334	5.115144	1.0878096	0.19986786	0.8093544299533921	0.6992570386559771	ENSG00000128309.18	MPST	False
ENST00000637730	18.775957	1.5886688	2.6764193	1.0877504	0.072136	0.8093544299533921	1.1418479445445002	ENSG00000114786.16	ABHD14A-ACY1	False
ENST00000435145	20.805069	1.6572084	2.7447453	1.0875368	0.09674499	0.8093544299533921	1.0143715076838515	ENSG00000232629.9	HLA-DQB2	False
ENST00000302450	29.651669	2.1211388	3.208666	1.0875273	0.1867356	0.8093544299533921	0.7287728780289301	ENSG00000169607.13	CKAP2L	False
ENST00000370951	140.26758	1.9466248	3.034071	1.0874462	0.6309176	0.8998872743584793	0.20002735138462682	ENSG00000116754.14	SRSF11	False
ENST00000373865	16.28524	1.1619769	2.249417	1.0874401	0.50430644	0.855803731079597	0.2973054896611535	ENSG00000119397.19	CNTRL	False
ENST00000647937	24.427622	1.880486	2.9677186	1.0872326	0.08033826	0.8093544299533921	1.0950775677078877	ENSG00000285880.1	ENSG00000285880	False
ENST00000409262	37.6	2.2644227	3.3515806	1.087158	0.22649494	0.8093544299533921	0.6449414994548517	ENSG00000187605.16	TET3	False
ENST00000480887	46.42037	2.2317755	3.3188233	1.0870478	0.35694686	0.8177490624066337	0.44739643923250916	ENSG00000048649.14	RSF1	False
ENST00000407559	262.11356	5.2468686	6.333769	1.0869002	0.03325206	0.8093544299533921	1.4781814391299262	ENSG00000126870.16	DYNC2I1	False
ENST00000678896	53.49685	2.8499022	3.9367313	1.0868292	0.07865774	0.8093544299533921	1.1042585421980597	ENSG00000185359.14	HGS	True
ENST00000594217	18.60985	1.809206	2.8960013	1.0867953	0.15893658	0.8093544299533921	0.7987761498864308	ENSG00000105402.8	NAPA	False
ENST00000634597	17.9	1.4808512	2.5676165	1.0867653	0.04732787	0.8093544299533921	1.3248830530757532	ENSG00000006282.22	SPATA20	False
ENST00000398155	68.59346	2.880024	3.966692	1.086668	0.34340298	0.81719736681995	0.46419593819235677	ENSG00000086712.13	TXLNG	False
ENST00000462833	4.56108	0.24674095	1.3332105	1.0864695	0.25743613	0.8093544299533921	0.5893305078360757	ENSG00000173175.16	ADCY5	False
ENST00000713941	70.75353	2.9067705	3.9932027	1.0864322	0.49434063	0.8537766521893764	0.3059736947009703	ENSG00000287839.3	ENSG00000287839	False
ENST00000530997	675.672	5.738945	6.82521	1.0862651	0.3986663	0.8298121044971967	0.39939048274981903	ENSG00000100503.27	NIN	False
ENST00000324873	1037.429	6.9673734	8.053431	1.0860572	0.16798371	0.8093544299533921	0.7747328293901798	ENSG00000176046.9	NUPR1	False
ENST00000225538	112.5	3.7932613	4.879269	1.0860078	0.14901319	0.8093544299533921	0.8267752837664014	ENSG00000108405.4	P2RX1	False
ENST00000273963	57.178993	1.7477202	2.8337193	1.085999	0.50026363	0.8548764927378353	0.3008010687352186	ENSG00000145332.14	KLHL8	False
ENST00000593054	110.40503	3.8282049	4.914177	1.0859721	0.146599	0.8093544299533921	0.8338690077568568	ENSG00000130811.12	EIF3G	False
ENST00000305141	92.255875	3.3667727	4.451871	1.0850983	0.18407045	0.8093544299533921	0.7350159187646677	ENSG00000171596.7	NMUR1	False
ENST00000310300	14.10602	0.99501973	2.0797071	1.0846875	0.17248648	0.8093544299533921	0.763244930342312	ENSG00000077454.17	LRCH4	False
ENST00000419106	6.9124823	0.64499706	1.7296567	1.0846596	0.2093373	0.8093544299533921	0.6791533938316101	ENSG00000189068.11	VSTM1	True
ENST00000398658	54.992653	2.9301958	4.0145683	1.0843725	0.09819942	0.8093544299533921	1.0078910787274036	ENSG00000162927.14	PUS10	True
ENST00000331173	121.1	3.7422698	4.8264546	1.0841849	0.26754516	0.8093544299533921	0.5726028952864846	ENSG00000177613.9	CSTF2T	False
ENST00000684657	150.73772	4.2072988	5.291222	1.0839233	0.2702571	0.8093544299533921	0.5682229109545566	ENSG00000110711.11	AIP	False
ENST00000394023	515.00653	6.221039	7.3049273	1.0838885	0.06509238	0.8093544299533921	1.186469866459532	ENSG00000139613.12	SMARCC2	False
ENST00000675451	76.50391	3.1357908	4.219248	1.083457	0.21399456	0.8093544299533921	0.6695972614712509	ENSG00000121940.17	CLCC1	False
ENST00000446597	8.38707	0.35470426	1.4379387	1.0832344	0.2950945	0.8111088466013822	0.5300388994890928	ENSG00000111731.13	C2CD5	False
ENST00000499869	294.15198	4.4784503	5.5611587	1.0827084	0.42180294	0.838029552988072	0.37489039959416626	ENSG00000071127.18	WDR1	False
ENST00000680620	34.941902	2.023939	3.106345	1.082406	0.13518581	0.8093544299533921	0.8690688990409117	ENSG00000135114.14	OASL	False
ENST00000544690	310.62564	4.8635364	5.9455814	1.0820451	0.39145452	0.8276890288917389	0.4073186903058935	ENSG00000011600.12	TYROBP	False
ENST00000670292	18.168364	1.5353118	2.6172855	1.0819737	0.13721398	0.8093544299533921	0.8626016536489868	ENSG00000186409.19	CCDC30	True
ENST00000567990	129.51352	3.8528497	4.93462	1.0817702	0.18184352	0.8093544299533921	0.7403021723169152	ENSG00000102908.23	NFAT5	True
ENST00000473519	162.7864	4.362556	5.4443145	1.0817585	0.3029576	0.8118754707110037	0.5186181563466382	ENSG00000109689.20	STIM2	False
ENST00000436008	74.16847	2.8283691	3.9097722	1.081403	0.3360585	0.8158433703746901	0.47358511874312487	ENSG00000137266.15	SLC22A23	False
ENST00000588427	39.683285	2.1806262	3.2617612	1.081135	0.12672421	0.8093544299533921	0.8971403959713261	ENSG00000119559.17	C19orf25	False
ENST00000382040	155.84752	4.2290983	5.3100653	1.080967	0.36821538	0.8194459451468774	0.43389807291716287	ENSG00000134321.13	RSAD2	False
ENST00000577221	23.744478	1.8553563	2.936319	1.0809628	0.055185843	0.8093544299533921	1.258172316890047	ENSG00000017797.13	RALBP1	False
ENST00000406576	37.504288	1.1474267	2.2282212	1.0807945	0.5025001	0.8551707956010974	0.2988638329393302	ENSG00000144895.12	EIF2A	False
ENST00000368357	20.005463	1.8499254	2.9304495	1.0805241	0.0857973	0.8093544299533921	1.0665263667013447	ENSG00000111912.20	NCOA7	False
ENST00000562824	112.20093	3.7141573	4.7945724	1.080415	0.22239132	0.8093544299533921	0.6528821629993193	ENSG00000161999.13	JMJD8	False
ENST00000706689	35.239372	1.6770148	2.757321	1.080306	0.44540045	0.845708078626981	0.3512493517856022	ENSG00000109519.14	GRPEL1	False
ENST00000576730	29.373682	2.0061567	3.086182	1.0800254	0.1609485	0.8093544299533921	0.7933130663757302	ENSG00000225663.8	MCRIP1	False
ENST00000599536	9.379006	1.1420892	2.2220914	1.0800022	0.2697421	0.8093544299533921	0.5690512634391226	ENSG00000269469.1	ENSG00000269469	False
ENST00000375530	36.9	2.564802	3.6444106	1.0796087	0.094243504	0.8093544299533921	1.0257485745726627	ENSG00000204371.12	EHMT2	False
ENST00000687024	123.02737	3.8293703	4.9088907	1.0795205	0.29907712	0.8112092915290223	0.5242168051551335	ENSG00000136861.19	CDK5RAP2	False
ENST00000340513	17.481567	1.529672	2.6091788	1.0795068	0.100214034	0.8093544299533921	0.9990714541128679	ENSG00000088325.16	TPX2	False
ENST00000586283	12.06672	1.1312792	2.2107139	1.0794346	0.49688616	0.8537766521893764	0.30374309623865087	ENSG00000099804.9	CDC34	False
ENST00000359073	25.534128	1.9714112	3.0508432	1.079432	0.15150781	0.8093544299533921	0.819564980049682	ENSG00000146576.13	INTS15	False
ENST00000522692	36.674026	2.5213752	3.6005583	1.0791831	0.11674516	0.8093544299533921	0.9327611189002989	ENSG00000164463.12	CREBRF	False
ENST00000297933	273.8376	5.027595	6.1067047	1.0791097	0.29506874	0.8111088466013822	0.5300767965919168	ENSG00000165219.23	GAPVD1	False
ENST00000238379	75.65755	2.758084	3.8369505	1.0788665	0.22541374	0.8093544299533921	0.6470196158591767	ENSG00000119431.10	HDHD3	False
ENST00000391338	47.03393	2.5911381	3.669968	1.0788298	0.3072037	0.8118754707110037	0.5125735436626891	ENSG00000153037.15	SRP19	False
ENST00000320580	117.35488	3.7700527	4.848763	1.0787103	0.2635881	0.8093544299533921	0.5790741992723928	ENSG00000175115.13	PACS1	False
ENST00000416614	181.31104	4.497495	5.5758924	1.0783973	0.29634154	0.8111088466013822	0.528207468849948	ENSG00000087269.16	NOP14	False
ENST00000471947	68.40605	3.3302968	4.4081535	1.0778568	0.14371462	0.8093544299533921	0.842499044081823	ENSG00000115355.18	CCDC88A	False
ENST00000696485	146.05118	2.6773179	3.7550936	1.0777757	0.5571685	0.8728453353828223	0.254013457444525	ENSG00000152223.16	EPG5	False
ENST00000590764	52.067047	2.599453	3.6771538	1.0777009	0.17260167	0.8093544299533921	0.7629550065356062	ENSG00000126581.13	BECN1	False
ENST00000683629	13.023315	0.7890842	1.8667245	1.0776403	0.41416335	0.8341336995288618	0.38282833406896866	ENSG00000135931.19	ARMC9	False
ENST00000486715	237.9074	5.096393	6.17398	1.0775871	0.081718676	0.8093544299533921	1.0876786794942215	ENSG00000168827.15	GFM1	False
ENST00000687935	14.36337	1.3671507	2.4444067	1.0772561	0.1676183	0.8093544299533921	0.7756785566760297	ENSG00000107669.19	ATE1	False
ENST00000599806	85.53617	3.4123127	4.4891505	1.0768378	0.22345378	0.8093544299533921	0.6508123039314466	ENSG00000141968.8	VAV1	False
ENST00000439052	95.10146	3.6102822	4.68676	1.0764778	0.21906741	0.8093544299533921	0.659422227042812	ENSG00000140299.14	BNIP2	False
ENST00000592199	54.33023	2.8204012	3.896781	1.0763798	0.3466554	0.81719736681995	0.4601020319657613	ENSG00000008441.19	NFIX	False
ENST00000550097	79.33123	2.4298475	3.5062	1.0763526	0.29140705	0.8109740254625081	0.5354999475026655	ENSG00000185432.12	TMT1A	False
ENST00000493432	60.51878	2.2651317	3.3412566	1.0761249	0.513527	0.8580828823882809	0.28943673752460786	ENSG00000188313.13	PLSCR1	True
ENST00000588488	68.37333	2.9761631	4.052015	1.0758517	0.20802654	0.8093544299533921	0.681881247461666	ENSG00000129657.16	SEC14L1	False
ENST00000372925	52.412987	0.97705764	2.052839	1.0757813	0.5235217	0.8618517854807809	0.2810652943625684	ENSG00000127603.32	MACF1	False
ENST00000678140	53.603504	2.740146	3.8158295	1.0756836	0.10551204	0.8093544299533921	0.9766979888620941	ENSG00000173692.14	PSMD1	True
ENST00000395530	244.55685	4.795796	5.8712487	1.0754528	0.13656814	0.8093544299533921	0.8646505928519801	ENSG00000128487.19	SPECC1	False
ENST00000395863	37.336807	1.9037127	2.9788551	1.0751424	0.19127141	0.8093544299533921	0.7183499420014232	ENSG00000101144.13	BMP7	False
ENST00000220325	96.57147	3.7230198	4.798107	1.0750873	0.026446002	0.8093544299533921	1.5776399800558714	ENSG00000103966.11	EHD4	False
ENST00000479770	31.56022	2.1303806	3.2049296	1.074549	0.08908445	0.8093544299533921	1.0501981143601602	ENSG00000150455.15	TIRAP	False
ENST00000611705	16.073912	1.6218415	2.6962163	1.0743748	0.10793704	0.8093544299533921	0.9668295042056027	ENSG00000068400.14	GRIPAP1	False
ENST00000686425	19.364878	1.4285513	2.5025747	1.0740234	0.053003658	0.8093544299533921	1.275694160121967	ENSG00000090615.16	GOLGA3	False
ENST00000550945	12.153719	0.65842277	1.7323679	1.073945	0.40495077	0.8310603061091208	0.39259777330826084	ENSG00000118308.16	IRAG2	True
ENST00000523120	30.224615	2.4178827	3.4915133	1.0736306	0.01607795	0.8093544299533921	1.793769310141049	ENSG00000091879.14	ANGPT2	False
ENST00000502541	11.790655	1.0685414	2.1420345	1.0734931	0.19088161	0.8093544299533921	0.719235910770417	ENSG00000164292.13	RHOBTB3	False
ENST00000592960	13.726323	1.1791079	2.2523503	1.0732424	0.14157203	0.8093544299533921	0.8490225454610809	ENSG00000123143.13	PKN1	False
ENST00000462519	42.96149	2.468763	3.5417259	1.0729628	0.22375901	0.8093544299533921	0.6502194672833747	ENSG00000206199.11	ANKUB1	False
ENST00000509257	16.26821	1.4082927	2.4809904	1.0726978	0.12265906	0.8093544299533921	0.911300377140554	ENSG00000048162.22	NOP16	False
ENST00000313117	51.211426	2.3323748	3.4047296	1.0723548	0.22208875	0.8093544299533921	0.653473432097565	ENSG00000115875.19	SRSF7	False
ENST00000437680	45.52991	2.8476524	3.919961	1.0723085	0.10611859	0.8093544299533921	0.974208530606235	ENSG00000119812.20	FAM98A	False
ENST00000457085	108.43125	3.949045	5.0208797	1.0718348	0.20089217	0.8093544299533921	0.6970370001951197	ENSG00000102172.16	SMS	False
ENST00000366170	12.599899	1.4310135	2.5026588	1.0716454	0.38791707	0.8256304087777617	0.4112611074063029	ENSG00000189068.11	VSTM1	True
ENST00000376016	115.123085	1.9771942	3.0488021	1.071608	0.6388452	0.9029774419337067	0.19460436034700954	ENSG00000136758.20	YME1L1	False
ENST00000611931	222.99268	4.8897886	5.9613295	1.0715408	0.2513149	0.8093544299533921	0.5997817478354198	ENSG00000271383.9	NBPF19	False
ENST00000483726	184.5059	4.475693	5.5471873	1.0714941	0.30982408	0.8118754707110037	0.5088848322516574	ENSG00000157741.15	UBN2	False
ENST00000377833	33.901665	2.1568358	3.2282705	1.0714347	0.13487938	0.8093544299533921	0.870054437540237	ENSG00000107611.16	CUBN	False
ENST00000455338	44.82536	2.410077	3.481419	1.071342	0.29890773	0.8111088466013822	0.5244628579569336	ENSG00000205531.14	NAP1L4	False
ENST00000450441	11.744914	0.9200304	1.991164	1.0711336	0.06347358	0.8093544299533921	1.1974069906537563	ENSG00000131437.16	KIF3A	False
ENST00000255559	8.499191	1.0356694	2.1062894	1.07062	0.15481894	0.8093544299533921	0.8101759182602436	ENSG00000133195.12	SLC39A11	False
ENST00000360115	45.186073	2.2507503	3.3209176	1.0701673	0.4582027	0.8478742186373767	0.33894236560655533	ENSG00000127603.32	MACF1	False
ENST00000235307	16.37141	1.3155104	2.3855138	1.0700034	0.19070669	0.8093544299533921	0.7196340825792947	ENSG00000116667.15	C1orf21	False
ENST00000336564	140.6186	3.958927	5.028815	1.0698879	0.24993266	0.8093544299533921	0.6021769857759414	ENSG00000124444.16	ZNF576	False
ENST00000612630	107.48167	3.7922556	4.8618097	1.0695541	0.21128245	0.8093544299533921	0.6751365819641186	ENSG00000276043.5	UHRF1	False
ENST00000457688	16.157246	1.4848638	2.554368	1.0695043	0.14299762	0.8093544299533921	0.8446711831509381	ENSG00000155111.15	CDK19	False
ENST00000402580	127.2417	4.114195	5.1829967	1.0688019	0.2588247	0.8093544299533921	0.5869942705031725	ENSG00000196419.13	XRCC6	False
ENST00000698511	20.369568	1.1316794	2.1999319	1.0682524	0.29390472	0.8111088466013822	0.5317934366976772	ENSG00000254206.6	NPIPB11	False
ENST00000393067	282.26544	5.192708	6.260927	1.0682192	0.23040293	0.8093544299533921	0.6375119993937394	ENSG00000110777.12	POU2AF1	True
ENST00000534885	251.16394	4.1840863	5.252036	1.0679498	0.40052432	0.8298121044971967	0.3973711101730961	ENSG00000067182.9	TNFRSF1A	False
ENST00000527432	994.6077	6.8223443	7.8901987	1.0678544	0.21665108	0.8093544299533921	0.664239137590414	ENSG00000119707.14	RBM25	False
ENST00000222122	94.14853	3.5595844	4.627388	1.0678036	0.20573328	0.8093544299533921	0.6866954407214498	ENSG00000105516.11	DBP	False
ENST00000628176	15.935544	1.3817711	2.4493723	1.0676012	0.3980514	0.8298121044971967	0.4000608323632532	ENSG00000169057.26	MECP2	False
ENST00000324350	34.13762	2.0821106	3.1493392	1.0672286	0.1728209	0.8093544299533921	0.7624037477953889	ENSG00000126070.20	AGO3	False
ENST00000354250	58.013927	3.1148803	4.1819344	1.067054	0.21502236	0.8093544299533921	0.6675163852631746	ENSG00000160194.18	NDUFV3	False
ENST00000330701	49.37001	2.477073	3.544099	1.0670261	0.14130202	0.8093544299533921	0.8498516315723096	ENSG00000181638.20	ZFP41	False
ENST00000682856	182.91891	4.3711896	5.437764	1.0665746	0.30333528	0.8118754707110037	0.5180770763946067	ENSG00000274570.6	SPDYE10	False
ENST00000369075	130.525	4.030026	5.096517	1.0664911	0.23308758	0.8093544299533921	0.6324808589566879	ENSG00000107651.15	SEC23IP	False
ENST00000644224	75.09367	3.153143	4.2190595	1.0659165	0.09815612	0.8093544299533921	1.0080826308131574	ENSG00000135917.16	SLC19A3	False
ENST00000652108	36.798187	2.4599755	3.5258276	1.0658522	0.0882093	0.8093544299533921	1.054485618254635	ENSG00000102309.15	PIN4	True
ENST00000454132	21.132875	1.6803886	2.745801	1.0654124	0.11080652	0.8093544299533921	0.9554346949732462	ENSG00000105983.23	LMBR1	True
ENST00000683859	16.8	1.4327625	2.49787	1.0651075	0.16711624	0.8093544299533921	0.7769813451093168	ENSG00000153885.15	KCTD15	False
ENST00000311597	35.8	1.9490887	3.0141644	1.0650758	0.3107284	0.8118754707110037	0.5076190498983018	ENSG00000100427.16	MLC1	False
ENST00000539585	13.8	1.4082484	2.4730914	1.0648429	0.10684869	0.8093544299533921	0.9712308105240736	ENSG00000256188.3	TAS2R30	False
ENST00000591755	9.078531	1.1569535	2.2213657	1.0644122	0.17701703	0.8093544299533921	0.751984942533758	ENSG00000167645.17	YIF1B	False
ENST00000550722	28.28014	1.7403647	2.8047621	1.0643975	0.27754706	0.8093544299533921	0.5566633664431022	ENSG00000173064.14	HECTD4	False
ENST00000477308	128.34152	3.4936006	4.5578847	1.0642841	0.41347173	0.833681742740497	0.38355418030418914	ENSG00000168297.16	PXK	False
ENST00000542869	195.96748	4.3685813	5.432855	1.0642738	0.2592537	0.8093544299533921	0.5862750191558235	ENSG00000101213.7	PTK6	False
ENST00000645929	113.807144	3.565006	4.6291957	1.0641897	0.23247671	0.8093544299533921	0.6336205467401654	ENSG00000100888.15	CHD8	False
ENST00000354445	71.06778	3.413316	4.477374	1.0640581	0.2524235	0.8093544299533921	0.5978702243188584	ENSG00000133321.11	PLAAT4	False
ENST00000513112	59.16393	2.5625937	3.6264806	1.0638869	0.5479141	0.8693177891645862	0.2612875329963057	ENSG00000145817.17	YIPF5	False
ENST00000432372	94.62941	3.1596124	4.223344	1.0637314	0.2180652	0.8093544299533921	0.6614136314526361	ENSG00000099250.18	NRP1	False
ENST00000418110	6.6606903	0.44426203	1.5078814	1.0636194	0.31833565	0.8118754707110037	0.4971147193671022	ENSG00000127947.16	PTPN12	False
ENST00000255305	39.6	2.384547	3.4480228	1.0634758	0.053017024	0.8093544299533921	1.2755846545360474	ENSG00000132953.18	XPO4	False
ENST00000264405	6.8747125	1.0713745	2.1347928	1.0634183	0.12926029	0.8093544299533921	0.8885348851824332	ENSG00000138674.17	SEC31A	False
ENST00000443272	565.7493	6.1389785	7.2023115	1.063333	0.16988933	0.8093544299533921	0.7698338941880677	ENSG00000141905.19	NFIC	False
ENST00000371741	139.97656	4.0437436	5.107016	1.0632725	0.14720978	0.8093544299533921	0.8320633409746861	ENSG00000158445.10	KCNB1	False
ENST00000552599	42.014324	2.097827	3.1609693	1.0631423	0.194483	0.8093544299533921	0.7111183614636024	ENSG00000111596.14	CNOT2	False
ENST00000380469	56.7	2.6129248	3.6758778	1.062953	0.28996494	0.8109740254625081	0.5376545038033677	ENSG00000215305.10	VPS16	False
ENST00000612061	87.91617	3.5591395	4.622075	1.0629356	0.2767013	0.8093544299533921	0.5579887983514941	ENSG00000270276.3	H4C15	False
ENST00000267622	195.94148	4.3805723	5.4430857	1.0625134	0.17725837	0.8093544299533921	0.7513932429669905	ENSG00000100815.12	TRIP11	False
ENST00000518095	20.366894	1.6921452	2.7544513	1.062306	0.16238628	0.8093544299533921	0.7894506582725673	ENSG00000038274.18	MAT2B	False
ENST00000419070	122.96045	4.273211	5.3353767	1.0621657	0.016368482	0.8093544299533921	1.7859915878966457	ENSG00000132305.22	IMMT	False
ENST00000390559	12.005031	1.1850182	2.2471642	1.0621461	0.24870126	0.8093544299533921	0.6043220153338664	ENSG00000211899.10	IGHM	True
ENST00000677992	137.63445	3.902776	4.9644723	1.0616963	0.25901052	0.8093544299533921	0.586682590242393	ENSG00000116539.14	ASH1L	False
ENST00000420267	26.994343	1.1398128	2.2013948	1.061582	0.22901952	0.8093544299533921	0.640127494842936	ENSG00000131368.9	MRPS25	False
ENST00000290349	20.2	1.9423279	3.003881	1.0615531	0.108905844	0.8093544299533921	0.9629488133719492	ENSG00000159228.13	CBR1	False
ENST00000339465	7.02733	0.8934428	1.9548136	1.0613708	0.22676115	0.8093544299533921	0.6444313542058172	ENSG00000188659.10	SAXO2	False
ENST00000368021	9.99481	0.7165313	1.7777996	1.0612683	0.22714981	0.8093544299533921	0.6436876137658979	ENSG00000158773.14	USF1	True
ENST00000458198	96.22035	3.503888	4.565011	1.0611231	0.20968997	0.8093544299533921	0.6784223325279639	ENSG00000237190.4	CDKN2AIPNL	False
ENST00000370128	98.15529	3.7834673	4.844584	1.0611167	0.16647801	0.8093544299533921	0.7786431292521804	ENSG00000137996.13	RTCA	False
ENST00000377798	19.125599	1.5326914	2.5936673	1.0609759	0.1000608	0.8093544299533921	0.9997360368859451	ENSG00000137054.16	POLR1E	False
ENST00000621220	20.479595	1.5720668	2.6328816	1.0608149	0.13201429	0.8093544299533921	0.8793790573214653	ENSG00000078403.17	MLLT10	False
ENST00000544223	46.207115	2.6721442	3.732912	1.0607679	0.19253802	0.8093544299533921	0.715483491889152	ENSG00000111727.12	HCFC2	False
ENST00000297785	30.5	2.25618	3.3169372	1.0607572	0.028189175	0.8093544299533921	1.5499176368501424	ENSG00000165092.13	ALDH1A1	False
ENST00000378586	61.70495	2.7785923	3.8392541	1.0606618	0.3131386	0.8118754707110037	0.5042633886527331	ENSG00000136146.15	MED4	False
ENST00000323492	82.24603	2.534172	3.594801	1.0606289	0.47734204	0.8504371505934152	0.3211703157860608	ENSG00000064012.24	CASP8	False
ENST00000358763	112.0152	3.8414412	4.902049	1.0606079	0.07159914	0.8093544299533921	1.1450921894799102	ENSG00000185666.16	SYN3	False
ENST00000452027	50.92152	2.6005533	3.6610198	1.0604665	0.19419214	0.8093544299533921	0.7117683494099979	ENSG00000154548.9	SRSF12	False
ENST00000310544	94.73388	3.526107	4.5859895	1.0598824	0.18869138	0.8093544299533921	0.7242479447159598	ENSG00000173868.12	PHOSPHO1	False
ENST00000360128	112.453354	3.9251766	4.9846954	1.0595188	0.16601631	0.8093544299533921	0.7798492421289871	ENSG00000198042.11	MAK16	False
ENST00000558791	50.36501	2.809926	3.8693702	1.0594442	0.16153342	0.8093544299533921	0.7917376244975548	ENSG00000137770.14	CTDSPL2	False
ENST00000621208	29.683659	2.390761	3.4500532	1.0592923	0.20740111	0.8093544299533921	0.6831889200133581	ENSG00000172159.16	FRMD3	False
ENST00000714356	20.807003	1.9535494	3.0126045	1.0590551	0.07017997	0.8093544299533921	1.1537868275100998	ENSG00000141510.19	TP53	False
ENST00000638521	78.01395	3.0210912	4.080051	1.0589597	0.26136902	0.8093544299533921	0.5827458909344284	ENSG00000124313.19	IQSEC2	False
ENST00000382487	31.79831	2.0872939	3.1456962	1.0584023	0.2806372	0.8093544299533921	0.5518547541849242	ENSG00000155269.12	GPR78	False
ENST00000505283	59.701397	2.5125496	3.5707526	1.058203	0.26861253	0.8093544299533921	0.5708737264530598	ENSG00000113231.14	PDE8B	False
ENST00000435881	34.088833	0.863125	1.9209452	1.0578201	0.45018467	0.8472032355844986	0.3466092950175058	ENSG00000108788.12	MLX	False
ENST00000584196	102.35548	3.3984334	4.4561796	1.0577462	0.23994517	0.8093544299533921	0.6198879819103037	ENSG00000167524.17	RSKR	False
ENST00000357997	163.36636	4.148811	5.2064886	1.0576777	0.288535	0.8109740254625081	0.5398014999968914	ENSG00000176915.15	ANKLE2	False
ENST00000513272	213.2022	4.6238494	5.681429	1.0575795	0.308104	0.8118754707110037	0.5113026514707913	ENSG00000198498.10	TMA16	True
ENST00000396654	329.21042	5.3342137	6.3917494	1.0575356	0.19628257	0.8093544299533921	0.707118274025577	ENSG00000152056.18	AP1S3	False
ENST00000487803	47.12649	2.5154474	3.5726714	1.057224	0.24820192	0.8093544299533921	0.6051948605112413	ENSG00000214046.9	SMIM7	False
ENST00000497547	18.577724	1.8394197	2.8966117	1.057192	0.13666458	0.8093544299533921	0.8643440153877557	ENSG00000160214.13	RRP1	False
ENST00000515810	30.132038	1.6090523	2.6661453	1.057093	0.27506182	0.8093544299533921	0.5605696940938588	ENSG00000175054.16	ATR	True
ENST00000354593	21.196062	1.6215132	2.6785774	1.0570642	0.16601965	0.8093544299533921	0.7798405104588906	ENSG00000160868.16	CYP3A4	False
ENST00000481490	47.30635	2.7459104	3.8028994	1.056989	0.1649166	0.8093544299533921	0.7827356148744624	ENSG00000265817.4	FSBP	False
ENST00000694897	102.29779	3.6399195	4.696794	1.0568745	0.2469892	0.8093544299533921	0.6073220269147338	ENSG00000174720.18	LARP7	False
ENST00000251102	111.83972	3.6827781	4.73961	1.0568321	0.23186749	0.8093544299533921	0.6347601351405353	ENSG00000070729.14	CNGB1	False
ENST00000697716	11.694048	0.5773641	1.6341653	1.0568012	0.38133392	0.823716002720574	0.418694565102393	ENSG00000132963.9	POMP	True
ENST00000378116	15.6	1.4403042	2.4970996	1.0567955	0.10816912	0.8093544299533921	0.9658966892667322	ENSG00000148468.17	FAM171A1	False
ENST00000318737	33.04251	1.984146	3.040569	1.0564231	0.22337541	0.8093544299533921	0.6509646376569546	ENSG00000165181.17	SHOC1	False
ENST00000296529	16.92078	1.2066075	2.2628386	1.0562311	0.1774737	0.8093544299533921	0.7508660108337464	ENSG00000164124.11	TMEM144	False
ENST00000651701	28.674042	1.9993649	3.0550423	1.0556774	0.36359522	0.8185742609699567	0.4393818378858012	ENSG00000173064.14	HECTD4	False
ENST00000321867	77.9	3.170697	4.226209	1.0555122	0.17957713	0.8093544299533921	0.7457489806267913	ENSG00000177169.10	ULK1	False
ENST00000449912	37.55213	1.9769868	3.0323768	1.05539	0.23163012	0.8093544299533921	0.6352049740172628	ENSG00000119121.23	TRPM6	False
ENST00000679809	115.41775	1.3875046	2.4427412	1.0552366	0.56826276	0.8761634615731728	0.24545080682669282	ENSG00000137509.12	PRCP	False
ENST00000273908	82.47395	3.159517	4.2145057	1.0549886	0.17893353	0.8093544299533921	0.7473082676848339	ENSG00000145284.12	SCD5	False
ENST00000449987	30.13206	2.0811512	3.135911	1.0547597	0.10443122	0.8093544299533921	0.9811696508943121	ENSG00000139746.16	RBM26	False
ENST00000559291	16.254606	1.6425985	2.6972697	1.0546712	0.029146032	0.8093544299533921	1.5354205565358505	ENSG00000128891.17	CCDC32	False
ENST00000610832	25.974691	1.9189795	2.973534	1.0545546	0.09732945	0.8093544299533921	1.01175571902433	ENSG00000136826.15	KLF4	False
ENST00000621467	28.387356	1.9729704	3.0274932	1.0545229	0.09118543	0.8093544299533921	1.0400745581301993	ENSG00000155755.20	TMEM237	False
ENST00000639041	24.484463	1.9399775	2.9944496	1.0544721	0.12825625	0.8093544299533921	0.891921474312469	ENSG00000216937.14	CCDC7	False
ENST00000593280	12.24139	1.3822852	2.4366412	1.054356	0.032820404	0.8093544299533921	1.4838560829505802	ENSG00000141458.13	NPC1	False
ENST00000546946	39.808037	2.3026912	3.3569813	1.05429	0.14479038	0.8093544299533921	0.8392602885082591	ENSG00000091039.17	OSBPL8	False
ENST00000683954	134.99141	3.8692596	4.923435	1.0541756	0.24008693	0.8093544299533921	0.619631485289401	ENSG00000147133.18	TAF1	False
ENST00000379644	304.5383	5.2770247	6.330769	1.0537443	0.1807711	0.8093544299533921	0.7428710051765546	ENSG00000165102.15	HGSNAT	False
ENST00000561114	71.967445	3.1202838	4.173882	1.0535982	0.12455511	0.8093544299533921	0.9046384471418282	ENSG00000128915.12	ICE2	False
ENST00000695616	34.24067	2.237771	3.291072	1.0533009	0.2055209	0.8093544299533921	0.6871440109184573	ENSG00000010671.18	BTK	True
ENST00000521209	9.152746	0.85817933	1.9111394	1.05296	0.10117845	0.8093544299533921	0.9949119678529462	ENSG00000175806.15	MSRA	True
ENST00000699648	33.540203	1.1551636	2.2080424	1.0528787	0.57289225	0.8774993431264995	0.24192705381909857	ENSG00000231925.14	TAPBP	False
ENST00000505453	10.976013	0.7403223	1.7931507	1.0528283	0.21916328	0.8093544299533921	0.6592322011895679	ENSG00000113448.21	PDE4D	False
ENST00000598504	21.35589	1.6964074	2.7489848	1.0525774	0.13247909	0.8093544299533921	0.8778526751352423	ENSG00000105143.13	SLC1A6	False
ENST00000445902	20.119154	1.6860809	2.7384639	1.052383	0.05013332	0.8093544299533921	1.2998735215432162	ENSG00000223501.9	VPS52	False
ENST00000544404	36.117058	0.7706623	1.8229862	1.0523239	0.45056662	0.8472077019271466	0.34624098625949273	ENSG00000162813.18	BPNT1	False
ENST00000498273	10.978816	1.3029146	2.3551662	1.0522516	0.13627316	0.8093544299533921	0.8655896713932999	ENSG00000240563.2	L1TD1	False
ENST00000645681	53.03481	2.7681868	3.820362	1.0521753	0.21458675	0.8093544299533921	0.6683970984073924	ENSG00000156603.20	MED19	False
ENST00000424273	54.134117	2.7355802	3.7875433	1.0519631	0.14446019	0.8093544299533921	0.8402518292095511	ENSG00000188487.12	INSC	False
ENST00000491818	51.50564	2.5862253	3.638188	1.0519626	0.2649028	0.8093544299533921	0.5769134506956676	ENSG00000121864.10	ZNF639	False
ENST00000515682	12.183566	1.1665744	2.2183557	1.0517813	0.089327	0.8093544299533921	1.0490172509200788	ENSG00000125089.18	SH3TC1	False
ENST00000688101	56.06609	2.8543768	3.9059534	1.0515766	0.20171952	0.8093544299533921	0.6952520686023271	ENSG00000147316.15	MCPH1	False
ENST00000258173	112.42476	3.9096975	4.9611835	1.051486	0.05977581	0.8093544299533921	1.223474525203718	ENSG00000205084.12	TMEM231	False
ENST00000222982	13.7	1.5185074	2.569851	1.0513436	0.12063796	0.8093544299533921	0.9185160127403178	ENSG00000106258.16	CYP3A5	False
ENST00000357574	52.299976	3.03949	4.0907936	1.0513036	0.029351706	0.8093544299533921	1.5323666559778262	ENSG00000091157.15	WDR7	False
ENST00000282486	32.1676	1.4736656	2.5248468	1.0511812	0.425755	0.8389266064589959	0.37084024901235424	ENSG00000152601.18	MBNL1	False
ENST00000619301	50.89389	2.8924055	3.9435334	1.0511279	0.20275459	0.8093544299533921	0.6930293119229988	ENSG00000152242.11	ARK2N	False
ENST00000571961	8.92282	0.44386217	1.4947886	1.0509264	0.3182876	0.8118754707110037	0.49718026548113153	ENSG00000234616.9	JRK	False
ENST00000704051	46.233513	1.4340987	2.4849243	1.0508256	0.58058596	0.8802063166690811	0.23613347325185374	ENSG00000165119.22	HNRNPK	False
ENST00000448637	151.60272	4.0423512	5.092973	1.050622	0.25109515	0.8093544299533921	0.6001616827928921	ENSG00000145012.15	LPP	False
ENST00000625998	69.6	3.268603	4.3191566	1.0505536	0.1811943	0.8093544299533921	0.7418554554647632	ENSG00000120685.20	PROSER1	False
ENST00000557227	26.007528	1.5717897	2.62193	1.0501401	0.1529679	0.8093544299533921	0.8153996953202554	ENSG00000100461.18	RBM23	False
ENST00000342628	154.13896	3.952089	5.002223	1.050134	0.30081892	0.8118754707110037	0.521694852082938	ENSG00000111206.13	FOXM1	False
ENST00000253413	429.52304	5.2509074	6.3007135	1.0498061	0.3700271	0.8195203614589401	0.4317664737366714	ENSG00000131100.13	ATP6V1E1	False
ENST00000583037	15.284732	0.937655	1.9872904	1.0496354	0.3390642	0.8169879314926869	0.4697180490189213	ENSG00000178922.18	HYI	False
ENST00000422006	34.025406	1.9067516	2.956164	1.0494123	0.1785901	0.8093544299533921	0.7481426098610566	ENSG00000138385.16	SSB	False
ENST00000420619	33.441975	2.2229898	3.2722385	1.0492487	0.22866628	0.8093544299533921	0.6407978814804736	ENSG00000203985.11	LDLRAD1	False
ENST00000259239	94.8	3.6893263	4.738087	1.0487609	0.22550349	0.8093544299533921	0.6468467335880922	ENSG00000136718.10	IMP4	False
ENST00000242059	8.85532	0.56304604	1.6117661	1.0487201	0.37803945	0.8230751633283137	0.4224628779777124	ENSG00000136193.17	SCRN1	False
ENST00000461065	15.3	1.61267	2.6613474	1.0486774	0.18846309	0.8093544299533921	0.7247736882974375	ENSG00000133612.20	AGAP3	False
ENST00000503816	7.879738	0.49299058	1.5415734	1.0485828	0.3324709	0.8148546909488805	0.4782463689754526	ENSG00000085871.9	MGST2	False
ENST00000524537	23.134228	1.8255829	2.8738751	1.0482923	0.40224344	0.8299279309551659	0.39551103486167605	ENSG00000124357.13	NAGK	False
ENST00000648117	42.43565	1.7432575	2.791463	1.0482054	0.28219083	0.8102309511073448	0.549457103818901	ENSG00000165140.12	FBP1	False
ENST00000695378	5.770579	0.46292388	1.5111067	1.0481828	0.20154566	0.8093544299533921	0.6956265585327976	ENSG00000131368.9	MRPS25	False
ENST00000505907	168.59865	4.1922154	5.2394767	1.0472612	0.20139262	0.8093544299533921	0.6959564464125703	ENSG00000013288.9	MAN2B2	False
ENST00000498077	5.691729	0.7125296	1.7597619	1.0472324	0.40199602	0.8298121044971967	0.39577825044688925	ENSG00000114127.11	XRN1	False
ENST00000219240	143.75609	4.1246676	5.1718593	1.0471916	0.12434345	0.8093544299533921	0.9053770961081935	ENSG00000102967.12	DHODH	False
ENST00000696225	191.9751	4.622499	5.6694117	1.0469127	0.071910635	0.8093544299533921	1.1432068784267932	ENSG00000093072.19	ADA2	False
ENST00000421919	45.760933	2.6845596	3.7314065	1.0468469	0.13506696	0.8093544299533921	0.8694508868019565	ENSG00000137100.16	DCTN3	False
ENST00000682221	20.068497	1.5140492	2.5606863	1.0466372	0.3282951	0.8142173533113395	0.48373558390650634	ENSG00000174891.14	RSRC1	False
ENST00000389534	11.205563	0.66460496	1.7110089	1.0464039	0.24219015	0.8093544299533921	0.6158435195017196	ENSG00000197608.12	ZNF841	False
ENST00000528346	55.08013	2.8851109	3.9314952	1.0463843	0.1511586	0.8093544299533921	0.820567136078813	ENSG00000131871.15	SELENOS	False
ENST00000558207	47.75788	2.3778036	3.424128	1.0463245	0.24945034	0.8093544299533921	0.6030158982729074	ENSG00000157766.19	ACAN	False
ENST00000440899	11.030033	1.1165308	2.1625257	1.0459949	0.056995694	0.8093544299533921	1.2441579569401642	ENSG00000078967.13	UBE2D4	False
ENST00000634963	29.897837	1.7921845	2.838098	1.0459136	0.18354042	0.8093544299533921	0.7362682817956804	ENSG00000165476.14	REEP3	False
ENST00000366649	82.458534	2.9314969	3.9773884	1.0458915	0.3663979	0.8186019133048914	0.4360470389984245	ENSG00000143633.13	C1orf131	False
ENST00000594886	21.992191	1.6029416	2.6487424	1.0458008	0.11187963	0.8093544299533921	0.9512489712786499	ENSG00000213096.11	ZNF254	True
ENST00000229570	4.12439	0.3326293	1.3783963	1.045767	0.29138786	0.8109740254625081	0.5355285520142536	ENSG00000111850.11	SMIM8	False
ENST00000550536	58.49406	2.1799626	3.2255602	1.0455976	0.5197965	0.859630545013045	0.284166656901425	ENSG00000127328.22	RAB3IP	False
ENST00000623326	8.28801	0.5134761	1.5590614	1.0455854	0.092935435	0.8093544299533921	1.0318186617169554	ENSG00000156500.16	PABIR3	False
ENST00000395340	39.880013	2.4774106	3.5229654	1.0455549	0.1347989	0.8093544299533921	0.8703136540392116	ENSG00000101191.17	DIDO1	False
ENST00000443648	18.193232	1.4371485	2.48268	1.0455316	0.10991073	0.8093544299533921	0.9589599212894195	ENSG00000102103.18	PQBP1	False
ENST00000321256	46.960487	1.8835319	2.9289331	1.0454012	0.45312473	0.8472077019271466	0.34378223315945117	ENSG00000114503.11	NCBP2	False
ENST00000378845	16.832493	1.4882485	2.5335867	1.0453383	0.34704942	0.81719736681995	0.4596086831851026	ENSG00000183049.14	CAMK1D	False
ENST00000367048	135.88364	3.8735616	4.9186897	1.0451281	0.26707697	0.8093544299533921	0.573363560888158	ENSG00000120437.9	ACAT2	False
ENST00000261657	20.856121	1.7120562	2.7571688	1.0451126	0.1327724	0.8093544299533921	0.8768921911565345	ENSG00000038532.17	CLEC16A	True
ENST00000482352	47.265755	2.8050182	3.8496456	1.0446274	0.096873224	0.8093544299533921	1.0137962474165025	ENSG00000242485.6	MRPL20	False
ENST00000475042	25.6	1.7204509	2.7650623	1.0446115	0.42437297	0.8384889416362945	0.37225228474766014	ENSG00000114626.18	ABTB1	False
ENST00000379567	24.477442	2.0599906	3.1044962	1.0445056	0.20646872	0.8093544299533921	0.6851457424737035	ENSG00000125843.11	AP5S1	False
ENST00000640586	60.86775	2.7407415	3.7849526	1.0442111	0.20948094	0.8093544299533921	0.678855483278396	ENSG00000138796.18	HADH	False
ENST00000488009	6.8	0.5740769	1.617871	1.0437942	0.17394075	0.8093544299533921	0.759598666713454	ENSG00000102786.15	INTS6	True
ENST00000522782	84.873886	3.4771335	4.5207767	1.0436432	0.22620416	0.8093544299533921	0.6454994184576384	ENSG00000037749.13	MFAP3	False
ENST00000528288	181.1843	4.478581	5.5221443	1.0435634	0.30892044	0.8118754707110037	0.510153350962008	ENSG00000182919.15	C11orf54	False
ENST00000579953	24.036388	1.2850451	2.3285203	1.0434752	0.39476392	0.8290075231731883	0.4036625507360288	ENSG00000198265.12	HELZ	False
ENST00000216366	38.97747	2.1926334	3.2359626	1.0433292	0.16031252	0.8093544299533921	0.7950325631517952	ENSG00000100478.17	AP4S1	False
ENST00000425851	269.82175	4.8396626	5.882944	1.0432816	0.34224704	0.81719736681995	0.46566030043845685	ENSG00000187742.15	SECISBP2	False
ENST00000560223	14.2746935	1.3946046	2.4374816	1.0428771	0.19508198	0.8093544299533921	0.7097828472972104	ENSG00000140368.14	PSTPIP1	False
ENST00000543594	42.711506	2.4966824	3.5393753	1.0426929	0.1105808	0.8093544299533921	0.9563202647572685	ENSG00000149483.13	TMEM138	True
ENST00000622190	18.774094	1.427673	2.470263	1.04259	0.09867607	0.8093544299533921	1.0057881530952841	ENSG00000277363.5	SRCIN1	False
ENST00000381297	36.25	2.6269906	3.6694884	1.0424979	0.12087477	0.8093544299533921	0.9176643393333208	ENSG00000182162.11	P2RY8	False
ENST00000711216	36.25	2.6269906	3.6694884	1.0424979	0.12087477	0.8093544299533921	0.9176643393333208	ENSG00000292333.1	P2RY8	False
ENST00000392020	34.63697	1.9450912	2.987541	1.0424497	0.1824246	0.8093544299533921	0.7389165856979762	ENSG00000085978.22	ATG16L1	False
ENST00000396113	16.055159	1.466699	2.5091066	1.0424076	0.07713091	0.8093544299533921	1.1127715656715091	ENSG00000156170.14	NDUFAF6	False
ENST00000415493	652.90356	6.1549106	7.1972513	1.0423408	0.44124973	0.8446156514523803	0.35531554911698654	ENSG00000173598.14	NUDT4	False
ENST00000299601	95.936966	3.5903635	4.632612	1.0422487	0.22885838	0.8093544299533921	0.6404331777230607	ENSG00000166477.13	LEO1	False
ENST00000534691	15.53544	1.6020702	2.6441708	1.0421005	0.112974346	0.8093544299533921	0.9470201653021711	ENSG00000141279.18	NPEPPS	False
ENST00000256594	88.54306	3.610098	4.6519938	1.0418959	0.06560824	0.8093544299533921	1.1830416080308241	ENSG00000134202.12	GSTM3	False
ENST00000452839	41.466087	2.170161	3.2119894	1.0418284	0.41605496	0.8358506820537708	0.3808492919368192	ENSG00000082258.13	CCNT2	False
ENST00000645860	43.945957	2.1687841	3.2102764	1.0414922	0.33312806	0.8148546909488805	0.4773887779809681	ENSG00000115355.18	CCDC88A	False
ENST00000692915	54.585243	2.6433055	3.6846762	1.0413706	0.19140115	0.8093544299533921	0.7180554485408365	ENSG00000171100.16	MTM1	True
ENST00000256458	46.103695	2.4533653	3.4947	1.0413346	0.23241973	0.8093544299533921	0.6337270090990194	ENSG00000134070.5	IRAK2	False
ENST00000697295	87.95756	2.7508914	3.7920241	1.0411327	0.32663703	0.8142173533113395	0.4859345824281387	ENSG00000104320.15	NBN	False
ENST00000397286	8.04622	0.6779068	1.7190393	1.0411325	0.108344436	0.8093544299533921	0.9651933880856057	ENSG00000131043.13	AAR2	False
ENST00000493196	83.2695	3.3907077	4.431815	1.0411074	0.18563889	0.8093544299533921	0.7313310378153466	ENSG00000156253.7	RWDD2B	False
ENST00000638451	65.21876	2.5710843	3.6117806	1.0406964	0.50685656	0.8558786284660064	0.29511492766316405	ENSG00000121897.15	LIAS	False
ENST00000524226	290.89267	4.9292197	5.9697967	1.0405769	0.365514	0.8185742609699567	0.437095971833306	ENSG00000078674.20	PCM1	False
ENST00000456397	101.420456	3.7446373	4.7851534	1.0405161	0.08959173	0.8093544299533921	1.0477320933678758	ENSG00000169490.17	TM2D2	False
ENST00000528349	24.222757	1.9296755	2.9701862	1.0405108	0.15094553	0.8093544299533921	0.8211797452509098	ENSG00000134339.9	SAA2	False
ENST00000567211	25.104086	1.9872198	3.0276055	1.0403857	0.12191004	0.8093544299533921	0.9139605153314551	ENSG00000159708.18	LRRC36	False
ENST00000428463	65.5942	3.2008612	4.2411823	1.0403211	0.15394242	0.8093544299533921	0.8126416874995251	ENSG00000221994.12	ZNF630	False
ENST00000529308	26.2	1.5233027	2.5635402	1.0402375	0.27479455	0.8093544299533921	0.5609918868647057	ENSG00000118369.13	USP35	False
ENST00000390556	49.9	2.9737365	4.013957	1.0402205	0.23290291	0.8093544299533921	0.6328250771576241	ENSG00000211898.8	IGHD	False
ENST00000294258	16.0	1.2068822	2.246625	1.0397427	0.22542192	0.8093544299533921	0.6470038546873486	ENSG00000162300.13	ZFPL1	False
ENST00000683219	388.45633	5.337656	6.377396	1.0397401	0.38010943	0.8231329589941108	0.42009135673739395	ENSG00000113312.12	TTC1	False
ENST00000524463	472.75552	5.485012	6.5245037	1.0394917	0.39734772	0.8298121044971967	0.4008292763065459	ENSG00000109861.17	CTSC	True
ENST00000437545	17.241428	1.4426236	2.48209	1.0394664	0.061804198	0.8093544299533921	1.2089820267158733	ENSG00000011566.15	MAP4K3	False
ENST00000377284	13.162506	1.482323	2.521593	1.03927	0.07021037	0.8093544299533921	1.1535987541087778	ENSG00000107242.20	PIP5K1B	False
ENST00000548938	37.287834	2.3198185	3.3590813	1.0392628	0.047766004	0.8093544299533921	1.3208810915316138	ENSG00000061273.18	HDAC7	True
ENST00000444614	122.1276	4.038215	5.0772715	1.0390563	0.14088121	0.8093544299533921	0.8511469252144952	ENSG00000151773.13	CCDC122	False
ENST00000377818	23.0	1.5320572	2.5711114	1.0390543	0.18903221	0.8093544299533921	0.7234641838779867	ENSG00000204899.6	MZT1	False
ENST00000396431	14.36879	0.48902225	1.5279884	1.0389662	0.36038658	0.8185482386998197	0.4432313892831199	ENSG00000070882.13	OSBPL3	False
ENST00000680480	12.39697	0.5023982	1.5413	1.0389018	0.35855985	0.8182605935073269	0.4454383462731801	ENSG00000077232.19	DNAJC10	False
ENST00000474378	102.49829	3.5905912	4.629408	1.0388167	0.22190422	0.8093544299533921	0.6538344421473883	ENSG00000090621.15	PABPC4	False
ENST00000284690	24.42196	2.1291049	3.1675663	1.0384614	0.07083048	0.8093544299533921	1.1497798196004667	ENSG00000089876.12	DHX32	False
ENST00000360131	86.31871	1.5018655	2.5403244	1.038459	0.5930297	0.8847708896745496	0.2269235720459506	ENSG00000084693.16	AGBL5	False
ENST00000714217	12.557002	0.85482126	1.8930647	1.0382435	0.25590438	0.8093544299533921	0.5919222866938908	ENSG00000116521.12	SCAMP3	False
ENST00000380535	124.44928	3.8315508	4.869725	1.0381744	0.28391644	0.8103610639894862	0.5468094537157515	ENSG00000161955.17	TNFSF13	False
ENST00000526905	92.239365	3.7134454	4.7512774	1.037832	0.088495426	0.8093544299533921	1.0530791763805163	ENSG00000160710.19	ADAR	False
ENST00000399017	245.63957	5.202843	6.240492	1.0376487	0.03172749	0.8093544299533921	1.4985642966392687	ENSG00000182670.14	TTC3	False
ENST00000278856	21.78381	1.7406353	2.7781696	1.0375344	0.1958959	0.8093544299533921	0.707974663751831	ENSG00000133316.16	WDR74	False
ENST00000682827	107.08333	3.7588816	4.7962885	1.0374069	0.23953198	0.8093544299533921	0.6206364974443004	ENSG00000146872.19	TLK2	False
ENST00000510071	81.29852	2.4597332	3.496973	1.0372398	0.3035245	0.8118754707110037	0.5178062559754504	ENSG00000158987.22	RAPGEF6	False
ENST00000395474	23.246021	1.5597965	2.5967898	1.0369934	0.404467	0.8308305517523963	0.3931169205242863	ENSG00000178252.19	WDR6	False
ENST00000565494	25.781433	2.182947	3.2198844	1.0369375	0.14785436	0.8093544299533921	0.8301658702643461	ENSG00000138629.16	UBL7	True
ENST00000714176	30.265646	1.5241555	2.56105	1.0368944	0.38714376	0.8251442301950499	0.4121277352898619	ENSG00000010704.20	HFE	False
ENST00000373479	131.31396	3.971734	5.0085864	1.0368524	0.22063911	0.8093544299533921	0.6563175037588149	ENSG00000112130.17	RNF8	False
ENST00000399609	22.905716	1.696206	2.7328162	1.0366102	0.1538732	0.8093544299533921	0.8128369997491673	ENSG00000185739.13	SRL	False
ENST00000651259	108.92088	3.5761871	4.612791	1.0366039	0.15511592	0.8093544299533921	0.8093436344769851	ENSG00000204152.14	TIMM23B	False
ENST00000398505	15.495069	1.400525	2.4370255	1.0365006	0.07532	0.8093544299533921	1.1230897003817304	ENSG00000173276.14	ZBTB21	False
ENST00000397145	13.811086	1.2765238	2.3128805	1.0363567	0.026981153	0.8093544299533921	1.5689395018634809	ENSG00000123243.15	ITIH5	False
ENST00000479111	38.11779	2.5409467	3.5770059	1.0360591	0.1396323	0.8093544299533921	0.8550141097178225	ENSG00000162623.16	TYW3	True
ENST00000372450	10.738646	1.0126232	2.048647	1.0360237	0.16591655	0.8093544299533921	0.7801102987841922	ENSG00000198198.17	SZT2	False
ENST00000398934	228.70255	4.0144095	5.050289	1.0358796	0.4937012	0.8537766521893764	0.30653582618534253	ENSG00000157551.19	KCNJ15	False
ENST00000297990	23.724207	1.9331974	2.9690137	1.0358163	0.07528938	0.8093544299533921	1.123266258847481	ENSG00000165271.17	NOL6	False
ENST00000503915	16.1	1.212367	2.2480156	1.0356486	0.14161782	0.8093544299533921	0.8488820962502609	ENSG00000173085.15	COQ2	False
ENST00000221265	139.55489	4.1558795	5.191416	1.0355363	0.2571463	0.8093544299533921	0.589819722111854	ENSG00000006712.15	PAF1	False
ENST00000595224	30.811401	2.2560058	3.2914193	1.0354135	0.11658701	0.8093544299533921	0.9333498243099925	ENSG00000269313.6	MAGIX	False
ENST00000677478	594.5211	2.5326607	3.5679624	1.0353017	0.71399075	0.9257062139447186	0.14630741588430263	ENSG00000070756.17	PABPC1	False
ENST00000338356	18.039436	1.7469624	2.7822497	1.0352873	0.14063658	0.8093544299533921	0.8519017088655856	ENSG00000135678.12	CPM	False
ENST00000650221	114.82845	3.025342	4.0603437	1.0350018	0.56874985	0.876453437893594	0.2450787086707025	ENSG00000133104.14	SPART	False
ENST00000698021	16.287418	1.2175176	2.2523963	1.0348787	0.16240709	0.8093544299533921	0.7893950278082127	ENSG00000108604.18	SMARCD2	False
ENST00000629999	84.828476	3.5502985	4.584929	1.0346305	0.22491269	0.8093544299533921	0.6479860437548487	ENSG00000105671.12	DDX49	False
ENST00000643892	197.78915	4.750927	5.7854977	1.0345707	0.20243374	0.8093544299533921	0.6937171115905206	ENSG00000102974.16	CTCF	False
ENST00000698776	18.9165	0.83604336	1.8702807	1.0342374	0.4546816	0.8473426594424552	0.3422926155439325	ENSG00000173757.11	STAT5B	False
ENST00000684003	9.653351	1.082405	2.1166184	1.0342134	0.073998004	0.8093544299533921	1.130779993477834	ENSG00000188566.15	NDOR1	False
ENST00000328963	160.77446	4.624986	5.6589093	1.0339231	0.032035355	0.8093544299533921	1.4943704654497245	ENSG00000089041.17	P2RX7	False
ENST00000466480	19.1	1.5832566	2.616508	1.0332514	0.12747861	0.8093544299533921	0.8945626654697686	ENSG00000118655.8	DCLRE1B	True
ENST00000259874	62.1	2.9457207	3.9789627	1.033242	0.16183178	0.8093544299533921	0.7909361856038987	ENSG00000137331.12	IER3	False
ENST00000616070	96.49603	3.5045378	4.537743	1.0332053	0.23348789	0.8093544299533921	0.6317356410197722	ENSG00000196684.12	HSH2D	True
ENST00000449302	108.13965	3.6605413	4.69365	1.0331085	0.20053433	0.8093544299533921	0.69781127122236	ENSG00000231256.8	CFAP97D1	False
ENST00000679734	111.63285	3.1321185	4.1651645	1.033046	0.25337377	0.8093544299533921	0.5962383433044953	ENSG00000119922.11	IFIT2	False
ENST00000687817	48.746258	2.8655908	3.8984933	1.0329025	0.04467677	0.8093544299533921	1.3499182372634473	ENSG00000090054.16	SPTLC1	False
ENST00000528841	29.6	1.819066	2.8518105	1.0327444	0.1524904	0.8093544299533921	0.8167574757845907	ENSG00000174672.16	BRSK2	False
ENST00000699431	63.50243	2.887736	3.9202957	1.0325596	0.27457917	0.8093544299533921	0.5613324162660187	ENSG00000116044.17	NFE2L2	False
ENST00000547754	60.88543	2.987416	4.0199513	1.0325353	0.2064432	0.8093544299533921	0.6851994061916661	ENSG00000139354.11	GAS2L3	False
ENST00000377072	7.45336	0.5196619	1.552181	1.0325191	0.3653509	0.8185742609699567	0.4372898160097034	ENSG00000078403.17	MLLT10	False
ENST00000335387	41.8542	2.6001916	3.6326785	1.0324869	0.16380438	0.8093544299533921	0.7856744841981522	ENSG00000056586.16	RC3H2	False
ENST00000642744	17.134375	0.83752394	1.8696861	1.0321622	0.44275117	0.8455557222610633	0.35384028326384104	ENSG00000133657.17	ATP13A3	False
ENST00000588361	91.597374	2.980814	4.012888	1.032074	0.2068566	0.8093544299533921	0.6843306315461687	ENSG00000127663.15	KDM4B	False
ENST00000254942	112.43645	3.8692386	4.900961	1.0317223	0.26917583	0.8093544299533921	0.5699639431602723	ENSG00000132604.11	TERF2	False
ENST00000394775	4.8692336	0.52554554	1.5571272	1.0315816	0.3456473	0.81719736681995	0.46136682463297046	ENSG00000176714.10	CCDC121	False
ENST00000373451	34.51493	2.4400477	3.4714966	1.0314488	0.092363186	0.8093544299533921	1.0345010939793948	ENSG00000137200.13	CMTR1	False
ENST00000397333	80.29586	3.5880773	4.6194773	1.0314	0.16592622	0.8093544299533921	0.780084985600952	ENSG00000185163.10	DDX51	False
ENST00000366118	126.8912	4.0962067	5.1271973	1.0309906	0.19311315	0.8093544299533921	0.7141881560408477	ENSG00000196141.14	SPATS2L	True
ENST00000272647	33.61982	1.7795376	2.810384	1.0308465	0.43206382	0.8415612999809857	0.3644521009890945	ENSG00000144233.12	AMMECR1L	False
ENST00000370613	33.0	2.456014	3.4863758	1.0303619	0.13638104	0.8093544299533921	0.8652459862114688	ENSG00000155256.18	ZFYVE27	False
ENST00000676695	100.67631	3.5767307	4.607017	1.0302863	0.2464206	0.8093544299533921	0.6083229770291643	ENSG00000104218.16	CSPP1	False
ENST00000299106	50.9253	2.528169	3.557917	1.0297482	0.30945763	0.8118754707110037	0.5093988049702259	ENSG00000166086.13	JAM3	False
ENST00000318289	11.661733	1.1021615	2.1315913	1.0294298	0.08225403	0.8093544299533921	1.084842815790629	ENSG00000215845.11	TSTD1	False
ENST00000495414	8.588299	0.87274665	1.9021487	1.029402	0.27755323	0.8093544299533921	0.5566537134209	ENSG00000181744.9	DIPK2A	False
ENST00000532032	44.363487	2.2793348	3.3086212	1.0292864	0.35669583	0.817624798716677	0.4477019668085064	ENSG00000066427.25	ATXN3	False
ENST00000616170	482.37598	3.6450348	4.674256	1.029221	0.66181844	0.9104548772915186	0.17926113331951019	ENSG00000097033.15	SH3GLB1	False
ENST00000698762	43.998478	2.4798915	3.508847	1.0289555	0.28763726	0.8109740254625081	0.5411548515995425	ENSG00000186141.10	POLR3C	False
ENST00000404436	13.730993	1.0472617	2.0762036	1.0289419	0.20166762	0.8093544299533921	0.6953638233142171	ENSG00000133048.13	CHI3L1	False
ENST00000366764	17.49507	1.837317	2.8660283	1.0287113	0.13244203	0.8093544299533921	0.87797417999135	ENSG00000143776.20	CDC42BPA	False
ENST00000359513	167.90276	4.3772206	5.4058986	1.0286779	0.29861793	0.8111088466013822	0.5248841204970026	ENSG00000175224.17	ATG13	False
ENST00000484310	155.78769	3.6041813	4.63272	1.0285387	0.33165538	0.8143884579631726	0.4793129492595725	ENSG00000156171.15	DRAM2	False
ENST00000375846	144.81702	4.14669	5.1752086	1.0285187	0.17017223	0.8093544299533921	0.7691113114569229	ENSG00000213694.7	S1PR3	False
ENST00000566428	221.66985	4.792162	5.82055	1.028388	0.11409279	0.8093544299533921	0.9427418011564341	ENSG00000135709.14	KIAA0513	False
ENST00000602699	9.944479	0.85019904	1.8785833	1.0283842	0.04420938	0.8093544299533921	1.354485578591936	ENSG00000225366.6	CRIPTO3	False
ENST00000356338	106.47884	3.46768	4.4958677	1.0281878	0.24971755	0.8093544299533921	0.6025509372465861	ENSG00000197535.16	MYO5A	False
ENST00000625061	22.126179	1.5690975	2.5971684	1.0280709	0.40336373	0.8303154186824399	0.3943031507975283	ENSG00000067646.12	ZFY	False
ENST00000555053	335.6198	5.3978076	6.4258184	1.0280108	0.19707897	0.8093544299533921	0.7053597094261436	ENSG00000100813.15	ACIN1	False
ENST00000560355	98.7525	3.3076222	4.33544	1.027818	0.22598423	0.8093544299533921	0.6459218652155992	ENSG00000166147.16	FBN1	False
ENST00000380702	45.7	2.8079479	3.835709	1.0277612	0.1693314	0.8093544299533921	0.7712624968752788	ENSG00000065989.16	PDE4A	False
ENST00000461239	42.00358	2.592101	3.619452	1.0273509	0.15310517	0.8093544299533921	0.8150101452750633	ENSG00000093144.19	ECHDC1	False
ENST00000450670	29.354053	2.0584009	3.0854025	1.0270016	0.117763236	0.8093544299533921	0.9289902683147364	ENSG00000132274.17	TRIM22	True
ENST00000512275	60.203583	3.041441	4.0678315	1.0263906	0.24623486	0.8093544299533921	0.6086504559971598	ENSG00000035928.17	RFC1	False
ENST00000699803	49.313713	2.5703204	3.5966873	1.026367	0.10778548	0.8093544299533921	0.9674397470114614	ENSG00000091592.17	NLRP1	False
ENST00000368184	23.47497	2.1303422	3.156651	1.0263088	0.16620539	0.8093544299533921	0.7793548928950583	ENSG00000160856.21	FCRL3	False
ENST00000396213	11.748491	0.5785765	1.6048644	1.0262878	0.38858798	0.8259378738446596	0.41051063571061314	ENSG00000166800.11	LDHAL6A	False
ENST00000446632	4.8018003	0.8138304	1.8400946	1.0262642	0.2618984	0.8093544299533921	0.5818671574298652	ENSG00000091181.20	IL5RA	False
ENST00000703855	20.479094	1.7213901	2.7475278	1.0261377	0.1352299	0.8093544299533921	0.8689272715789019	ENSG00000068400.14	GRIPAP1	False
ENST00000355520	482.57037	5.886273	6.912271	1.0259981	0.26714447	0.8093544299533921	0.573253809174524	ENSG00000079482.14	OPHN1	False
ENST00000538253	7.52506	0.33740127	1.3631532	1.025752	0.31735304	0.8118754707110037	0.4984573371477645	ENSG00000134242.16	PTPN22	False
ENST00000450534	31.391214	2.100468	3.1261964	1.0257285	0.16528739	0.8093544299533921	0.7817602771589651	ENSG00000272410.5	ENSG00000272410	False
ENST00000301810	88.377396	3.1665306	4.1921477	1.0256171	0.27076003	0.8093544299533921	0.5674154471700744	ENSG00000060971.19	ACAA1	False
ENST00000415005	77.34291	3.071812	4.097419	1.0256069	0.28397036	0.8103610639894862	0.5467269941183989	ENSG00000067057.19	PFKP	False
ENST00000284957	48.13081	2.569568	3.5950437	1.0254757	0.28698835	0.8109740254625081	0.5421357360271587	ENSG00000154710.18	RABGEF1	False
ENST00000461647	47.33585	2.9725468	3.9978604	1.0253136	0.07657321	0.8093544299533921	1.115923158098556	ENSG00000168679.18	SLC16A4	False
ENST00000014914	634.2252	6.2302785	7.2554054	1.0251269	0.21384373	0.8093544299533921	0.6699034727020385	ENSG00000013588.10	GPRC5A	False
ENST00000369569	28.06782	1.4135052	2.4386158	1.0251106	0.18150067	0.8093544299533921	0.741121759568057	ENSG00000134262.15	AP4B1	False
ENST00000560770	43.30363	2.685632	3.7105713	1.0249393	0.12444467	0.8093544299533921	0.9050236962077678	ENSG00000166411.14	IDH3A	False
ENST00000401609	1230.9552	6.6713943	7.696092	1.0246978	0.486757	0.8529381765683051	0.3126877851010322	ENSG00000100316.16	RPL3	False
ENST00000398576	501.4074	5.3420677	6.3667493	1.0246816	0.3947719	0.8290075231731883	0.40365376400421693	ENSG00000136167.15	LCP1	False
ENST00000523908	20.388071	1.231217	2.2558846	1.0246676	0.5446975	0.8692662506126195	0.2638445995736396	ENSG00000113282.14	CLINT1	False
ENST00000168216	26.547424	2.1942277	3.2187922	1.0245645	0.10729157	0.8093544299533921	0.9694343923516494	ENSG00000072506.14	HSD17B10	False
ENST00000699314	18.80397	1.4796606	2.504144	1.0244833	0.22468619	0.8093544299533921	0.6484236190808623	ENSG00000162434.14	JAK1	False
ENST00000227349	88.81706	3.241793	4.266239	1.0244462	0.25385824	0.8093544299533921	0.595408737876606	ENSG00000109944.11	JHY	False
ENST00000517392	709.87537	6.4816155	7.506036	1.0244203	0.14800675	0.8093544299533921	0.8297184714471143	ENSG00000183137.16	CEP57L1	False
ENST00000609684	53.87545	2.5978358	3.6222231	1.0243874	0.25905058	0.8093544299533921	0.5866154345702198	ENSG00000272674.4	PCDHB16	False
ENST00000618252	26.977863	2.0208178	3.0451078	1.0242901	0.19698198	0.8093544299533921	0.7055734983962324	ENSG00000086848.15	ALG9	False
ENST00000399604	22.768106	1.8589913	2.883182	1.0241908	0.08116903	0.8093544299533921	1.0906096356329222	ENSG00000180626.10	ZNF594	False
ENST00000507820	30.45776	2.0332732	3.057413	1.0241399	0.17002048	0.8093544299533921	0.7694987723205682	ENSG00000109685.19	NSD2	False
ENST00000397152	5.97341	0.33235556	1.3563433	1.0239878	0.29477948	0.8111088466013822	0.5305027523208732	ENSG00000101363.13	MANBAL	False
ENST00000258416	250.78476	4.5241876	5.5479646	1.023777	0.34248185	0.81719736681995	0.4653624372181591	ENSG00000135930.15	EIF4E2	False
ENST00000359246	18.283726	1.4087492	2.4324117	1.0236624	0.07669478	0.8093544299533921	1.1152341991030166	ENSG00000197724.12	PHF2	False
ENST00000380903	16.0	1.5356507	2.5584276	1.0227768	0.124974385	0.8093544299533921	0.9031789920708398	ENSG00000073169.15	SELENOO	False
ENST00000378595	74.66295	3.4621408	4.484754	1.0226133	0.21913037	0.8093544299533921	0.6592974338298685	ENSG00000072364.13	AFF4	False
ENST00000695006	574.0001	6.116556	7.139137	1.0225806	0.17043331	0.8093544299533921	0.7684455146864904	ENSG00000173230.17	GOLGB1	False
ENST00000394421	267.22217	4.731465	5.7539597	1.0224948	0.35852587	0.8182605935073269	0.4454794989598429	ENSG00000113649.14	TCERG1	False
ENST00000274457	35.80788	2.3489954	3.3713696	1.0223742	0.12891565	0.8093544299533921	0.8896943484393943	ENSG00000145780.8	FEM1C	False
ENST00000595170	14.86671	1.6995178	2.721708	1.0221902	0.049095985	0.8093544299533921	1.3089540264068673	ENSG00000188897.10	ENSG00000188897	True
ENST00000330198	129.17976	4.1749406	5.1962843	1.0213437	0.109164014	0.8093544299533921	0.9619205017197626	ENSG00000185621.11	LMLN	False
ENST00000378409	45.89969	2.473224	3.4945555	1.0213315	0.19782816	0.8093544299533921	0.7037118911343241	ENSG00000159884.12	CCDC107	False
ENST00000683468	93.38243	2.2746813	3.2959633	1.021282	0.5175721	0.8587697515903885	0.28602913844649	ENSG00000149311.22	ATM	False
ENST00000329492	49.64776	3.0159407	4.037145	1.0212045	0.19840007	0.8093544299533921	0.702458189234954	ENSG00000008735.14	MAPK8IP2	False
ENST00000486663	20.501387	1.919024	2.939507	1.020483	0.1544168	0.8093544299533921	0.8113054530098246	ENSG00000157741.15	UBN2	False
ENST00000519293	17.148645	1.2781786	2.2985578	1.0203792	0.2600115	0.8093544299533921	0.5850074530299751	ENSG00000147649.10	MTDH	False
ENST00000331006	141.04704	4.1648607	5.1851974	1.0203366	0.18041101	0.8093544299533921	0.743736959797486	ENSG00000185324.22	CDK10	False
ENST00000698880	37.736073	2.600971	3.6208115	1.0198405	0.32819802	0.8142173533113395	0.48386404905243735	ENSG00000149781.14	FERMT3	False
ENST00000325421	18.300238	1.6068968	2.62657	1.0196732	0.103781044	0.8093544299533921	0.9838819627507375	ENSG00000218891.5	ZNF579	False
ENST00000495268	401.0301	5.4281254	6.447488	1.0193624	0.40053692	0.8298121044971967	0.39735744110010185	ENSG00000095787.26	WAC	False
ENST00000536545	103.82182	3.3726385	4.391781	1.0191424	0.24918011	0.8093544299533921	0.603486629735708	ENSG00000149948.14	HMGA2	False
ENST00000397356	147.91495	4.18993	5.2090683	1.0191383	0.24017456	0.8093544299533921	0.6194729931089543	ENSG00000063854.13	HAGH	False
ENST00000542817	346.60532	5.716604	6.7353516	1.0187473	0.04587366	0.8093544299533921	1.3384366029584736	ENSG00000169246.17	NPIPB3	False
ENST00000421422	36.220627	2.3923326	3.4110558	1.0187232	0.21132301	0.8093544299533921	0.6750532162560242	ENSG00000174306.22	ZHX3	False
ENST00000436461	65.35036	2.6600726	3.6787086	1.018636	0.35920978	0.8183252159569281	0.44465185248253936	ENSG00000122786.20	CALD1	False
ENST00000361368	35.999992	2.165009	3.1835852	1.0185761	0.23258674	0.8093544299533921	0.6334150457568737	ENSG00000198742.10	SMURF1	False
ENST00000576502	93.03886	2.934796	3.9533584	1.0185623	0.3405706	0.81719736681995	0.4677928470145856	ENSG00000072864.16	NDE1	False
ENST00000392502	154.30849	3.8315153	4.8495007	1.0179853	0.37836576	0.8230751633283137	0.4220881773767152	ENSG00000164548.12	TRA2A	False
ENST00000507537	15.270581	1.0810028	2.0989678	1.017965	0.15850833	0.8093544299533921	0.7999479080115119	ENSG00000164024.12	METAP1	False
ENST00000504128	61.132286	1.6421803	2.659719	1.0175387	0.563897	0.8750651242216205	0.2488002053807433	ENSG00000204628.12	RACK1	False
ENST00000517764	3.741982	0.35596585	1.3733797	1.0174139	0.2937233	0.8111088466013822	0.5320616229963064	ENSG00000164951.16	PDP1	False
ENST00000269383	94.76518	3.6335351	4.6508965	1.0173614	0.18376184	0.8093544299533921	0.7357446808024104	ENSG00000141569.12	TRIM65	False
ENST00000361434	75.330734	3.6244638	4.641708	1.0172441	0.054778807	0.8093544299533921	1.2613874313280644	ENSG00000072071.17	ADGRL1	False
ENST00000614368	21.585472	1.4756519	2.4927278	1.0170759	0.11302181	0.8093544299533921	0.9468377291190515	ENSG00000275718.2	CCL15	True
ENST00000689481	22.218487	1.5528064	2.569231	1.0164247	0.2508677	0.8093544299533921	0.6005552611771676	ENSG00000132155.14	RAF1	False
ENST00000274382	50.85424	2.8901186	3.9061658	1.0160472	0.22512046	0.8093544299533921	0.6475850420870422	ENSG00000145721.12	LIX1	False
ENST00000347936	27.091274	1.6714336	2.6874661	1.0160326	0.16041668	0.8093544299533921	0.7947504826191426	ENSG00000110628.16	SLC22A18	False
ENST00000282007	977.13165	7.0823894	8.098407	1.0160174	0.13661304	0.8093544299533921	0.8645078406649661	ENSG00000123200.17	ZC3H13	False
ENST00000442196	349.3776	5.1442056	6.160081	1.0158753	0.4958973	0.8537766521893764	0.30460826234597077	ENSG00000260916.8	CCPG1	False
ENST00000263116	37.98558	2.6995242	3.7152057	1.0156815	0.10091457	0.8093544299533921	0.9960461358547862	ENSG00000100228.14	RAB36	False
ENST00000340625	116.955	3.8689768	4.8842382	1.0152614	0.27900684	0.8093544299533921	0.5543851515075449	ENSG00000173681.17	BCLAF3	False
ENST00000555525	27.47225	1.3394579	2.3546908	1.0152329	0.39844498	0.8298121044971967	0.39963164005401647	ENSG00000011114.15	BTBD7	False
ENST00000588868	75.899	2.3346074	3.3498125	1.0152051	0.5321411	0.865635036834895	0.27397320559731414	ENSG00000126561.18	STAT5A	False
ENST00000264159	95.22305	3.1229908	4.1380625	1.0150716	0.32914343	0.8142173533113395	0.48261480311073596	ENSG00000121988.18	ZRANB3	False
ENST00000262227	49.843147	2.7723835	3.7873816	1.0149982	0.12351536	0.8093544299533921	0.9082790312840547	ENSG00000088756.13	ARHGAP28	False
ENST00000596514	9.766733	1.0693971	2.0843782	1.0149812	0.08499257	0.8093544299533921	1.0706190247733556	ENSG00000167562.14	ZNF701	False
ENST00000543571	61.160156	2.8584569	3.8733206	1.0148637	0.05392973	0.8093544299533921	1.2681717439435392	ENSG00000131023.13	LATS1	False
ENST00000226798	413.82916	5.223933	6.2386694	1.0147362	0.3868542	0.8249689289783401	0.41245268198499724	ENSG00000109536.13	FRG1	False
ENST00000400104	52.72457	2.9849923	3.9996786	1.0146863	0.07970011	0.8093544299533921	1.0985410664352715	ENSG00000154655.16	L3MBTL4	False
ENST00000426923	7.8468447	0.9955115	2.0100045	1.014493	0.13458422	0.8093544299533921	0.8710058637588598	ENSG00000145287.11	PLAC8	False
ENST00000694964	82.951065	3.1143608	4.1287117	1.0143509	0.33861908	0.8165573104081602	0.4702885705028979	ENSG00000151338.21	MIPOL1	False
ENST00000591009	7.8502417	0.81400776	1.828279	1.0142713	0.13073789	0.8093544299533921	0.8835985423055335	ENSG00000127452.9	FBXL12	False
ENST00000567525	27.128138	1.7887963	2.8030665	1.0142702	0.45044965	0.8472077019271466	0.3463537505126623	ENSG00000141012.13	GALNS	False
ENST00000407351	11.206092	0.8511115	1.8652954	1.014184	0.09315956	0.8093544299533921	1.0307725881744016	ENSG00000115970.19	THADA	False
ENST00000562034	33.681698	1.9562163	2.9703622	1.0141459	0.11672162	0.8093544299533921	0.9328486835782571	ENSG00000103528.17	SYT17	False
ENST00000673847	133.06686	4.1863713	5.200336	1.0139647	0.18817994	0.8093544299533921	0.7254266743095762	ENSG00000115415.21	STAT1	False
ENST00000358524	14.026506	1.6991793	2.713142	1.0139626	0.10252925	0.8093544299533921	0.9891522191108502	ENSG00000196844.9	PATE2	False
ENST00000317568	205.7048	4.569077	5.582845	1.0137682	0.3281626	0.8142173533113395	0.4839109021529549	ENSG00000126391.14	FRMD8	False
ENST00000686215	16.410336	1.6380025	2.6516805	1.013678	0.22548954	0.8093544299533921	0.6468735957175236	ENSG00000167216.19	KATNAL2	False
ENST00000305877	104.8	3.859648	4.873109	1.0134609	0.2968134	0.8111088466013822	0.5275164982496734	ENSG00000186716.21	BCR	False
ENST00000440452	16.665592	1.4688374	2.48205	1.0132126	0.3841636	0.8239837764574925	0.41548380073433355	ENSG00000185619.19	PCGF3	False
ENST00000714360	58.390625	2.8192358	3.8324084	1.0131726	0.20454924	0.8093544299533921	0.6892021338423228	ENSG00000196378.14	ZNF34	False
ENST00000394684	19.135664	1.2248608	2.2380097	1.0131489	0.17027192	0.8093544299533921	0.7688569714510075	ENSG00000164023.15	SGMS2	False
ENST00000507277	64.6696	2.9658604	3.9789364	1.0130761	0.47121322	0.8496539504698483	0.32678253238554633	ENSG00000119048.9	UBE2B	False
ENST00000297625	74.05328	3.4336426	4.4462667	1.012624	0.0631145	0.8093544299533921	1.1998708433955259	ENSG00000164976.9	MYORG	False
ENST00000322153	121.497925	3.7782066	4.7907753	1.0125687	0.23852028	0.8093544299533921	0.6224746903675663	ENSG00000096996.16	IL12RB1	False
ENST00000418364	38.70581	2.4960017	3.5083797	1.012378	0.14685863	0.8093544299533921	0.8331005199279959	ENSG00000155749.13	FLACC1	True
ENST00000490507	83.66176	3.4252594	4.4376307	1.0123713	0.23243698	0.8093544299533921	0.6336947669581328	ENSG00000128815.20	WDFY4	True
ENST00000479808	26.134274	1.9264259	2.9387732	1.0123472	0.15908307	0.8093544299533921	0.7983760409971975	ENSG00000102003.12	SYP	False
ENST00000434438	50.643734	2.7657642	3.7780476	1.0122833	0.4426126	0.8455557222610633	0.35397623840391146	ENSG00000127946.17	HIP1	False
ENST00000548449	25.2737	1.6573495	2.6695077	1.0121583	0.20812277	0.8093544299533921	0.6816803921687661	ENSG00000204856.12	FAM216A	True
ENST00000675875	32.450436	2.1697967	3.181948	1.0121512	0.16645023	0.8093544299533921	0.7787155944852593	ENSG00000147224.13	PRPS1	True
ENST00000243806	37.330894	2.2731528	3.2847753	1.0116224	0.12870222	0.8093544299533921	0.8904139506947807	ENSG00000124019.10	FAM124B	False
ENST00000676608	39.429306	2.2848024	3.2963629	1.0115604	0.33072302	0.8142173533113395	0.48053557827814597	ENSG00000099284.15	MACROH2A2	False
ENST00000377086	212.61032	4.2467985	5.258294	1.0114956	0.2667228	0.8093544299533921	0.5739398610505226	ENSG00000054523.20	KIF1B	False
ENST00000610322	20.5	1.8755813	2.8868139	1.0112326	0.07270852	0.8093544299533921	1.1384147114879792	ENSG00000274523.5	RCC1L	False
ENST00000634721	21.648945	1.842621	2.8536828	1.0110618	0.21892256	0.8093544299533921	0.6597094910525978	ENSG00000169519.21	METTL15	True
ENST00000620304	10.659075	1.2224456	2.2332356	1.01079	0.086554475	0.8093544299533921	1.0627104728673291	ENSG00000271605.6	MILR1	True
ENST00000372429	33.9	2.5075855	3.5183492	1.0107636	0.16772243	0.8093544299533921	0.7754088442137662	ENSG00000136878.14	USP20	False
ENST00000409098	84.210075	3.47962	4.4903193	1.0106993	0.17200266	0.8093544299533921	0.7644648411535311	ENSG00000135930.15	EIF4E2	False
ENST00000588844	15.7869005	1.4400028	2.4506936	1.0106908	0.20786938	0.8093544299533921	0.682209477801456	ENSG00000197808.14	ZNF461	True
ENST00000681812	5.7735205	0.26796442	1.2784736	1.0105093	0.2811576	0.8093544299533921	0.5510501527644632	ENSG00000105127.10	AKAP8	False
ENST00000674165	145.06532	4.1798215	5.190274	1.0104523	0.22102405	0.8093544299533921	0.6555604648566009	ENSG00000256053.9	COA8	False
ENST00000651532	225.57205	4.4888983	5.4991884	1.0102901	0.36857074	0.8194459451468774	0.4334791395267879	ENSG00000151466.12	SCLT1	False
ENST00000595101	140.83592	4.126524	5.136731	1.0102072	0.17696938	0.8093544299533921	0.7521018726253091	ENSG00000053501.14	USE1	False
ENST00000578912	63.91456	3.0829744	4.0925174	1.009543	0.26478675	0.8093544299533921	0.5771037507727252	ENSG00000141748.13	ARL5C	True
ENST00000569673	61.764668	3.17639	4.185691	1.009301	0.16162416	0.8093544299533921	0.7914937101325347	ENSG00000205363.7	INSYN1	False
ENST00000681593	141.86285	4.0172696	5.0263734	1.0091038	0.28384915	0.8103610639894862	0.5469124020405716	ENSG00000128487.19	SPECC1	False
ENST00000698635	62.055946	2.1924322	3.2014592	1.009027	0.28043857	0.8093544299533921	0.5521622527318256	ENSG00000015285.12	WAS	False
ENST00000330333	32.343857	2.4731224	3.4819188	1.0087965	0.16035257	0.8093544299533921	0.7949240675825802	ENSG00000182240.16	BACE2	False
ENST00000473341	31.4	2.2442806	3.2528431	1.0085626	0.16870576	0.8093544299533921	0.7728700856640998	ENSG00000059378.13	PARP12	False
ENST00000622639	16.138666	1.2416004	2.2501245	1.0085241	0.28342572	0.8103610639894862	0.5475607436588086	ENSG00000066697.15	MSANTD3	False
ENST00000303459	69.22662	3.0756023	4.0839887	1.0083864	0.21464491	0.8093544299533921	0.6682794079563749	ENSG00000169519.21	METTL15	False
ENST00000366898	66.87248	2.9382799	3.9465733	1.0082934	0.22853318	0.8093544299533921	0.6410507399139243	ENSG00000185345.25	PRKN	False
ENST00000443972	66.068344	3.069892	4.0781612	1.0082693	0.17395169	0.8093544299533921	0.7595713589899595	ENSG00000163075.13	CFAP221	False
ENST00000444724	13.659421	1.083327	2.0914168	1.0080898	0.07363779	0.8093544299533921	1.13289924814839	ENSG00000138380.18	CARF	False
ENST00000438447	13.6	1.5124702	2.5203567	1.0078864	0.12798417	0.8093544299533921	0.8928437567667381	ENSG00000133401.16	PDZD2	False
ENST00000644273	31.752176	2.4746184	3.4823961	1.0077777	0.070792444	0.8093544299533921	1.1500130937561734	ENSG00000106692.15	FKTN	False
ENST00000678301	89.606384	3.6220887	4.6298485	1.0077598	0.26757634	0.8093544299533921	0.5725522960807523	ENSG00000171791.14	BCL2	False
ENST00000426173	76.94844	2.8827274	3.890449	1.0077217	0.31162024	0.8118754707110037	0.5063743486376527	ENSG00000150967.19	ABCB9	False
ENST00000597914	39.342537	2.3945606	3.4021292	1.0075686	0.1428134	0.8093544299533921	0.8452310430690883	ENSG00000090554.13	FLT3LG	False
ENST00000381480	129.3	4.089403	5.096548	1.0071449	0.22793257	0.8093544299533921	0.6421936081785814	ENSG00000205744.10	DENND1C	False
ENST00000569337	18.36745	1.3380381	2.345175	1.007137	0.10829089	0.8093544299533921	0.965408083517807	ENSG00000159459.12	UBR1	False
ENST00000678503	25.264435	2.0444682	3.0512784	1.0068102	0.120355375	0.8093544299533921	0.9195345092197466	ENSG00000099284.15	MACROH2A2	False
ENST00000688976	192.379	4.378451	5.3852367	1.0067859	0.31088993	0.8118754707110037	0.507393345564014	ENSG00000178105.12	DDX10	False
ENST00000512193	21.012989	1.3498365	2.3566103	1.0067738	0.35534263	0.8175932215882654	0.4493526918226966	ENSG00000137601.18	NEK1	False
ENST00000591416	62.60965	2.626518	3.632848	1.00633	0.36595327	0.8185742609699567	0.43657437183143044	ENSG00000141644.19	MBD1	False
ENST00000651213	369.5	5.6672435	6.6733394	1.0060959	0.055463992	0.8093544299533921	1.2559888749871386	ENSG00000100121.14	GGTLC2	False
ENST00000677971	63.029335	2.9374628	3.9434516	1.0059888	0.16059443	0.8093544299533921	0.7942695121216188	ENSG00000072062.16	PRKACA	False
ENST00000688851	110.23567	3.3397896	4.345774	1.0059845	0.4982894	0.8544167770024537	0.3025183458904258	ENSG00000167004.14	PDIA3	False
ENST00000409016	207.94417	4.8376474	5.8433714	1.005724	0.37861547	0.8231180929812905	0.4218016464435691	ENSG00000040933.16	INPP4A	False
ENST00000628452	173.15646	3.6858776	4.6915097	1.0056322	0.41031286	0.8324648546020382	0.38688486991475507	ENSG00000145388.15	METTL14	True
ENST00000681260	22.089458	1.5231572	2.5287616	1.0056044	0.11540159	0.8093544299533921	0.9377882135367168	ENSG00000168214.22	RBPJ	False
ENST00000602593	200.58408	4.573811	5.579094	1.0052829	0.34915859	0.81719736681995	0.45697727510837455	ENSG00000104343.21	UBE2W	False
ENST00000676545	47.084488	2.7726429	3.777693	1.0050502	0.238899	0.8093544299533921	0.6217856546218021	ENSG00000110080.20	ST3GAL4	False
ENST00000588110	40.030663	2.191639	3.1965613	1.0049224	0.26330507	0.8093544299533921	0.5795407816450775	ENSG00000108984.16	MAP2K6	False
ENST00000620308	35.54266	2.4271934	3.431953	1.0047596	0.09990461	0.8093544299533921	1.0004144638004515	ENSG00000187398.12	LUZP2	False
ENST00000595531	97.582565	3.850008	4.854709	1.0047011	0.13801186	0.8093544299533921	0.8600835977649234	ENSG00000135966.14	TGFBRAP1	False
ENST00000635992	33.13156	2.3360987	3.34072	1.0046213	0.19500376	0.8093544299533921	0.7099570083020293	ENSG00000283563.1	ENSG00000283563	False
ENST00000397495	18.637848	1.3781657	2.3827748	1.0046091	0.09252769	0.8093544299533921	1.0337282915772865	ENSG00000100034.14	PPM1F	False
ENST00000456790	112.821815	4.2564235	5.2609267	1.0045033	0.056120582	0.8093544299533921	1.2508778343388076	ENSG00000126005.17	MMP24OS	True
ENST00000310380	38.957573	2.54968	3.5541062	1.0044262	0.111859605	0.8093544299533921	0.9513267196924889	ENSG00000173950.16	XXYLT1	False
ENST00000315323	43.869373	2.7135313	3.7177513	1.00422	0.1336263	0.8093544299533921	0.8741080660472743	ENSG00000180340.7	FZD2	False
ENST00000243498	87.34831	3.8916311	4.8957424	1.0041113	0.0003938231	0.8093544299533921	3.4046988032768364	ENSG00000123737.13	EXOSC9	False
ENST00000397968	120.48849	3.888199	4.892308	1.0041091	0.21390386	0.8093544299533921	0.669781379808076	ENSG00000081138.14	CDH7	False
ENST00000282075	30.582645	1.8621287	2.8657465	1.0036178	0.2654784	0.8093544299533921	0.5759708045650976	ENSG00000152254.11	G6PC2	False
ENST00000514642	152.02939	4.375791	5.3793902	1.0035992	0.12493088	0.8093544299533921	0.9033301975386726	ENSG00000186409.19	CCDC30	True
ENST00000480206	27.627476	1.8773862	2.8808649	1.0034786	0.1189153	0.8093544299533921	0.9247622747766497	ENSG00000106477.20	CEP41	False
ENST00000525815	8.697318	0.9565143	1.9597645	1.0032501	0.05272691	0.8093544299533921	1.2779676832201718	ENSG00000110660.15	SLC35F2	False
ENST00000518445	6.775422	0.95019627	1.9533722	1.003176	0.11318488	0.8093544299533921	0.9462115977691793	ENSG00000197265.9	GTF2E2	False
ENST00000589966	167.88992	4.0679913	5.071122	1.0031309	0.3225254	0.8133917772997165	0.4914360615280942	ENSG00000006638.13	TBXA2R	False
ENST00000382357	9.96675	0.6691601	1.6722584	1.0030982	0.2826133	0.8102614157364052	0.5488073926509223	ENSG00000205927.5	OLIG2	False
ENST00000648326	7.6	0.75483894	1.7578611	1.0030222	0.068730615	0.8093544299533921	1.1628497695145492	ENSG00000145945.7	FAM50B	False
ENST00000564819	68.95036	3.1218884	4.1247044	1.002816	0.24200654	0.8093544299533921	0.6161728969239071	ENSG00000166546.15	BEAN1	True
ENST00000527170	37.14222	2.265298	3.2678595	1.0025616	0.18626563	0.8093544299533921	0.7298672684963805	ENSG00000177030.19	DEAF1	False
ENST00000316754	176.99385	4.4110413	5.4134197	1.0023785	0.24715924	0.8093544299533921	0.6070231442638746	ENSG00000126785.13	RHOJ	False
ENST00000302475	82.25517	3.0720632	4.074398	1.0023348	0.2854354	0.8106393935615843	0.5444921535099836	ENSG00000171444.19	MCC	False
ENST00000680862	12.18593	0.8937735	1.8958356	1.0020621	0.5030166	0.8551707956010974	0.29841769030744353	ENSG00000183486.14	MX2	False
ENST00000693085	109.152725	3.8081381	4.810091	1.0019529	0.46830538	0.8496539504698483	0.3294708537004241	ENSG00000137601.18	NEK1	True
ENST00000650836	7.85213	0.3575143	1.3591645	1.0016502	0.34603572	0.81719736681995	0.4608790696226387	ENSG00000165097.16	KDM1B	False
ENST00000345264	198.6171	2.1515512	3.1531277	1.0015764	0.6752554	0.9142632374641173	0.1705319226213892	ENSG00000148484.18	RSU1	False
ENST00000703898	91.15703	3.436085	4.437542	1.001457	0.18013991	0.8093544299533921	0.744390048553602	ENSG00000033627.18	ATP6V0A1	False
ENST00000686671	154.73605	4.4891667	5.4905906	1.0014238	0.08227738	0.8093544299533921	1.0847195465841701	ENSG00000185960.15	SHOX	False
ENST00000711142	154.73605	4.4891667	5.4905906	1.0014238	0.08227738	0.8093544299533921	1.0847195465841701	ENSG00000292354.1	SHOX	False
ENST00000601993	35.23831	2.2568474	3.258149	1.0013015	0.16078547	0.8093544299533921	0.7937532101484837	ENSG00000160321.16	ZNF208	True
ENST00000614600	281.9554	5.3637333	6.3649483	1.001215	0.18534723	0.8093544299533921	0.7320139018586594	ENSG00000006125.18	AP2B1	False
ENST00000614750	100.84224	3.6334136	4.634489	1.0010755	0.21194647	0.8093544299533921	0.6737738070996138	ENSG00000143862.8	ARL8A	False
ENST00000265742	149.17424	4.3021693	5.303173	1.0010037	0.13294357	0.8093544299533921	0.8763326610735955	ENSG00000001629.10	ANKIB1	False
ENST00000467087	101.02554	3.1091766	4.1094136	1.000237	0.37105143	0.8199748637125035	0.4305658895167081	ENSG00000109689.20	STIM2	False
ENST00000698882	101.02554	3.1091766	4.1094136	1.000237	0.37105143	0.8199748637125035	0.4305658895167081	ENSG00000109689.20	STIM2	False
ENST00000304060	84.89982	3.543443	4.543573	1.0001299	0.20826602	0.8093544299533921	0.6813815827070162	ENSG00000171295.13	ZNF440	False
ENST00000399668	29.483969	1.1308987	2.130936	1.0000372	0.3924428	0.828362224196607	0.40622364247397463	ENSG00000137812.21	KNL1	False
ENST00000380033	55.93995	2.874879	3.8747168	0.9998379	0.27946168	0.8093544299533921	0.5536777316239201	ENSG00000177324.14	BEND2	False
ENST00000307503	83.36724	3.4990501	4.49861	0.9995599	0.2324675	0.8093544299533921	0.6336377504475738	ENSG00000172482.5	AGXT	False
ENST00000715584	170.82191	4.5679083	5.5673904	0.99948215	0.093368515	0.8093544299533921	1.029799546738333	ENSG00000178917.19	ZNF852	False
ENST00000330475	82.6718	3.5058591	4.5052586	0.9993994	0.21557413	0.8093544299533921	0.6664033570832054	ENSG00000185761.11	ADAMTSL5	False
ENST00000277540	109.131226	3.8540325	4.8532667	0.9992342	0.06847732	0.8093544299533921	1.1644532596462924	ENSG00000148399.13	DPH7	False
ENST00000326005	63.501884	2.8058364	3.8049254	0.999089	0.2732484	0.8093544299533921	0.563442365594792	ENSG00000180304.14	OAZ2	True
ENST00000485254	24.858217	1.8959118	2.8949814	0.9990696	0.25232363	0.8093544299533921	0.598042080436718	ENSG00000197959.15	DNM3	False
ENST00000546069	90.96757	3.8690891	4.868134	0.9990449	0.17245938	0.8093544299533921	0.7633131824675582	ENSG00000175899.15	A2M	False
ENST00000372336	55.8	2.1841357	3.1831229	0.9989872	0.26569936	0.8093544299533921	0.5756094969295774	ENSG00000165424.7	ZCCHC24	False
ENST00000284165	17.955416	1.0213858	2.0200813	0.9986955	0.21381569	0.8093544299533921	0.6699604308677273	ENSG00000125952.21	MAX	False
ENST00000222008	60.257393	2.678735	3.677394	0.9986589	0.3009131	0.8118754707110037	0.5215589117333428	ENSG00000105404.11	RABAC1	False
ENST00000402219	183.07655	4.044004	5.042597	0.99859285	0.32832354	0.8142173533113395	0.483697974232129	ENSG00000115904.15	SOS1	False
ENST00000603926	54.54658	2.946516	3.945005	0.9984889	0.14734958	0.8093544299533921	0.8316510944017015	ENSG00000124006.15	OBSL1	False
ENST00000679544	220.71053	4.4603744	5.45875	0.9983754	0.32654724	0.8142173533113395	0.4860539888915766	ENSG00000253710.5	ALG11	False
ENST00000394826	427.2491	5.9076705	6.905949	0.9982786	0.06497895	0.8093544299533921	1.1872273125670676	ENSG00000126653.18	NSRP1	True
ENST00000361534	134.99374	4.0446978	5.042764	0.9980664	0.25481376	0.8093544299533921	0.5937771228197444	ENSG00000205758.12	CRYZL1	False
ENST00000682958	24.98433	2.1997383	3.197372	0.9976337	0.13909449	0.8093544299533921	0.8566900834200458	ENSG00000114124.3	GRK7	False
ENST00000327772	57.41048	3.0869362	4.0843315	0.9973953	0.23854448	0.8093544299533921	0.622430630507937	ENSG00000184752.14	NDUFA12	False
ENST00000338205	135.83864	4.069004	5.066351	0.9973469	0.28355345	0.8103610639894862	0.547365062286362	ENSG00000136813.15	ECPAS	False
ENST00000592764	29.578415	1.9845419	2.9815538	0.9970119	0.18319607	0.8093544299533921	0.7370838524297453	ENSG00000101654.18	RNMT	False
ENST00000518547	39.14306	1.4138598	2.4106994	0.9968395	0.47901052	0.8504371505934152	0.31965494638687497	ENSG00000170873.19	MTSS1	False
ENST00000452345	20.086555	1.8878555	2.884481	0.9966254	0.18668602	0.8093544299533921	0.7288881935483155	ENSG00000067066.17	SP100	False
ENST00000585482	68.30008	3.3599548	4.356413	0.99645805	0.23413666	0.8093544299533921	0.6305305887789282	ENSG00000004139.14	SARM1	False
ENST00000697717	209.95682	2.225979	3.2220414	0.9960623	0.6847062	0.9173021276178854	0.16449573255342426	ENSG00000132963.9	POMP	True
ENST00000462232	1207.6653	7.2504163	8.246447	0.99603033	0.18539567	0.8093544299533921	0.7319004063837592	ENSG00000135899.20	SP110	False
ENST00000555644	17.903692	1.5753585	2.5713246	0.9959661	0.16201499	0.8093544299533921	0.7904447988715304	ENSG00000092020.11	PPP2R3C	False
ENST00000612742	16.402914	1.8766145	2.8724906	0.9958762	0.24316625	0.8093544299533921	0.6140966973498094	ENSG00000123600.21	METTL8	False
ENST00000435274	14.40741	1.2986476	2.294362	0.9957144	0.15749659	0.8093544299533921	0.8027288546075318	ENSG00000117859.19	OSBPL9	False
ENST00000005257	157.12215	4.1995807	5.1952257	0.99564505	0.31086978	0.8118754707110037	0.5074214897397049	ENSG00000006451.8	RALA	False
ENST00000444957	8.5	0.5908817	1.5861081	0.9952264	0.40704563	0.831725697822197	0.3903569006622295	ENSG00000214022.12	REPIN1	False
ENST00000418931	43.51991	2.6942918	3.6893408	0.995049	0.16210833	0.8093544299533921	0.7901946630458094	ENSG00000223865.12	HLA-DPB1	False
ENST00000302060	52.87713	3.10308	4.0980434	0.9949634	0.014404998	0.8093544299533921	1.8414867928303995	ENSG00000170464.10	DNAJC18	False
ENST00000319921	647.92456	6.3966007	7.390953	0.99435234	0.22998033	0.8093544299533921	0.6383092984287756	ENSG00000173821.20	RNF213	False
ENST00000237596	31.329098	2.3014722	3.2956412	0.994169	0.1479663	0.8093544299533921	0.8298371991572856	ENSG00000118762.8	PKD2	False
ENST00000261427	28.309134	1.9946007	2.9884706	0.9938699	0.20663546	0.8093544299533921	0.6847951480985865	ENSG00000078140.14	UBE2K	False
ENST00000253237	88.40154	3.3586729	4.3523083	0.9936354	0.29411805	0.8111088466013822	0.5314783268425785	ENSG00000105447.13	GRWD1	False
ENST00000357003	5.7	0.843916	1.8375006	0.9935846	0.15507534	0.8093544299533921	0.809457253881377	ENSG00000144843.12	ADPRH	False
ENST00000483089	194.5021	4.7138586	5.7074413	0.9935827	0.08540526	0.8093544299533921	1.068515379199315	ENSG00000198556.14	ZNF789	True
ENST00000396222	830.49316	6.199442	7.192882	0.99344015	0.4641677	0.8490460915892519	0.33332507083317053	ENSG00000134333.15	LDHA	False
ENST00000631253	237.61142	4.7502785	5.7436924	0.9934139	0.22277401	0.8093544299533921	0.6521354700874419	ENSG00000177565.19	TBL1XR1	False
ENST00000648440	6.949458	0.71667403	1.7100039	0.9933298	0.39363548	0.8284677692198241	0.40490576195096684	ENSG00000132669.14	RIN2	False
ENST00000380259	102.00014	3.627374	4.6206923	0.9933183	0.24853127	0.8093544299533921	0.6046189660785957	ENSG00000239920.2	ENSG00000239920	True
ENST00000642025	21.122776	1.8209196	2.814073	0.99315345	0.13249972	0.8093544299533921	0.877785024318101	ENSG00000116661.11	FBXO2	False
ENST00000392055	94.9	3.3759842	4.3690805	0.99309635	0.2553654	0.8093544299533921	0.5928379440056492	ENSG00000153823.19	PID1	False
ENST00000528130	25.95844	1.8670921	2.86007	0.99297786	0.20163225	0.8093544299533921	0.6954400113988326	ENSG00000147789.16	ZNF7	False
ENST00000450269	168.16486	4.2148747	5.2077646	0.9928899	0.31698662	0.8118754707110037	0.4989590683743928	ENSG00000222009.9	BTBD19	False
ENST00000392690	21.772444	1.8000437	2.792711	0.9926673	0.18035167	0.8093544299533921	0.7438798209232607	ENSG00000172318.6	B3GALT1	False
ENST00000378330	976.522	6.0207176	7.013082	0.9923644	0.47397113	0.8500118764885034	0.3242481121882889	ENSG00000167522.17	ANKRD11	False
ENST00000287025	4.70762	0.24723029	1.2395223	0.99229205	0.18875436	0.8093544299533921	0.7241029967449076	ENSG00000156469.9	MTERF3	False
ENST00000650978	66.37889	3.140683	4.1329746	0.9922917	0.2060386	0.8093544299533921	0.6860514218730283	ENSG00000138376.11	BARD1	False
ENST00000462328	259.79364	5.4100595	6.402338	0.9922786	0.008834525	0.8093544299533921	2.0538167953862634	ENSG00000124228.15	DDX27	False
ENST00000644123	9.234494	1.212118	2.2040744	0.99195635	0.16667232	0.8093544299533921	0.7781365215174322	ENSG00000111203.13	ITFG2	False
ENST00000280772	12.099001	0.9105506	1.902421	0.9918704	0.2675816	0.8093544299533921	0.572543734465618	ENSG00000151150.22	ANK3	False
ENST00000346141	128.13641	4.0905623	5.0824046	0.99184227	0.18466777	0.8093544299533921	0.733608904392534	ENSG00000108423.15	TUBD1	False
ENST00000450904	15.332364	1.5978551	2.5896587	0.99180365	0.18710154	0.8093544299533921	0.727922631036776	ENSG00000197345.13	MRPL21	False
ENST00000288177	29.768127	2.105563	3.0966387	0.99107575	0.19409241	0.8093544299533921	0.7119914522738404	ENSG00000157429.16	ZNF19	False
ENST00000435680	51.513935	2.190201	3.1812115	0.9910104	0.50680906	0.8558786284660064	0.2951556336246398	ENSG00000166912.17	MTMR10	False
ENST00000490113	39.319275	1.9476625	2.93859	0.9909276	0.45323047	0.8472077019271466	0.34368090046361677	ENSG00000135002.12	RFK	False
ENST00000370033	36.612244	2.4313378	3.422009	0.99067116	0.16670638	0.8093544299533921	0.7780477706113859	ENSG00000120029.13	ARMH3	False
ENST00000425690	193.78423	4.704691	5.6952815	0.9905906	0.13924176	0.8093544299533921	0.856230511488082	ENSG00000073008.16	PVR	False
ENST00000529185	26.805222	1.9639736	2.9541879	0.9902142	0.10173924	0.8093544299533921	0.9925114994960528	ENSG00000166004.15	CEP295	True
ENST00000559759	132.58932	3.9200592	4.910088	0.99002886	0.20648837	0.8093544299533921	0.6851044021101356	ENSG00000100767.17	PAPLN	False
ENST00000326094	29.409708	2.1023548	3.0921655	0.9898107	0.19611424	0.8093544299533921	0.7074908661445517	ENSG00000135070.15	ISCA1	False
ENST00000381980	58.343567	2.756666	3.746461	0.98979497	0.19911551	0.8093544299533921	0.7008948991384367	ENSG00000154274.15	C4orf19	False
ENST00000368035	28.495102	1.9426403	2.93228	0.98963976	0.24165922	0.8093544299533921	0.6167966233666747	ENSG00000122224.18	LY9	False
ENST00000253861	19.506489	1.8716455	2.8612022	0.9895568	0.16271296	0.8093544299533921	0.7885778505319256	ENSG00000131558.15	EXOC4	False
ENST00000506542	46.40077	2.3580546	3.3474913	0.9894366	0.27702817	0.8093544299533921	0.5574760618139185	ENSG00000205572.11	SERF1B	False
ENST00000449733	35.90107	1.9729146	2.9623425	0.9894279	0.4795443	0.8506036878052632	0.31917125613773156	ENSG00000148180.22	GSN	False
ENST00000452357	177.12259	4.7590566	5.748411	0.9893546	0.25799498	0.8093544299533921	0.5883887449846511	ENSG00000089127.15	OAS1	False
ENST00000502717	4.9	0.32789853	1.3172222	0.98932374	0.31946963	0.8120942142150761	0.4955704202547679	ENSG00000113716.13	HMGXB3	False
ENST00000498811	5.6	0.5709337	1.5602368	0.9893031	0.10119189	0.8093544299533921	0.9948542787103196	ENSG00000196597.13	ZNF782	False
ENST00000602117	152.4679	4.361675	5.35037	0.98869514	0.20611466	0.8093544299533921	0.6858911078794795	ENSG00000099785.11	MARCHF2	False
ENST00000371591	217.34387	4.81084	5.7994766	0.9886365	0.07501873	0.8093544299533921	1.1248303138221467	ENSG00000157077.16	ZFYVE9	False
ENST00000341068	81.1	3.5745792	4.56285	0.98827076	0.2472266	0.8093544299533921	0.6069048110022554	ENSG00000153107.13	ANAPC1	False
ENST00000366472	5.5	0.4325571	1.4205683	0.98801124	0.19077611	0.8093544299533921	0.7194760115871546	ENSG00000175137.11	SH3BP5L	False
ENST00000642043	48.17178	3.0896015	4.0775933	0.9879918	0.07304588	0.8093544299533921	1.1364042768740565	ENSG00000188000.6	OR7D2	False
ENST00000239852	29.196651	2.3498073	3.3376136	0.9878063	0.08039482	0.8093544299533921	1.0947719361727857	ENSG00000120662.16	MTRF1	True
ENST00000623535	206.33928	4.878345	5.866131	0.9877858	0.10149325	0.8093544299533921	0.9935628538285584	ENSG00000008086.13	CDKL5	False
ENST00000496948	80.76079	3.248328	4.2359095	0.9875815	0.20511647	0.8093544299533921	0.687999475320065	ENSG00000149488.14	TMC2	False
ENST00000675540	454.9992	3.288709	4.2762403	0.9875314	0.6735837	0.9141900609544965	0.17160843963963945	ENSG00000100697.17	DICER1	False
ENST00000685399	63.459614	2.7631447	3.7506564	0.98751163	0.5341499	0.8659901353727661	0.27233686062723955	ENSG00000181555.22	SETD2	False
ENST00000381930	16.302588	1.194831	2.1822057	0.98737466	0.111901425	0.8093544299533921	0.9511643836255479	ENSG00000109790.18	KLHL5	False
ENST00000369162	60.29328	2.9243736	3.9116578	0.9872842	0.17958416	0.8093544299533921	0.7457319713088705	ENSG00000112249.14	ASCC3	False
ENST00000682447	6.4520235	0.64053583	1.6275296	0.9869938	0.16541208	0.8093544299533921	0.7814327686346679	ENSG00000155052.15	CNTNAP5	False
ENST00000682477	131.38731	3.9782102	4.964647	0.9864366	0.2968432	0.8111088466013822	0.5274728939700876	ENSG00000136492.10	BRIP1	False
ENST00000344838	7.3556113	0.83699846	1.8233902	0.9863918	0.13256516	0.8093544299533921	0.8775706140025935	ENSG00000163576.18	EFHB	False
ENST00000339282	55.37611	3.017193	4.0033712	0.98617816	0.15349433	0.8093544299533921	0.813907667422689	ENSG00000249709.8	ZNF564	False
ENST00000474953	7.480035	0.79965836	1.7857888	0.9861304	0.2529013	0.8093544299533921	0.5970489624622127	ENSG00000054267.22	ARID4B	True
ENST00000276925	16.600971	1.1979803	2.184107	0.9861268	0.15344271	0.8093544299533921	0.8140537380882459	ENSG00000147883.12	CDKN2B	False
ENST00000468695	75.18886	3.3168697	4.302783	0.9859133	0.15728793	0.8093544299533921	0.8033046155706192	ENSG00000176261.16	ZBTB8OS	False
ENST00000393250	191.60684	4.7047596	5.690503	0.9857435	0.17165688	0.8093544299533921	0.7653387934760333	ENSG00000091039.17	OSBPL8	False
ENST00000608606	89.81315	3.6293962	4.614929	0.985533	0.16704711	0.8093544299533921	0.7771610252084875	ENSG00000268279.4	ENSG00000268279	True
ENST00000217270	160.57532	4.3390875	5.32458	0.9854927	0.29045632	0.8109740254625081	0.5369191621291456	ENSG00000101292.8	PROKR2	False
ENST00000405675	14.942049	1.2454687	2.2308724	0.98540366	0.19878978	0.8093544299533921	0.7016059570308076	ENSG00000213923.13	CSNK1E	False
ENST00000541810	10.120882	0.888921	1.8741944	0.98527336	0.31714797	0.8118754707110037	0.4987380638154394	ENSG00000214940.9	NPIPA8	False
ENST00000521933	583.08044	6.5071425	7.492348	0.98520565	0.061839983	0.8093544299533921	1.2087306394109438	ENSG00000147649.10	MTDH	True
ENST00000416230	13.275296	1.0005323	1.9855703	0.98503804	0.22733687	0.8093544299533921	0.6433301263071478	ENSG00000148341.18	SH3GLB2	False
ENST00000359139	27.648798	1.1678878	2.152782	0.98489416	0.5372036	0.866888508743506	0.2698610775870405	ENSG00000100239.16	PPP6R2	False
ENST00000450849	132.43285	3.9775572	4.962204	0.9846468	0.25612617	0.8093544299533921	0.5915460525192945	ENSG00000167654.18	ATCAY	False
ENST00000359326	3.64644	0.16682172	1.151353	0.9845313	0.24852546	0.8093544299533921	0.6046291213860143	ENSG00000000460.17	FIRRM	False
ENST00000533415	12.590277	0.7411445	1.7255237	0.98437923	0.42063642	0.837574130271926	0.3760931321297069	ENSG00000004897.12	CDC27	True
ENST00000424878	41.83417	2.8086903	3.7929804	0.9842901	0.13831902	0.8093544299533921	0.8591181108501452	ENSG00000128284.20	APOL3	False
ENST00000394363	76.90334	3.4146602	4.398782	0.98412156	0.2255531	0.8093544299533921	0.646751208556632	ENSG00000165675.20	ENOX2	False
ENST00000676307	85.74984	2.9960043	3.9801006	0.9840963	0.36312893	0.8185742609699567	0.43993914964868897	ENSG00000102445.20	RUBCNL	False
ENST00000495688	13.283376	1.5857295	2.5698228	0.9840933	0.19291309	0.8093544299533921	0.7146383133251235	ENSG00000143851.16	PTPN7	False
ENST00000470291	23.122131	1.708282	2.692325	0.9840431	0.18690528	0.8093544299533921	0.7283784303689849	ENSG00000157036.13	EXOG	False
ENST00000431657	104.79393	3.2504704	4.234512	0.98404145	0.3894249	0.8260901417221701	0.40957629378749255	ENSG00000179152.20	TCAIM	False
ENST00000223167	43.51719	2.5263486	3.5103729	0.9840243	0.25062314	0.8093544299533921	0.600978838757449	ENSG00000106436.8	MYL10	False
ENST00000504203	118.05266	2.968521	3.9524894	0.98396826	0.60273933	0.8892295509412821	0.21987046602674198	ENSG00000280987.4	MATR3	False
ENST00000368679	7.3850174	0.6770075	1.6609185	0.983911	0.05854359	0.8093544299533921	1.2325206570233558	ENSG00000148848.15	ADAM12	False
ENST00000524821	36.7643	2.6883707	3.6717231	0.9833524	0.005623814	0.8093544299533921	2.2499690372239467	ENSG00000213563.7	C8orf82	False
ENST00000443341	251.59189	4.0660625	5.0492806	0.9832182	0.5103983	0.856842337601094	0.29209075671912543	ENSG00000157551.19	KCNJ15	False
ENST00000651447	60.827583	3.2034693	4.1866646	0.9831953	0.23759662	0.8093544299533921	0.6241597488688915	ENSG00000204677.14	FAM153CP	False
ENST00000590477	6.726757	0.41426775	1.3974166	0.9831488	0.3191856	0.8118754707110037	0.49595669014949245	ENSG00000166377.21	ATP9B	False
ENST00000421689	45.63135	1.424427	2.4074597	0.9830327	0.46451372	0.8492019855291293	0.33300145490269384	ENSG00000153113.24	CAST	False
ENST00000543719	189.95268	3.3570964	4.3400292	0.9829328	0.56513625	0.8755018923501372	0.2478468315537684	ENSG00000060339.14	CCAR1	False
ENST00000371754	349.54974	5.483398	6.466238	0.98284006	0.16721135	0.8093544299533921	0.7767342369682381	ENSG00000124201.15	ZNFX1	False
ENST00000417570	724.84985	5.9800854	6.9628377	0.9827523	0.37087792	0.8199748637125035	0.4307690195180389	ENSG00000187912.12	CLEC17A	False
ENST00000359901	819.11865	6.954782	7.9374094	0.9826274	0.03453531	0.8093544299533921	1.461736626655498	ENSG00000196912.13	ANKRD36B	False
ENST00000489444	17.701693	1.1562636	2.1387348	0.9824712	0.4020678	0.8298121044971967	0.3957006952879897	ENSG00000117226.12	GBP3	False
ENST00000549711	37.10461	2.7692738	3.751316	0.9820423	0.26980788	0.8093544299533921	0.5689453782851087	ENSG00000111300.10	NAA25	False
ENST00000683996	10.1139765	1.2622708	2.2441378	0.98186696	0.06762569	0.8093544299533921	1.1698883129675226	ENSG00000133835.18	HSD17B4	False
ENST00000557835	37.62803	2.3137481	3.2956111	0.981863	0.20149976	0.8093544299533921	0.6957254664717478	ENSG00000166797.12	CIAO2A	True
ENST00000513185	9.6	0.9389251	1.9207137	0.9817886	0.17210864	0.8093544299533921	0.7641973390169066	ENSG00000174136.13	RGMB	False
ENST00000371068	32.56841	2.2275	3.2091925	0.98169255	0.2726627	0.8093544299533921	0.5643742703085464	ENSG00000096093.16	EFHC1	False
ENST00000699328	282.64404	5.0643373	6.04571	0.98137283	0.23618597	0.8093544299533921	0.6267459078866755	ENSG00000116044.17	NFE2L2	False
ENST00000326742	6.6890273	0.97934	1.9606626	0.9813226	0.12537216	0.8093544299533921	0.9017989038619254	ENSG00000171903.17	CYP4F11	False
ENST00000646561	553.5783	6.443979	7.4252825	0.9813037	0.10332955	0.8093544299533921	0.985775475619799	ENSG00000101266.19	CSNK2A1	False
ENST00000616863	13.02397	0.5752479	1.5565286	0.9812807	0.49703246	0.8537766521893764	0.303615244505226	ENSG00000099968.18	BCL2L13	True
ENST00000439741	19.9	1.2882442	2.269309	0.9810648	0.16124757	0.8093544299533921	0.7925068313101361	ENSG00000014914.21	MTMR11	False
ENST00000600480	270.74066	5.554167	6.534916	0.98074913	0.051793702	0.8093544299533921	1.2857230467426428	ENSG00000088247.19	KHSRP	False
ENST00000641319	111.96832	2.450494	3.4312391	0.9807451	0.44690993	0.8459831455694948	0.34977999137671095	ENSG00000131238.18	PPT1	False
ENST00000646199	22.38418	1.7896413	2.7701354	0.98049414	0.15209176	0.8093544299533921	0.8178943245375991	ENSG00000146416.19	AIG1	False
ENST00000264926	17.979404	1.4291358	2.4095404	0.9804046	0.374401	0.8216366408512873	0.42666299633909033	ENSG00000070950.10	RAD18	False
ENST00000393524	83.79963	3.1351204	4.1153545	0.98023415	0.27706587	0.8093544299533921	0.5574169639943461	ENSG00000040199.18	PHLPP2	False
ENST00000352511	54.418182	3.1739185	4.15409	0.98017144	0.09935742	0.8093544299533921	1.0027996998967574	ENSG00000114739.14	ACVR2B	False
ENST00000690793	161.55089	4.317502	5.297425	0.9799228	0.12019336	0.8093544299533921	0.9201195158929028	ENSG00000167283.9	ATP5MG	False
ENST00000465025	11.044001	1.064864	2.043966	0.979102	0.28459254	0.8106393935615843	0.5457764896428704	ENSG00000143774.18	GUK1	False
ENST00000711160	3.4875	0.15833315	1.1373911	0.9790579	0.250967	0.8093544299533921	0.6003833877511282	ENSG00000292348.1	CD99	False
ENST00000381192	3.4875	0.15833315	1.1373911	0.9790579	0.250967	0.8093544299533921	0.6003833877511282	ENSG00000002586.20	CD99	False
ENST00000328697	33.59014	2.5660377	3.5450828	0.97904515	0.18631877	0.8093544299533921	0.7297433913788379	ENSG00000109881.17	CCDC34	False
ENST00000433494	18.319273	1.5468073	2.5257878	0.97898054	0.23060408	0.8093544299533921	0.637133008729821	ENSG00000231738.11	TSPAN19	False
ENST00000594530	9.0	1.1751583	2.1538618	0.9787035	0.11628621	0.8093544299533921	0.9344717811021837	ENSG00000167555.14	ZNF528	True
ENST00000381312	20.842125	1.8833839	2.8617427	0.97835886	0.23559856	0.8093544299533921	0.627827360678326	ENSG00000185736.16	ADARB2	False
ENST00000428304	87.5	3.5425928	4.520833	0.97824025	0.25144368	0.8093544299533921	0.5995592687505019	ENSG00000100439.11	ABHD4	False
ENST00000675736	28.46723	2.0350769	3.0132852	0.9782083	0.18788463	0.8093544299533921	0.7261087489694448	ENSG00000106692.15	FKTN	False
ENST00000453981	195.69179	4.422971	5.4010844	0.97811365	0.29875794	0.8111088466013822	0.5246805430049069	ENSG00000107099.18	DOCK8	False
ENST00000644777	27.65517	1.9652554	2.9433637	0.9781083	0.4497087	0.8470024537044705	0.347068710378157	ENSG00000124570.21	SERPINB6	True
ENST00000647335	35.47413	2.1683433	3.1461575	0.9778142	0.19757645	0.8093544299533921	0.7042648258095316	ENSG00000133835.18	HSD17B4	True
ENST00000414501	74.58327	3.2114084	4.189025	0.97761655	0.25587896	0.8093544299533921	0.5919654313796041	ENSG00000150048.10	CLEC1A	True
ENST00000264705	37.2	2.6092417	3.586772	0.97753024	0.17236637	0.8093544299533921	0.7635474750351812	ENSG00000084774.14	CAD	False
ENST00000272233	14.6	1.4660827	2.4434776	0.97739494	0.07407983	0.8093544299533921	1.130300043623505	ENSG00000143878.10	RHOB	False
ENST00000526457	804.5315	6.5788035	7.5560985	0.9772949	0.23179752	0.8093544299533921	0.6348912217072609	ENSG00000154237.13	LRRK1	False
ENST00000331410	26.740963	1.9731354	2.9496567	0.9765214	0.25013316	0.8093544299533921	0.6018287358960293	ENSG00000198556.14	ZNF789	False
ENST00000318220	13.2154875	1.3944583	2.3708203	0.976362	0.3607728	0.8185742609699567	0.442766226782172	ENSG00000142794.19	NBPF3	False
ENST00000438314	7.021763	0.5768481	1.5528879	0.9760398	0.18061107	0.8093544299533921	0.7432556249141774	ENSG00000138078.16	PREPL	False
ENST00000296721	22.264997	1.6027957	2.5787778	0.97598207	0.14679933	0.8093544299533921	0.8332759385610289	ENSG00000157510.14	AFAP1L1	False
ENST00000597765	17.269566	1.2115756	2.1873934	0.9758178	0.15239304	0.8093544299533921	0.8170348587035627	ENSG00000130513.7	GDF15	False
ENST00000637062	8.35758	0.8495989	1.8253474	0.97574854	0.11068642	0.8093544299533921	0.9559056535134174	ENSG00000140718.22	FTO	True
ENST00000246672	7.7820635	0.9547717	1.9303851	0.9756134	0.19843821	0.8093544299533921	0.702374694165486	ENSG00000126368.6	NR1D1	False
ENST00000555630	104.099144	2.4561756	3.4317412	0.9755657	0.5621394	0.8744884066712214	0.2501559804693991	ENSG00000092020.11	PPP2R3C	False
ENST00000696608	76.14673	3.3833358	4.3588347	0.9754989	0.10278108	0.8093544299533921	0.988086824387488	ENSG00000196660.12	SLC30A10	False
ENST00000290354	7.7	0.91932863	1.8945849	0.97525626	0.05307253	0.8093544299533921	1.2751302024410922	ENSG00000159231.6	CBR3	False
ENST00000706918	327.24036	4.6820016	5.657195	0.9751935	0.4242097	0.8384889416362945	0.3724193908396459	ENSG00000291307.1	POLGARF	False
ENST00000638342	27.111288	1.9762994	2.9514492	0.97514975	0.21154125	0.8093544299533921	0.674604933008776	ENSG00000219545.12	UMAD1	False
ENST00000374112	14.353689	1.248638	2.2235487	0.9749106	0.3032028	0.8118754707110037	0.5182667811031177	ENSG00000178645.14	C10orf53	False
ENST00000468647	15.231255	1.3060803	2.2808604	0.9747801	0.14762378	0.8093544299533921	0.8308436861620423	ENSG00000153303.18	FRMD1	False
ENST00000519096	47.213905	2.547246	3.5215178	0.9742718	0.19173215	0.8093544299533921	0.7173050502503038	ENSG00000120907.18	ADRA1A	False
ENST00000676318	113.2896	3.8116138	4.785514	0.9739001	0.23809044	0.8093544299533921	0.6232580412376538	ENSG00000148356.15	LRSAM1	False
ENST00000329463	822.2555	6.85812	7.832019	0.9738989	0.12842745	0.8093544299533921	0.8913421544276694	ENSG00000174953.14	DHX36	False
ENST00000523645	21.7	1.8979588	2.8717515	0.9737928	0.17260206	0.8093544299533921	0.7629540316979628	ENSG00000104490.18	NCALD	False
ENST00000397893	20.534409	1.776213	2.7497637	0.9735507	0.23026036	0.8093544299533921	0.6377808258433562	ENSG00000184900.16	SUMO3	False
ENST00000683829	8.684216	0.8880965	1.8616173	0.9735208	0.4621845	0.8481416265840513	0.3351846338313403	ENSG00000130640.15	TUBGCP2	True
ENST00000478266	54.59264	2.9793432	3.9528623	0.9735191	0.2109878	0.8093544299533921	0.6757426432846718	ENSG00000198721.13	ECI2	False
ENST00000371942	94.61808	3.4054554	4.3787937	0.97333837	0.29514548	0.8111088466013822	0.5299638607014486	ENSG00000148300.12	REXO4	False
ENST00000595048	9.060687	0.79144603	1.7647829	0.9733369	0.29706278	0.8111088466013822	0.527151752530216	ENSG00000204514.11	ZNF814	True
ENST00000279249	90.848915	3.3014612	4.2747335	0.9732723	0.27507052	0.8093544299533921	0.5605559543038479	ENSG00000149798.5	CDC42EP2	False
ENST00000244576	20.6	1.6253141	2.5984716	0.9731575	0.27039805	0.8093544299533921	0.5679964437950697	ENSG00000124613.9	ZNF391	False
ENST00000634901	24.669537	1.8269521	2.799831	0.9728788	0.27672622	0.8093544299533921	0.5579496953635676	ENSG00000148337.22	CIZ1	False
ENST00000441012	13.019144	1.0775365	2.0503142	0.9727777	0.08419209	0.8093544299533921	1.0747287106997057	ENSG00000025434.19	NR1H3	False
ENST00000464402	114.35355	3.7475064	4.7202826	0.9727762	0.2735565	0.8093544299533921	0.5629529603857066	ENSG00000204120.16	GIGYF2	False
ENST00000375453	25.885548	1.8185692	2.791188	0.9726188	0.17865522	0.8093544299533921	0.747984284930578	ENSG00000159339.13	PADI4	True
ENST00000584788	22.53184	1.1214648	2.0938616	0.97239673	0.34205586	0.81719736681995	0.46590296854933566	ENSG00000176809.11	LRRC37A3	True
ENST00000673291	62.26758	3.3969402	4.3689575	0.9720173	0.041970264	0.8093544299533921	1.37705829727093	ENSG00000004455.18	AK2	False
ENST00000220496	167.9439	4.4999566	5.471871	0.9719143	0.08687242	0.8093544299533921	1.0611180741778543	ENSG00000104129.10	DNAJC17	False
ENST00000705813	226.0383	4.6264443	5.5982103	0.971766	0.2708763	0.8093544299533921	0.5672290099600426	ENSG00000238083.10	LRRC37A2	False
ENST00000558823	42.78936	2.7040184	3.6755583	0.97154	0.1805519	0.8093544299533921	0.7433979334952313	ENSG00000128829.12	EIF2AK4	True
ENST00000336230	27.039288	2.009943	2.9814596	0.9715166	0.23865765	0.8093544299533921	0.622224634013198	ENSG00000116221.15	MRPL37	False
ENST00000649970	55.913532	2.835101	3.8064966	0.97139573	0.1736339	0.8093544299533921	0.7603654717670685	ENSG00000168216.13	LMBRD1	False
ENST00000441258	17.455631	1.3767532	2.3481386	0.97138536	0.1492952	0.8093544299533921	0.825954166900234	ENSG00000068831.19	RASGRP2	True
ENST00000366779	151.42569	4.123102	5.0943136	0.97121143	0.3074978	0.8118754707110037	0.5121579878995245	ENSG00000288674.1	ENSG00000288674	False
ENST00000539397	115.136024	3.4356186	4.406691	0.97107244	0.27489695	0.8093544299533921	0.5608300793991349	ENSG00000135828.11	RNASEL	False
ENST00000559123	28.57404	1.5540553	2.5248523	0.97079694	0.43337288	0.842654100473947	0.36313826483930534	ENSG00000092010.15	PSME1	False
ENST00000507311	55.552197	2.9836009	3.9542642	0.9706633	0.20950325	0.8093544299533921	0.6788092389384264	ENSG00000248771.5	SMIM31	True
ENST00000648870	30.77005	1.8914995	2.8619242	0.97042465	0.18954423	0.8093544299533921	0.7222894299845064	ENSG00000147099.21	HDAC8	False
ENST00000612242	48.141747	2.972083	3.9424565	0.9703734	0.21122696	0.8093544299533921	0.6752506614924318	ENSG00000081019.14	RSBN1	False
ENST00000284637	20.0	1.2650461	2.2349153	0.96986914	0.21686701	0.8093544299533921	0.6638064986755254	ENSG00000154447.15	SH3RF1	False
ENST00000396827	15.850685	1.452	2.421746	0.969746	0.25049025	0.8093544299533921	0.6012091769182649	ENSG00000158691.15	ZSCAN12	False
ENST00000262109	883.66504	6.7977066	7.7672434	0.9695368	0.22342868	0.8093544299533921	0.6508610773505656	ENSG00000104714.14	ERICH1	False
ENST00000294179	27.390463	1.5337421	2.5032165	0.96947443	0.43515357	0.842654100473947	0.36135744543095494	ENSG00000162236.13	STX5	False
ENST00000638627	12.346165	0.75377434	1.7230351	0.96926075	0.42475882	0.8384964729269883	0.3718575925953023	ENSG00000165671.22	NSD1	False
ENST00000550587	67.896904	2.9788482	3.9478817	0.9690335	0.22206268	0.8093544299533921	0.6535244287187852	ENSG00000166153.17	DEPDC4	False
ENST00000269221	50.937893	3.0841198	4.0531306	0.96901083	0.1837131	0.8093544299533921	0.7358598900266465	ENSG00000141452.11	RMC1	False
ENST00000325180	13.1	1.2917815	2.2607005	0.9689189	0.18894857	0.8093544299533921	0.723656386694734	ENSG00000100083.20	GGA1	False
ENST00000394869	14.228714	1.37969	2.3483746	0.96868455	0.15280421	0.8093544299533921	0.8158646778662693	ENSG00000108262.16	GIT1	False
ENST00000355059	114.989845	3.9877243	4.9563556	0.96863127	0.043364286	0.8093544299533921	1.3628677957102058	ENSG00000140398.14	NEIL1	False
ENST00000397098	31.969116	2.3798375	3.3481686	0.9683311	0.07914744	0.8093544299533921	1.1015631102746142	ENSG00000146540.15	C7orf50	False
ENST00000706663	34.938824	2.1784365	3.1464648	0.9680283	0.14781828	0.8093544299533921	0.8302718488384451	ENSG00000267673.7	FDX2	False
ENST00000585229	12.0468855	0.93522835	1.9031631	0.9679347	0.34139726	0.81719736681995	0.46673997430768893	ENSG00000101596.17	SMCHD1	True
ENST00000535224	82.905045	2.7132952	3.681157	0.9678619	0.41658694	0.8361759835082455	0.3802943539765232	ENSG00000166037.11	CEP57	False
ENST00000368336	23.202967	1.2610826	2.2286625	0.96757984	0.5414245	0.8677958347030249	0.266462085543331	ENSG00000132676.16	DAP3	False
ENST00000394809	252.49573	4.9198103	5.887349	0.96753883	0.27787134	0.8093544299533921	0.5561562437904836	ENSG00000140795.13	MYLK3	False
ENST00000597073	137.50296	4.0533614	5.0206656	0.9673042	0.3209415	0.8125420389446386	0.493574111356265	ENSG00000099331.14	MYO9B	False
ENST00000511795	131.38661	4.102303	5.069556	0.9672532	0.3076459	0.8118754707110037	0.5119488865433834	ENSG00000008294.22	SPAG9	False
ENST00000440623	62.809418	2.8002186	3.7674484	0.96722984	0.20335475	0.8093544299533921	0.6917456871275298	ENSG00000138434.17	ITPRID2	True
ENST00000301457	114.61363	3.9348495	4.901968	0.9671185	0.28398308	0.8103610639894862	0.5467075324728764	ENSG00000267855.6	NDUFA7	False
ENST00000688205	65.00924	3.2523432	4.219364	0.967021	0.15107268	0.8093544299533921	0.8208140636906383	ENSG00000115486.13	GGCX	False
ENST00000636556	100.74348	3.7789736	4.7455974	0.9666238	0.19978926	0.8093544299533921	0.6994278707010186	ENSG00000243989.9	ACY1	True
ENST00000295900	77.31447	0.9554849	1.9220995	0.96661454	0.55217487	0.8708522123183917	0.2579233653883343	ENSG00000163635.20	ATXN7	False
ENST00000403581	49.21126	2.5227118	3.4891965	0.9664848	0.27172825	0.8093544299533921	0.5658652123216587	ENSG00000186654.22	PRR5	False
ENST00000439036	7.0712357	0.7306917	1.6970994	0.9664078	0.23266184	0.8093544299533921	0.6332748354631168	ENSG00000137764.20	MAP2K5	True
ENST00000221419	38.52204	2.6578214	3.6234102	0.9655888	0.24444227	0.8093544299533921	0.6118236932917209	ENSG00000104824.18	HNRNPL	False
ENST00000682915	48.953484	2.295476	3.2610373	0.9655614	0.50492024	0.8558786284660064	0.29677721640008864	ENSG00000104133.16	SPG11	False
ENST00000423855	79.82394	3.4823215	4.4478526	0.9655311	0.37617022	0.8226842929596185	0.4246155912264127	ENSG00000185946.16	RNPC3	False
ENST00000678008	47.74813	2.8634522	3.8285787	0.9651265	0.1583799	0.8093544299533921	0.8002999425041599	ENSG00000105723.13	GSK3A	True
ENST00000502805	13.359546	1.1057059	2.070557	0.96485126	0.15425983	0.8093544299533921	0.8117471495736003	ENSG00000138658.16	ZGRF1	True
ENST00000550047	70.25127	3.0922153	4.056982	0.96476674	0.26065755	0.8093544299533921	0.5839296929504302	ENSG00000089060.12	SLC8B1	False
ENST00000495793	113.202415	3.3598814	4.3245654	0.964684	0.3529166	0.8172002775093227	0.4523279154873828	ENSG00000188559.16	RALGAPA2	False
ENST00000407982	78.69008	2.2070456	3.1716652	0.96461964	0.54573274	0.8693177891645862	0.2630199936368903	ENSG00000165209.19	STRBP	False
ENST00000301280	39.15846	2.6716652	3.636113	0.96444774	0.14903265	0.8093544299533921	0.8267185692116189	ENSG00000167670.16	CHAF1A	False
ENST00000678793	39.25899	2.3097339	3.274103	0.96436906	0.14034516	0.8093544299533921	0.8528025718079448	ENSG00000158864.13	NDUFS2	False
ENST00000511600	219.53716	4.8421674	5.8065176	0.9643502	0.17130573	0.8093544299533921	0.7662281077086737	ENSG00000063978.17	RNF4	False
ENST00000647531	12.060316	0.8210018	1.7850093	0.96400744	0.24266773	0.8093544299533921	0.614987964116093	ENSG00000152939.17	MARVELD2	False
ENST00000680880	34.184044	2.2492883	3.2130888	0.96380043	0.088322274	0.8093544299533921	1.0539297559537013	ENSG00000101160.15	CTSZ	False
ENST00000541428	9.7840605	0.9739732	1.9376628	0.9636896	0.3617379	0.8185742609699567	0.44160597863360357	ENSG00000198363.18	ASPH	False
ENST00000399838	26.1	1.7608339	2.7243743	0.96354043	0.2194067	0.8093544299533921	0.6587501260849317	ENSG00000125877.13	ITPA	False
ENST00000261778	29.157959	2.2231667	3.1865292	0.96336246	0.09855918	0.8093544299533921	1.0063029254377573	ENSG00000103047.8	TANGO6	False
ENST00000381769	25.8	1.8213533	2.7847128	0.9633595	0.124993525	0.8093544299533921	0.9031124824810133	ENSG00000004660.15	CAMKK1	False
ENST00000517597	16.650482	0.69725615	1.6603965	0.9631403	0.44689488	0.8459831455694948	0.3497946169568541	ENSG00000104325.7	DECR1	False
ENST00000635415	1286.7389	7.3692646	8.332174	0.9629097	0.19093585	0.8093544299533921	0.7191125207540069	ENSG00000120690.16	ELF1	False
ENST00000637626	9.378681	1.3583044	2.320933	0.9626287	0.17110118	0.8093544299533921	0.7667469884836653	ENSG00000165195.16	PIGA	False
ENST00000475276	15.104086	1.4006019	2.3629208	0.9623189	0.17356864	0.8093544299533921	0.7605287490039896	ENSG00000090266.13	NDUFB2	False
ENST00000341657	141.9	4.1768727	5.139138	0.9622655	0.32366744	0.8142173533113395	0.4899009914002444	ENSG00000185722.18	ANKFY1	False
ENST00000279247	26.297878	1.976487	2.938478	0.96199095	0.2458568	0.8093544299533921	0.6093177636053742	ENSG00000014216.16	CAPN1	False
ENST00000601460	33.526627	1.7827665	2.7446098	0.9618434	0.20647517	0.8093544299533921	0.6851321708666417	ENSG00000165630.15	PRPF18	False
ENST00000225298	46.50058	2.961366	3.923173	0.961807	0.18169035	0.8093544299533921	0.7406681380583936	ENSG00000011260.14	UTP18	False
ENST00000378198	35.446762	1.7294483	2.6912453	0.961797	0.43893698	0.843416202945035	0.35759783014585556	ENSG00000111802.14	TDP2	False
ENST00000558726	26.5	1.947081	2.9086728	0.96159184	0.11661477	0.8093544299533921	0.9332464532800936	ENSG00000188869.13	TMC3	False
ENST00000375119	85.62195	3.2488773	4.210191	0.9613135	0.24728352	0.8093544299533921	0.6068048288213173	ENSG00000136932.15	TRMO	False
ENST00000528020	71.877335	3.3522537	4.3134584	0.96120477	0.24113095	0.8093544299533921	0.6177470463125382	ENSG00000109861.17	CTSC	False
ENST00000278935	46.77365	2.55786	3.5189934	0.9611335	0.19950938	0.8093544299533921	0.700036676104093	ENSG00000110274.16	CEP164	False
ENST00000455404	9.6339445	1.095031	2.056139	0.96110797	0.15083557	0.8093544299533921	0.8214962206146594	ENSG00000101972.20	STAG2	False
ENST00000336139	27.7	2.1615884	3.1223414	0.96075296	0.13133486	0.8093544299533921	0.8816199972483385	ENSG00000166261.11	ZNF202	False
ENST00000619049	515.42694	6.1312127	7.0918875	0.96067476	0.053234693	0.8093544299533921	1.2738052488789333	ENSG00000101040.20	ZMYND8	False
ENST00000703109	7.650449	0.61709666	1.577708	0.96061134	0.39288995	0.8283759992706762	0.4057290838095908	ENSG00000103051.21	COG4	False
ENST00000601387	11.613488	1.2934885	2.2538679	0.96037936	0.24896768	0.8093544299533921	0.603857032252175	ENSG00000130755.13	GMFG	True
ENST00000310442	160.1489	4.6631517	5.623222	0.96007013	0.019718615	0.8093544299533921	1.7051235849368747	ENSG00000174165.8	ZDHHC24	False
ENST00000247087	139.2	4.036964	4.9968743	0.9599104	0.24759403	0.8093544299533921	0.606259833517006	ENSG00000126705.15	AHDC1	False
ENST00000397708	179.19974	4.824531	5.78434	0.9598088	0.028883077	0.8093544299533921	1.5393565388855563	ENSG00000160294.11	MCM3AP	False
ENST00000589940	53.60572	2.874315	3.833935	0.95962	0.19673815	0.8093544299533921	0.7061114085969629	ENSG00000154832.16	CXXC1	False
ENST00000620233	24.22023	1.9802052	2.9397335	0.9595283	0.13263349	0.8093544299533921	0.8773467948876449	ENSG00000277161.2	PIGW	False
ENST00000699060	11.31162	1.1676878	2.1271842	0.9594964	0.09052641	0.8093544299533921	1.0432247047283123	ENSG00000184979.12	USP18	False
ENST00000369763	7.795999	0.71780133	1.6772957	0.95949435	0.22092843	0.8093544299533921	0.6557483925955869	ENSG00000121931.16	LRIF1	False
ENST00000566289	33.02191	2.0393622	2.9987352	0.959373	0.21900472	0.8093544299533921	0.6595465242326972	ENSG00000188266.14	HYKK	False
ENST00000684504	66.29364	3.2648442	4.224217	0.95937276	0.060635433	0.8093544299533921	1.2172735196269773	ENSG00000164022.18	AIMP1	False
ENST00000402412	345.2281	5.2047906	6.1640143	0.95922375	0.4229816	0.8383020471972034	0.3736785345664634	ENSG00000179912.21	R3HDM2	False
ENST00000447750	55.6	2.9740486	3.9332676	0.959219	0.18995574	0.8093544299533921	0.7213475759208012	ENSG00000203879.12	GDI1	False
ENST00000444991	802.42	6.4987082	7.457628	0.9589195	0.22100842	0.8093544299533921	0.6555911802254301	ENSG00000198453.15	ZNF568	False
ENST00000643759	12.127483	1.3377433	2.2964108	0.9586675	0.23352443	0.8093544299533921	0.6316676852161656	ENSG00000163554.15	SPTA1	False
ENST00000407417	13.395193	1.1647445	2.1232734	0.9585289	0.11283696	0.8093544299533921	0.9475486345474283	ENSG00000162599.18	NFIA	False
ENST00000005178	176.9	4.4918857	5.450412	0.95852613	0.12085156	0.8093544299533921	0.9177477340457408	ENSG00000004799.8	PDK4	False
ENST00000540845	22.2	1.7593168	2.7178187	0.95850194	0.18347865	0.8093544299533921	0.7364144558610644	ENSG00000172059.11	KLF11	False
ENST00000713791	173.92046	4.209207	5.1675906	0.95838356	0.32251838	0.8133917772997165	0.49144553234017807	ENSG00000221838.12	AP4M1	False
ENST00000402418	94.26364	3.6747973	4.6330037	0.9582064	0.15298645	0.8093544299533921	0.8153470272827079	ENSG00000125454.12	SLC25A19	False
ENST00000540689	45.213905	2.3838456	3.3420281	0.9581826	0.2188256	0.8093544299533921	0.659901884782868	ENSG00000160961.12	ZNF333	False
ENST00000491064	111.93307	3.5684793	4.526134	0.9576547	0.29291937	0.8111088466013822	0.5332519122282711	ENSG00000144579.9	CTDSP1	False
ENST00000575779	17.306622	1.6177112	2.5752976	0.9575864	0.0840827	0.8093544299533921	1.075293349408103	ENSG00000180626.10	ZNF594	False
ENST00000261406	46.676537	2.6927347	3.650126	0.95739126	0.22743912	0.8093544299533921	0.64313483288589	ENSG00000290146.1	ENSG00000290146	False
ENST00000685503	104.90379	3.8466737	4.8039904	0.95731664	0.16185506	0.8093544299533921	0.7908737272679043	ENSG00000064313.13	TAF2	False
ENST00000234961	315.61444	5.142957	6.1000357	0.95707846	0.2402221	0.8093544299533921	0.619387047216316	ENSG00000116329.12	OPRD1	False
ENST00000593495	56.607414	2.8568592	3.8137708	0.95691156	0.1651566	0.8093544299533921	0.7821040587989585	ENSG00000286019.2	NOTCH2NLB	True
ENST00000254231	29.99208	1.6582503	2.6151214	0.95687103	0.17899673	0.8093544299533921	0.7471549104450292	ENSG00000131914.11	LIN28A	False
ENST00000445065	21.6	1.3582994	2.315123	0.9568237	0.38392004	0.823963789252834	0.4157592136339238	ENSG00000142892.15	PIGK	False
ENST00000476808	33.252907	2.1924617	3.1492703	0.95680857	0.26221618	0.8093544299533921	0.5813405128274851	ENSG00000114796.16	KLHL24	False
ENST00000307216	88.46312	3.6683683	4.624705	0.9563365	0.18371692	0.8093544299533921	0.7358508370185062	ENSG00000103978.17	TMEM87A	False
ENST00000258080	16.200516	1.0033387	1.9592576	0.9559189	0.38904658	0.8259378738446596	0.4099983985407918	ENSG00000115317.13	HTRA2	False
ENST00000309166	43.18059	2.6851032	3.640946	0.95584273	0.09140308	0.8093544299533921	1.0390391600787623	ENSG00000175352.12	NRIP3	False
ENST00000513654	49.06762	2.9180555	3.8738627	0.9558072	0.14962028	0.8093544299533921	0.8250095378100114	ENSG00000123737.13	EXOSC9	False
ENST00000300278	3249.268	8.788518	9.744279	0.95576096	0.15773423	0.8093544299533921	0.8020740494944858	ENSG00000159140.23	SON	False
ENST00000526010	11.2	1.2175031	2.1730158	0.95551276	0.16354017	0.8093544299533921	0.7863755562056531	ENSG00000174080.12	CTSF	False
ENST00000257570	64.70497	3.4263432	4.3817797	0.95543647	0.15351006	0.8093544299533921	0.813863147566832	ENSG00000135114.14	OASL	False
ENST00000533797	12.276535	1.3518239	2.3072388	0.9554149	0.109075144	0.8093544299533921	0.9622742052547791	ENSG00000165323.16	FAT3	False
ENST00000582117	223.08833	4.384085	5.339224	0.9551387	0.37731564	0.8228844517340773	0.4232951920952183	ENSG00000185158.13	LRRC37B	False
ENST00000360280	103.9459	3.7077076	4.662573	0.9548652	0.34108686	0.81719736681995	0.4671350052991905	ENSG00000197969.14	VPS13A	False
ENST00000465784	15.527392	1.0141476	1.9687536	0.95460594	0.25540295	0.8093544299533921	0.5927740866427318	ENSG00000095383.20	TBC1D2	False
ENST00000579761	40.943523	2.6399727	3.5944114	0.9544387	0.1689913	0.8093544299533921	0.772135659600718	ENSG00000125445.11	MRPS7	False
ENST00000602389	389.9297	5.37635	6.3306103	0.95426035	0.44685057	0.8459831455694948	0.34983768563466694	ENSG00000148484.18	RSU1	False
ENST00000372514	21.3	1.5319191	2.486134	0.95421493	0.31664118	0.8118754707110037	0.49943260234423004	ENSG00000164010.15	ERMAP	False
ENST00000343629	166.85425	4.4796896	5.433659	0.9539695	0.22079985	0.8093544299533921	0.6560012290536306	ENSG00000140950.16	MEAK7	False
ENST00000391709	317.1221	5.127113	6.0810122	0.9538994	0.15796037	0.8093544299533921	0.8014518571573096	ENSG00000197016.12	ZNF470	False
ENST00000297668	353.38858	4.9749203	5.9287004	0.9537802	0.25658163	0.8093544299533921	0.5907744329765752	ENSG00000106714.18	CNTNAP3	False
ENST00000685267	23.8909	1.8697128	2.8234391	0.9537263	0.22210817	0.8093544299533921	0.6534354653593017	ENSG00000186184.20	POLR1D	False
ENST00000414009	87.24288	2.7618973	3.7156062	0.9537089	0.4881098	0.8529381765683051	0.3114824751866143	ENSG00000107521.21	HPS1	False
ENST00000367063	20.468021	0.6486184	1.6020554	0.95343703	0.43599692	0.842654100473947	0.36051657882321225	ENSG00000196352.18	CD55	False
ENST00000355076	22.922544	2.0126488	2.9660313	0.9533825	0.075007044	0.8093544299533921	1.1248979508660892	ENSG00000168301.13	KCTD6	False
ENST00000209875	439.93683	5.8162208	6.7696033	0.9533825	0.08719072	0.8093544299533921	1.0595297486802802	ENSG00000094916.16	CBX5	False
ENST00000358344	95.68172	3.3681872	4.321457	0.9532697	0.24082038	0.8093544299533921	0.6183067661402339	ENSG00000197451.12	HNRNPAB	True
ENST00000397886	184.16125	4.182908	5.1361265	0.95321846	0.37192374	0.8205267334844837	0.42954609415068246	ENSG00000183255.12	PTTG1IP	False
ENST00000312635	62.747803	2.2847435	3.237615	0.95287156	0.3294688	0.8142173533113395	0.4821857234035276	ENSG00000135655.16	USP15	True
ENST00000216122	108.1	3.986903	4.9397182	0.9528153	0.06295383	0.8093544299533921	1.2009778446609163	ENSG00000100297.16	MCM5	False
ENST00000366137	15.582537	1.512227	2.4650178	0.95279074	0.22295314	0.8093544299533921	0.651786405375176	ENSG00000085760.15	MTIF2	False
ENST00000420266	246.85226	1.2550803	2.2075477	0.9524673	0.60264736	0.8891590970540344	0.21993673861670185	ENSG00000095787.26	WAC	False
ENST00000591814	163.18982	4.6262746	5.5787	0.9524255	0.09676655	0.8093544299533921	1.0142747587931158	ENSG00000131196.18	NFATC1	False
ENST00000486585	51.346703	2.7559526	3.708343	0.95239043	0.20405194	0.8093544299533921	0.6902592683909142	ENSG00000120265.21	PCMT1	True
ENST00000306031	26.336618	2.1517956	3.1040037	0.95220804	0.16391203	0.8093544299533921	0.7853891761755994	ENSG00000188641.14	DPYD	False
ENST00000699037	28.695232	1.9062089	2.8583536	0.95214474	0.45378104	0.8472077019271466	0.34315365529329955	ENSG00000077097.17	TOP2B	False
ENST00000511320	101.80984	3.8763855	4.8285265	0.95214105	0.03487564	0.8093544299533921	1.4574778290980772	ENSG00000087206.17	UIMC1	False
ENST00000600687	13.6	1.4338444	2.3858411	0.9519967	0.15747069	0.8093544299533921	0.8028002744289916	ENSG00000178150.10	ZNF114	False
ENST00000532536	66.76705	2.9990761	3.951015	0.95193887	0.28766358	0.8109740254625081	0.5411151205434506	ENSG00000179526.17	SHARPIN	False
ENST00000258662	46.747784	2.6933043	3.6451848	0.95188046	0.19006437	0.8093544299533921	0.7210992881218845	ENSG00000136159.4	NUDT15	True
ENST00000316407	167.98856	4.30287	5.2545195	0.95164967	0.23481083	0.8093544299533921	0.6292818778796657	ENSG00000176542.10	USF3	False
ENST00000335244	60.49433	2.928998	3.8806	0.951602	0.22576852	0.8093544299533921	0.6463366112289788	ENSG00000186335.9	SLC36A2	False
ENST00000671871	27.39053	2.1370032	3.0885687	0.9515655	0.18248786	0.8093544299533921	0.7387660209090181	ENSG00000122507.21	BBS9	False
ENST00000640866	18.520496	1.7384704	2.6899762	0.9515058	0.3298121	0.8142173533113395	0.48173340272542564	ENSG00000108433.17	GOSR2	True
ENST00000461271	61.186066	2.6199844	3.5713649	0.9513805	0.30872297	0.8118754707110037	0.5104310523468538	ENSG00000108384.16	RAD51C	False
ENST00000373842	46.43444	2.6720812	3.6232095	0.95112824	0.19768524	0.8093544299533921	0.7040257519702734	ENSG00000130772.14	MED18	False
ENST00000358701	29.473211	1.9444789	2.895326	0.950847	0.19682124	0.8093544299533921	0.7059280307347192	ENSG00000165661.18	QSOX2	False
ENST00000591147	8.445608	0.9465973	1.897229	0.9506317	0.11198599	0.8093544299533921	0.9508363105222909	ENSG00000141376.24	BCAS3	True
ENST00000416245	20.978436	1.7667528	2.7173722	0.95061934	0.2501716	0.8093544299533921	0.6017619907799171	ENSG00000188372.15	ZP3	False
ENST00000243913	73.5	2.844062	3.79462	0.95055795	0.42775053	0.8402914052201957	0.36880944585233494	ENSG00000124091.10	GCNT7	False
ENST00000380013	484.40323	5.9688644	6.9192376	0.9503732	0.15660663	0.8093544299533921	0.8051898572822015	ENSG00000168769.14	TET2	False
ENST00000228437	77.268105	3.2895021	4.2397623	0.95026016	0.22295374	0.8093544299533921	0.6517852443270008	ENSG00000110851.12	PRDM4	False
ENST00000511717	906.4634	6.88077	7.830782	0.95001173	0.071308404	0.8093544299533921	1.1468592824099488	ENSG00000204909.8	SPINK9	False
ENST00000367080	48.851112	2.4803874	3.4303198	0.94993234	0.20228398	0.8093544299533921	0.6940385133784441	ENSG00000123836.15	PFKFB2	False
ENST00000536657	446.81357	6.03088	6.980758	0.9498782	0.11203839	0.8093544299533921	0.9506331451119628	ENSG00000158195.11	WASF2	False
ENST00000424721	169.66644	4.0850277	5.034756	0.9497285	0.33294648	0.8148546909488805	0.4776255731118846	ENSG00000156931.16	VPS8	True
ENST00000698977	114.57371	3.7102034	4.6597853	0.94958186	0.2925599	0.8111088466013822	0.5337852130823507	ENSG00000106628.13	POLD2	False
ENST00000698667	107.02612	2.7442257	3.693705	0.94947934	0.5755311	0.8786101059083614	0.2399311844928384	ENSG00000115935.19	WIPF1	False
ENST00000564831	193.8728	4.3307037	5.280168	0.9494643	0.35245353	0.8172002775093227	0.4528981355995074	ENSG00000184730.12	APOBR	False
ENST00000692078	149.44466	4.11379	5.0632143	0.94942427	0.3466773	0.81719736681995	0.46007459032530484	ENSG00000145390.12	USP53	False
ENST00000595051	58.36485	3.0662034	4.015566	0.9493625	0.24300751	0.8093544299533921	0.6143803029768754	ENSG00000269858.6	EGLN2	True
ENST00000557172	11.746313	1.3514423	2.3006134	0.94917107	0.33821338	0.8164192321363181	0.4708092100200351	ENSG00000126214.22	KLC1	True
ENST00000261875	65.29256	3.3446276	4.293681	0.9490535	0.16221768	0.8093544299533921	0.789901823067316	ENSG00000074696.13	HACD3	False
ENST00000330817	106.8998	3.7270327	4.6760035	0.9489708	0.28091103	0.8093544299533921	0.5514312103434507	ENSG00000182858.14	ALG12	False
ENST00000282406	45.51728	2.643603	3.5924716	0.9488685	0.24220747	0.8093544299533921	0.6158124711501556	ENSG00000152527.14	PLEKHH2	False
ENST00000680553	31.21896	2.5900347	3.538888	0.94885325	0.17353874	0.8093544299533921	0.7606035489873373	ENSG00000256043.5	CTSO	False
ENST00000342695	55.618217	2.7818937	3.730564	0.9486704	0.17425844	0.8093544299533921	0.7588061763578532	ENSG00000127249.15	ATP13A4	False
ENST00000491415	62.294575	3.0630486	4.0116067	0.9485581	0.22300006	0.8093544299533921	0.6516950113526748	ENSG00000117597.18	UTP25	False
ENST00000704745	1048.856	7.133287	8.0818405	0.94855356	0.2060489	0.8093544299533921	0.6860296873019988	ENSG00000141027.23	NCOR1	False
ENST00000304332	499.40347	5.7406178	6.68908	0.9484625	0.2143126	0.8093544299533921	0.6689522987271265	ENSG00000113648.17	MACROH2A1	False
ENST00000468915	19.9193	1.5942887	2.54258	0.9482912	0.088086344	0.8093544299533921	1.0550914134278295	ENSG00000158296.14	SLC13A3	False
ENST00000690481	15.135033	1.2094253	2.157182	0.94775665	0.11465223	0.8093544299533921	0.9406174887114007	ENSG00000136485.16	DCAF7	False
ENST00000642087	27.9	2.2140114	3.161714	0.94770265	0.216686	0.8093544299533921	0.6641691564751824	ENSG00000284691.1	ENSG00000284691	False
ENST00000300027	64.87226	2.6636264	3.6110916	0.9474652	0.5584776	0.8731911168408383	0.2529942564606575	ENSG00000140525.20	FANCI	False
ENST00000370751	306.17612	4.896376	5.8435946	0.9472184	0.5021771	0.8551707956010974	0.2991430789740384	ENSG00000137959.17	IFI44L	False
ENST00000646305	82.234024	3.4888504	4.435588	0.9467375	0.14265949	0.8093544299533921	0.8456993470779166	ENSG00000101266.19	CSNK2A1	False
ENST00000677453	221.85962	5.0387	5.9852667	0.9465666	0.112209894	0.8093544299533921	0.9499688488082879	ENSG00000158864.13	NDUFS2	False
ENST00000587382	19.797829	1.31637	2.26291	0.9465399	0.23457503	0.8093544299533921	0.6297182135578739	ENSG00000134779.15	TPGS2	False
ENST00000407327	30.88557	1.3328614	2.279372	0.94651055	0.5607641	0.8737995356030378	0.2512198174771012	ENSG00000129353.15	SLC44A2	False
ENST00000508624	173.36964	4.6529193	5.599395	0.9464755	0.04463377	0.8093544299533921	1.3503364434489091	ENSG00000134982.19	APC	False
ENST00000372745	34.776897	2.0708046	3.0172198	0.9464152	0.22728577	0.8093544299533921	0.6434277490140962	ENSG00000185009.13	AP3M1	False
ENST00000437219	27.9	1.9884201	2.9346437	0.9462236	0.26134276	0.8093544299533921	0.5827895202131707	ENSG00000167716.19	WDR81	False
ENST00000703133	12.81412	1.2677814	2.21397	0.94618857	0.06361091	0.8093544299533921	1.1964683821340025	ENSG00000126970.17	ZC4H2	True
ENST00000638000	23.639206	2.01996	2.9661279	0.94616795	0.09490821	0.8093544299533921	1.022696228193145	ENSG00000049618.25	ARID1B	True
ENST00000613509	26.467157	1.5764283	2.5223327	0.9459044	0.44096258	0.8446156514523803	0.35559826033113473	ENSG00000180035.13	ZNF48	False
ENST00000642630	134.11734	4.347557	5.293353	0.945796	0.07349751	0.8093544299533921	1.1337273654513156	ENSG00000285382.1	ENSG00000285382	False
ENST00000410039	16.187077	1.1429216	2.0884752	0.94555366	0.39914915	0.8298121044971967	0.39886479160894356	ENSG00000115942.9	ORC2	False
ENST00000582390	27.4	1.9824828	2.9277818	0.945299	0.14117613	0.8093544299533921	0.8502387140280505	ENSG00000108389.10	MTMR4	True
ENST00000341255	16.7	1.3923264	2.3374586	0.94513226	0.21946429	0.8093544299533921	0.6586361412552291	ENSG00000188636.4	RTL6	False
ENST00000356608	32.92048	2.3522234	3.2971559	0.94493246	0.08628358	0.8093544299533921	1.0640718465172114	ENSG00000121270.16	ABCC11	False
ENST00000310954	112.35604	3.6794527	4.624364	0.94491124	0.2880829	0.8109740254625081	0.540482523291961	ENSG00000173930.9	SLCO4C1	False
ENST00000374685	27.4	1.8062221	2.750945	0.944723	0.17089593	0.8093544299533921	0.7672682697356875	ENSG00000204231.11	RXRB	False
ENST00000510091	18.686954	1.14429	2.0887237	0.9444337	0.15117487	0.8093544299533921	0.820520387240443	ENSG00000205482.11	SPDYE18	False
ENST00000268154	65.6	2.9861257	3.9304934	0.94436765	0.21225975	0.8093544299533921	0.6731323423329318	ENSG00000140548.10	ZNF710	False
ENST00000340881	73.72477	3.396859	4.341152	0.94429326	0.3339937	0.8156178955533828	0.47626172098189723	ENSG00000131013.4	PPIL4	False
ENST00000476412	176.15233	4.359837	5.304017	0.94418	0.24730876	0.8093544299533921	0.6067604985393662	ENSG00000081019.14	RSBN1	False
ENST00000647958	25.55363	1.978803	2.9228	0.943997	0.2106248	0.8093544299533921	0.6764904959602768	ENSG00000163666.10	HESX1	False
ENST00000433555	60.54107	1.9889048	2.9325762	0.94367135	0.36759728	0.8192702949872638	0.43462770850991217	ENSG00000156990.14	RPUSD3	True
ENST00000371432	8.154826	0.44477072	1.3883349	0.9435642	0.37529203	0.8221266647894138	0.4256306550899945	ENSG00000124813.23	RUNX2	False
ENST00000284240	34.909004	2.0827234	3.0260699	0.9433465	0.22995363	0.8093544299533921	0.6383597270323075	ENSG00000154096.14	THY1	True
ENST00000296343	312.4977	5.3785954	6.321901	0.9433055	0.3035642	0.8118754707110037	0.517749460138691	ENSG00000145016.17	RUBCN	False
ENST00000647788	36.306168	2.3477094	3.2910147	0.94330525	0.29675165	0.8111088466013822	0.5276068602527032	ENSG00000117593.12	DARS2	True
ENST00000648227	10.880979	1.3699261	2.3129032	0.9429771	0.1352956	0.8093544299533921	0.868716327995951	ENSG00000162066.16	AMDHD2	False
ENST00000495642	4.097733	0.5044597	1.4473418	0.9428821	0.27151436	0.8093544299533921	0.5662072024436313	ENSG00000174173.7	TRMT10C	False
ENST00000377153	25.85195	1.9284325	2.8712811	0.9428487	0.22362913	0.8093544299533921	0.650471622051097	ENSG00000130939.20	UBE4B	False
ENST00000530782	61.39807	2.9465046	3.8893123	0.9428077	0.2710949	0.8093544299533921	0.5668786710563471	ENSG00000154760.14	SLFN13	True
ENST00000274496	188.5895	4.4219728	5.3647194	0.94274664	0.34158033	0.81719736681995	0.46650714454835335	ENSG00000145817.17	YIPF5	False
ENST00000615331	93.33675	3.7115147	4.654134	0.9426191	0.3315847	0.8143830185817053	0.4794055273762996	ENSG00000272391.6	POM121C	False
ENST00000643958	25.064901	1.7630392	2.7052712	0.942232	0.45711526	0.8478682838810522	0.33997427769107486	ENSG00000197102.14	DYNC1H1	False
ENST00000674288	47.921455	2.3656235	3.3077922	0.9421687	0.20728987	0.8093544299533921	0.6834219112822209	ENSG00000198513.15	ATL1	False
ENST00000327835	13.02092	1.511611	2.453617	0.9420061	0.16348708	0.8093544299533921	0.7865165715292515	ENSG00000164684.13	ZNF704	False
ENST00000679753	258.2729	5.231484	6.1734333	0.94194937	0.123744205	0.8093544299533921	0.9074751313975153	ENSG00000171631.16	P2RY6	False
ENST00000541363	129.64578	4.235906	5.177754	0.9418478	0.17044266	0.8093544299533921	0.7684217076369336	ENSG00000149948.14	HMGA2	True
ENST00000338446	12.326482	1.2965627	2.2383657	0.941803	0.16874127	0.8093544299533921	0.7727786842635421	ENSG00000158234.13	FAIM	False
ENST00000679849	162.05974	4.5394354	5.481154	0.9417186	0.084153734	0.8093544299533921	1.074926608343009	ENSG00000130921.9	MTRFR	False
ENST00000372371	6.89227	0.71454334	1.6560922	0.9415488	0.4647543	0.8492019855291293	0.3327765709944301	ENSG00000148606.15	POLR3A	False
ENST00000314742	233.2333	4.566447	5.5078998	0.941453	0.36827317	0.8194459451468774	0.43382992129061354	ENSG00000140471.17	LINS1	False
ENST00000700228	9.830126	1.0559987	1.9974495	0.94145083	0.10744599	0.8093544299533921	0.9688097779838702	ENSG00000153234.16	NR4A2	False
ENST00000301019	28.328669	2.3043797	3.24558	0.94120026	0.069277674	0.8093544299533921	1.1594067024487305	ENSG00000167513.9	CDT1	False
ENST00000381352	162.88898	4.160881	5.102047	0.9411659	0.35043234	0.81719736681995	0.4553958259003366	ENSG00000123094.16	RASSF8	False
ENST00000358595	133.59871	4.044066	4.985101	0.9410353	0.3023823	0.8118754707110037	0.5194436477697436	ENSG00000143437.21	ARNT	False
ENST00000651397	31.20314	2.2133808	3.1542704	0.9408896	0.16444567	0.8093544299533921	0.7839775614586513	ENSG00000186047.11	DLEU7	False
ENST00000372977	188.29764	4.7498612	5.6906295	0.94076824	0.16893382	0.8093544299533921	0.7722833878613881	ENSG00000137413.17	TAF8	False
ENST00000507931	68.23764	3.0323887	3.972795	0.9404063	0.19074352	0.8093544299533921	0.7195502051650519	ENSG00000164287.13	CDC20B	False
ENST00000374472	163.30753	4.425366	5.365706	0.94034004	0.22064054	0.8093544299533921	0.6563146880239852	ENSG00000188822.8	CNR2	False
ENST00000713961	110.24104	3.5787847	4.5190563	0.9402716	0.284271	0.8106393935615843	0.5462674399708342	ENSG00000167985.8	SDHAF2	True
ENST00000618819	84.996765	3.5528343	4.493088	0.9402535	0.15301819	0.8093544299533921	0.8152569353283782	ENSG00000169410.11	PTPN9	False
ENST00000676830	131.77803	4.4144473	5.354665	0.9402175	0.028254973	0.8093544299533921	1.5489051068935156	ENSG00000075413.19	MARK3	False
ENST00000623316	235.31421	4.682711	5.6225967	0.9398856	0.37258875	0.8210406506591547	0.42877025808076574	ENSG00000085224.23	ATRX	False
ENST00000465950	514.62726	5.9188786	6.8586903	0.9398117	0.25160354	0.8093544299533921	0.5992832462797236	ENSG00000139218.18	SCAF11	False
ENST00000380968	12.430615	1.4964298	2.436193	0.9397632	0.23302399	0.8093544299533921	0.6325993727637378	ENSG00000119684.16	MLH3	False
ENST00000380361	33.613007	2.2717884	3.2114806	0.93969226	0.24868043	0.8093544299533921	0.6043583944212643	ENSG00000282034.2	ENSG00000282034	False
ENST00000458616	44.089943	2.414978	3.3540416	0.93906355	0.24218117	0.8093544299533921	0.6158596323868908	ENSG00000185049.16	NELFA	False
ENST00000706254	30.923807	1.8671975	2.8062308	0.93903327	0.27318153	0.8093544299533921	0.5635486703738493	ENSG00000185829.19	ARL17A	False
ENST00000356126	233.34409	4.7627606	5.701729	0.9389682	0.23945205	0.8093544299533921	0.6207814420846439	ENSG00000197170.10	PSMD12	False
ENST00000359606	49.145527	2.6142762	3.55321	0.93893385	0.57373476	0.87762699845426	0.24128883716236224	ENSG00000078699.22	CBFA2T2	False
ENST00000649766	46.77329	2.12568	3.064449	0.9387691	0.3393358	0.81719736681995	0.46937032077822793	ENSG00000129003.19	VPS13C	False
ENST00000683152	13.826117	1.0254604	1.9641815	0.9387212	0.45079136	0.8472077019271466	0.34602441737587725	ENSG00000019485.14	PRDM11	False
ENST00000475894	73.14061	3.1433709	4.082036	0.93866515	0.26843244	0.8093544299533921	0.571165003572361	ENSG00000080845.19	DLGAP4	False
ENST00000430580	65.43566	3.2426872	4.1813364	0.9386492	0.24205676	0.8093544299533921	0.6160827891693985	ENSG00000219481.11	NBPF1	False
ENST00000685945	306.04553	5.2399	6.178481	0.938581	0.44387814	0.8455994575468359	0.35273623853550684	ENSG00000119321.10	FKBP15	False
ENST00000642123	177.24239	4.320826	5.259286	0.9384599	0.26068762	0.8093544299533921	0.5838795938152485	ENSG00000185385.5	OR7A17	False
ENST00000352993	10.087792	0.59739405	1.5356002	0.93820614	0.4136902	0.833681742740497	0.3833247572257411	ENSG00000012048.26	BRCA1	False
ENST00000343979	64.756195	3.345478	4.2833877	0.9379096	0.2500113	0.8093544299533921	0.6020403702072155	ENSG00000196646.12	ZNF136	False
ENST00000634613	10.215382	0.79670936	1.7344524	0.937743	0.23944724	0.8093544299533921	0.6207901716526624	ENSG00000129422.15	MTUS1	False
ENST00000686773	62.929146	2.1342156	3.0719352	0.9377196	0.534774	0.866234816661824	0.27182971132038103	ENSG00000181555.22	SETD2	False
ENST00000544898	73.31283	2.8991268	3.8367796	0.9376528	0.37116072	0.8199748637125035	0.430437996370568	ENSG00000166548.17	TK2	False
ENST00000636280	17.07041	1.271036	2.2086835	0.93764746	0.10598479	0.8093544299533921	0.9747564477079568	ENSG00000106976.22	DNM1	False
ENST00000301765	36.0	2.3867643	3.3242633	0.93749905	0.21304813	0.8093544299533921	0.6715222728473638	ENSG00000167987.11	VPS37C	False
ENST00000374212	191.40479	4.761502	5.6987615	0.9372597	0.13207771	0.8093544299533921	0.8791704734113351	ENSG00000136868.11	SLC31A1	False
ENST00000553371	20.951014	1.9785867	2.9157805	0.9371939	0.11446781	0.8093544299533921	0.9413166369794725	ENSG00000100600.15	LGMN	True
ENST00000583057	51.68501	2.7101624	3.6472847	0.93712234	0.27030483	0.8093544299533921	0.5681461957434935	ENSG00000101773.19	RBBP8	False
ENST00000378764	260.70343	4.004283	4.9413304	0.9370475	0.675439	0.9143775356855107	0.17041386663202224	ENSG00000123240.17	OPTN	False
ENST00000651028	35.760876	1.9287438	2.8657808	0.937037	0.31798705	0.8118754707110037	0.497590560003385	ENSG00000174428.19	GTF2IRD2B	False
ENST00000448372	118.21324	3.7072685	4.644145	0.93687654	0.26243314	0.8093544299533921	0.5809813207877537	ENSG00000079387.15	SENP1	False
ENST00000457152	16.050655	1.3712926	2.3081279	0.9368353	0.2568928	0.8093544299533921	0.5902480670854756	ENSG00000116017.11	ARID3A	False
ENST00000562303	48.10294	2.5597382	3.4965053	0.9367671	0.24757293	0.8093544299533921	0.6062968458121719	ENSG00000103932.12	RPAP1	False
ENST00000457268	178.08194	3.6007478	4.537338	0.93658996	0.48864874	0.8530497344797782	0.3110032145714043	ENSG00000105967.16	TFEC	False
ENST00000422838	10.5	1.1256655	2.0621567	0.93649113	0.034015264	0.8093544299533921	1.4683261494115216	ENSG00000100401.21	RANGAP1	True
ENST00000706935	13.3213625	1.1974024	2.133751	0.93634856	0.09007928	0.8093544299533921	1.0453751046062247	ENSG00000040933.16	INPP4A	False
ENST00000643508	22.841877	1.9084268	2.8446236	0.9361968	0.3409113	0.81719736681995	0.4673586044977249	ENSG00000197102.14	DYNC1H1	False
ENST00000324324	92.17097	3.4518087	4.387904	0.9360955	0.2923017	0.8111088466013822	0.5341686373928184	ENSG00000104177.20	MYEF2	False
ENST00000692098	32.2653	2.2857177	3.2217927	0.936075	0.30953902	0.8118754707110037	0.5092845966301706	ENSG00000120656.14	TAF12	False
ENST00000295878	52.119934	2.3703747	3.3061779	0.9358032	0.3431607	0.81719736681995	0.4645024690214611	ENSG00000163617.11	CCDC191	False
ENST00000565323	84.2937	1.5609531	2.496608	0.9356549	0.6228384	0.8972038910455719	0.20562463499358122	ENSG00000104164.12	BLOC1S6	False
ENST00000370733	41.43089	2.340024	3.2756703	0.9356463	0.18873754	0.8093544299533921	0.7241417065261877	ENSG00000168116.14	KIAA1586	False
ENST00000285021	229.38248	4.775505	5.711137	0.93563175	0.3741023	0.8216366408512873	0.42700962817772864	ENSG00000154767.15	XPC	False
ENST00000462315	72.27779	3.1237364	4.0592923	0.93555593	0.23645638	0.8093544299533921	0.6262489647740281	ENSG00000138496.17	PARP9	False
ENST00000691229	4.50699	0.5683524	1.5036322	0.9352798	0.40554082	0.8312293045789577	0.3919654208167563	ENSG00000115904.15	SOS1	False
ENST00000325144	30.5	2.2408373	3.1757963	0.93495893	0.13818297	0.8093544299533921	0.8595454837516703	ENSG00000181472.5	ZBTB2	False
ENST00000559138	50.06469	2.9073994	3.842308	0.9349086	0.14369762	0.8093544299533921	0.8425504265312559	ENSG00000080823.23	MOK	False
ENST00000305783	17.93561	1.4282671	2.3631108	0.93484366	0.4003516	0.8298121044971967	0.3975584165744501	ENSG00000189050.16	RNFT1	False
ENST00000379960	90.10159	3.7800481	4.7148075	0.9347594	0.18129186	0.8093544299533921	0.7416216873195087	ENSG00000205726.15	ITSN1	False
ENST00000372168	10.7	1.1853976	2.1199794	0.93458176	0.16308545	0.8093544299533921	0.7875847949831872	ENSG00000126107.15	HECTD3	False
ENST00000450288	198.65039	3.772784	4.7072477	0.93446374	0.47877932	0.8504371505934152	0.31986462009409916	ENSG00000179889.20	PDXDC1	False
ENST00000538548	584.1919	6.32665	7.2609653	0.9343152	0.12200621	0.8093544299533921	0.9136180717576963	ENSG00000061936.10	SFSWAP	False
ENST00000197268	29.668346	2.088978	3.0232413	0.9342632	0.09495699	0.8093544299533921	1.0224730758678982	ENSG00000084444.14	FAM234B	False
ENST00000427646	49.989784	3.1397011	4.0736885	0.9339874	0.049553476	0.8093544299533921	1.3049258734962585	ENSG00000095380.11	NANS	False
ENST00000460369	11.778191	1.4246197	2.3584626	0.9338429	0.19335581	0.8093544299533921	0.7136427654776324	ENSG00000117394.24	SLC2A1	True
ENST00000292841	204.77519	4.5068808	5.4405484	0.93366766	0.35291678	0.8172002775093227	0.45232769544138424	ENSG00000196967.11	ZNF585A	False
ENST00000375436	47.6	2.8262074	3.759354	0.9331467	0.053548504	0.8093544299533921	1.2712526603726295	ENSG00000179051.14	RCC2	False
ENST00000527663	210.8916	4.513327	5.446308	0.932981	0.3548148	0.8173803121090482	0.44999827610265986	ENSG00000172531.16	PPP1CA	False
ENST00000309575	197.1	5.023176	5.956142	0.93296576	0.024649253	0.8093544299533921	1.608196235531707	ENSG00000175040.6	CHST2	False
ENST00000380122	61.249744	2.4350412	3.3678787	0.9328375	0.57972634	0.8801995577646254	0.23677696811967416	ENSG00000086712.13	TXLNG	False
ENST00000358246	332.83823	5.6040883	6.5367384	0.9326501	0.029247325	0.8093544299533921	1.5339138502084717	ENSG00000166927.13	MS4A7	False
ENST00000426488	8.3	1.0299197	1.9624908	0.93257105	0.12133132	0.8093544299533921	0.916027080372621	ENSG00000167394.13	ZNF668	False
ENST00000399434	117.50775	3.5888832	4.5212545	0.9323714	0.2901367	0.8109740254625081	0.5373973405241084	ENSG00000182095.15	TNRC18	True
ENST00000612881	14.491331	0.7140477	1.6463599	0.93231225	0.424972	0.8384964729269883	0.37163968554633003	ENSG00000271383.9	NBPF19	False
ENST00000498035	607.3512	6.1970115	7.1292787	0.9322672	0.1873422	0.8093544299533921	0.7273643917050874	ENSG00000101294.19	HM13	False
ENST00000373895	19.838272	1.2833775	2.215321	0.93194354	0.3928614	0.8283759992706762	0.4057606443762907	ENSG00000108064.11	TFAM	False
ENST00000429375	386.8094	6.1603446	7.092224	0.9318795	0.056902077	0.8093544299533921	1.244871880626667	ENSG00000143190.23	POU2F1	True
ENST00000402136	15.871699	1.6780723	2.6099238	0.9318515	0.1713288	0.8093544299533921	0.7661696321674693	ENSG00000176946.13	THAP4	True
ENST00000343813	88.00722	3.83133	4.762903	0.93157315	0.030756861	0.8093544299533921	1.5120579904682014	ENSG00000116237.16	ICMT	False
ENST00000340573	47.82537	1.8870054	2.818399	0.9313935	0.52266437	0.8616806397400522	0.28177710625803365	ENSG00000156587.16	UBE2L6	False
ENST00000316105	48.056988	2.3762274	3.30753	0.93130255	0.24430512	0.8093544299533921	0.6120674331709267	ENSG00000177839.7	PCDHB9	False
ENST00000307227	54.01983	2.7336922	3.6649728	0.9312806	0.22174174	0.8093544299533921	0.6541525568609022	ENSG00000172340.15	SUCLG2	False
ENST00000639688	128.61008	4.2125826	5.1438627	0.93128014	0.16675818	0.8093544299533921	0.7779128542865005	ENSG00000082212.13	ME2	False
ENST00000342711	7.7998567	1.1816158	2.112803	0.93118715	0.08580114	0.8093544299533921	1.066506944506218	ENSG00000171219.9	CDC42BPG	False
ENST00000381271	160.17892	4.3496127	5.280757	0.93114424	0.35624447	0.8175932215882654	0.44825186283711044	ENSG00000087448.11	KLHL42	False
ENST00000649664	6.879548	0.8010946	1.7322147	0.9311201	0.26755595	0.8093544299533921	0.5725853832308025	ENSG00000169902.15	TPST1	False
ENST00000437245	23.946314	1.2120576	2.1426985	0.93064094	0.47764125	0.8504371505934152	0.32089816952749783	ENSG00000135837.18	CEP350	False
ENST00000413427	8.6248665	0.7973668	1.7279503	0.93058354	0.368472	0.8194459451468774	0.4335954967028054	ENSG00000136603.15	SKIL	False
ENST00000373800	441.4234	5.980739	6.9112887	0.9305496	0.26048625	0.8093544299533921	0.5842152044598609	ENSG00000159023.23	EPB41	False
ENST00000699878	46.0752	2.703248	3.6337557	0.93050766	0.09921188	0.8093544299533921	1.0034363247443172	ENSG00000105486.15	LIG1	False
ENST00000714414	102.34121	3.9739788	4.904454	0.9304755	0.07685253	0.8093544299533921	1.1143418295094512	ENSG00000185187.14	SIGIRR	True
ENST00000409739	69.332985	3.6394236	4.5696807	0.9302571	0.10094353	0.8093544299533921	0.9959215201449901	ENSG00000204104.12	TRAF3IP1	False
ENST00000324379	117.737656	3.8777597	4.8080077	0.930248	0.2974526	0.8111088466013822	0.526582232339967	ENSG00000084072.17	PPIE	False
ENST00000243077	16.285366	1.5671991	2.4970942	0.92989504	0.16964632	0.8093544299533921	0.7704555497329365	ENSG00000123384.14	LRP1	False
ENST00000359655	27.1	2.3172987	3.247066	0.9297674	0.092801176	0.8093544299533921	1.0324465202025166	ENSG00000156502.14	SUPV3L1	False
ENST00000678921	121.77757	4.3082705	5.237997	0.9297266	0.11549619	0.8093544299533921	0.9374323480940613	ENSG00000067560.14	RHOA	False
ENST00000601187	27.641378	2.3187482	3.2482207	0.92947245	0.11201399	0.8093544299533921	0.9507277396747464	ENSG00000099797.15	TECR	False
ENST00000402280	28.069714	1.7500486	2.679213	0.9291644	0.26187092	0.8093544299533921	0.5819127249382056	ENSG00000091106.19	NLRC4	False
ENST00000648008	91.44734	3.386377	4.3152337	0.9288566	0.24973242	0.8093544299533921	0.602525074599644	ENSG00000092140.16	G2E3	False
ENST00000692640	57.710705	2.8891182	3.8177726	0.92865443	0.21344629	0.8093544299533921	0.6707113908724168	ENSG00000077092.20	RARB	True
ENST00000309424	102.43845	3.8906658	4.8192687	0.92860293	0.0858741	0.8093544299533921	1.0661377862930548	ENSG00000117877.11	POLR1G	False
ENST00000703745	39.17911	2.4927273	3.421302	0.9285748	0.18260522	0.8093544299533921	0.7384868073283307	ENSG00000144043.13	TEX261	False
ENST00000592095	16.920929	1.4385859	2.3669128	0.92832696	0.18449509	0.8093544299533921	0.7340151839202116	ENSG00000167384.11	ZNF180	False
ENST00000366272	16.06899	1.7675904	2.6958055	0.92821515	0.18233444	0.8093544299533921	0.7391312973008438	ENSG00000175727.15	MLXIP	False
ENST00000370647	54.134686	2.4709675	3.3990974	0.9281299	0.34558806	0.81719736681995	0.46144127294373155	ENSG00000241935.9	HOGA1	False
ENST00000503501	107.490555	3.6529129	4.5809145	0.92800164	0.30548033	0.8118754707110037	0.5150167472345379	ENSG00000112701.18	SENP6	False
ENST00000396600	50.67817	2.3683417	3.296112	0.9277704	0.30026013	0.8118754707110037	0.5225023366367604	ENSG00000183044.12	ABAT	False
ENST00000344330	10.3	1.0352011	1.9629339	0.9277328	0.049690478	0.8093544299533921	1.3037268294499562	ENSG00000160223.18	ICOSLG	False
ENST00000684055	18.428087	1.3632487	2.290938	0.9276892	0.23926036	0.8093544299533921	0.6211292470584833	ENSG00000168137.20	SETD5	False
ENST00000215886	22.9	1.8764101	2.8039596	0.9275495	0.19581509	0.8093544299533921	0.7081538514881328	ENSG00000100079.7	LGALS2	True
ENST00000676021	58.749714	3.132372	4.0594015	0.9270296	0.083719485	0.8093544299533921	1.0771734544375555	ENSG00000112367.12	FIG4	False
ENST00000542167	9.985556	1.293934	2.22055	0.9266161	0.3098396	0.8118754707110037	0.508863067882028	ENSG00000177192.14	PUS1	False
ENST00000514671	162.24387	4.3090887	5.23567	0.9265814	0.36314985	0.8185742609699567	0.43991412902269794	ENSG00000138668.20	HNRNPD	False
ENST00000334801	322.3288	5.2137284	6.1402407	0.92651224	0.26311764	0.8093544299533921	0.5798500328586005	ENSG00000186174.13	BCL9L	False
ENST00000612003	24.799902	1.8846434	2.8108237	0.92618024	0.34710425	0.81719736681995	0.4595400669923055	ENSG00000112149.10	CD83	False
ENST00000619179	43.33932	2.4335527	3.3597062	0.9261534	0.35581386	0.8175932215882654	0.4487771377804785	ENSG00000088970.16	KIZ	False
ENST00000264027	56.421883	3.0441475	3.9701297	0.92598224	0.086812854	0.8093544299533921	1.0614159669105934	ENSG00000109929.10	SC5D	False
ENST00000301770	27.5	1.4447099	2.3706746	0.9259647	0.43051586	0.8408996500740611	0.36601084920126453	ENSG00000167992.14	VWCE	False
ENST00000497287	28.819754	2.2754872	3.2013593	0.9258721	0.1298019	0.8093544299533921	0.8867189531153745	ENSG00000160818.17	GPATCH4	True
ENST00000348022	820.8991	6.9580235	7.8838525	0.92582893	0.081079856	0.8093544299533921	1.091087033647075	ENSG00000122257.20	RBBP6	False
ENST00000467322	14.603567	0.7571311	1.682956	0.9258249	0.3375921	0.8159671882845638	0.47160773111844745	ENSG00000177888.8	ZBTB41	False
ENST00000457135	169.11172	4.267446	5.193149	0.92570305	0.35619164	0.8175932215882654	0.4483162838024272	ENSG00000189079.18	ARID2	False
ENST00000229340	60.7	2.9634469	3.8891215	0.9256747	0.2374163	0.8093544299533921	0.6244894726605053	ENSG00000111737.12	RAB35	False
ENST00000394799	19.474506	0.9653732	1.8908986	0.92552537	0.5019099	0.8548764927378353	0.2993742278588583	ENSG00000163938.17	GNL3	False
ENST00000510175	26.616962	1.6914887	2.6170015	0.9255128	0.26088792	0.8093544299533921	0.5835460283233892	ENSG00000250312.8	ZNF718	False
ENST00000595876	80.40352	3.5162086	4.4415355	0.9253268	0.15300882	0.8093544299533921	0.8152835380032124	ENSG00000104980.8	TIMM44	False
ENST00000644109	8.290606	1.3375224	2.2628374	0.925315	0.16558741	0.8093544299533921	0.7809726858586383	ENSG00000215301.11	DDX3X	False
ENST00000245817	14.867297	1.1844845	2.1097493	0.92526484	0.42709213	0.8397976463492327	0.36947842618066934	ENSG00000125657.5	TNFSF9	False
ENST00000334534	89.64119	3.684459	4.609531	0.92507195	0.13449387	0.8093544299533921	0.8712975014603419	ENSG00000149346.15	SLX4IP	False
ENST00000406482	19.658651	1.8275367	2.752364	0.9248272	0.14557555	0.8093544299533921	0.836911550922576	ENSG00000110514.20	MADD	False
ENST00000397274	181.24149	3.315463	4.240235	0.9247718	0.64122134	0.9030378888992515	0.1929920296246919	ENSG00000099331.14	MYO9B	False
ENST00000506286	48.36026	2.409726	3.3344295	0.9247036	0.33726108	0.8158691607986592	0.4720337726390094	ENSG00000163297.18	ANTXR2	False
ENST00000487863	57.59789	2.6231976	3.5477452	0.9245477	0.30174005	0.8118754707110037	0.5203670415758057	ENSG00000198482.14	ZNF808	False
ENST00000560978	34.396896	2.4394994	3.363833	0.9243336	0.05951545	0.8093544299533921	1.2253702772332522	ENSG00000137806.10	NDUFAF1	False
ENST00000575823	51.07969	2.6963346	3.620636	0.9243014	0.1370436	0.8093544299533921	0.8631412562556215	ENSG00000006194.11	ZNF263	False
ENST00000695476	87.0223	3.6896935	4.613859	0.9241657	0.22535895	0.8093544299533921	0.6471251931363338	ENSG00000115761.17	NOL10	False
ENST00000395750	55.78346	2.8420935	3.7661486	0.9240551	0.25404286	0.8093544299533921	0.5950930000684205	ENSG00000110436.13	SLC1A2	False
ENST00000706440	72.34875	3.1714542	4.095149	0.92369485	0.2835566	0.8103610639894862	0.5473602238734546	ENSG00000105819.15	PMPCB	False
ENST00000636817	12.129253	1.1682924	2.0919192	0.9236268	0.31435263	0.8118754707110037	0.5025828996494958	ENSG00000186184.20	POLR1D	False
ENST00000477118	17.336805	1.7831186	2.706538	0.92341936	0.12844902	0.8093544299533921	0.891269195463359	ENSG00000134369.16	NAV1	False
ENST00000526439	25.194992	1.7687306	2.691904	0.9231734	0.1813743	0.8093544299533921	0.7414242589472639	ENSG00000177697.19	CD151	False
ENST00000378526	427.82422	5.7989025	6.721937	0.92303467	0.12881286	0.8093544299533921	0.8900407622181078	ENSG00000005156.12	LIG3	False
ENST00000645673	50.68096	2.8941603	3.817117	0.9229567	0.26111293	0.8093544299533921	0.5831716245782314	ENSG00000051180.17	RAD51	False
ENST00000426524	87.06176	3.363673	4.2863393	0.9226663	0.21294643	0.8093544299533921	0.6717296366891716	ENSG00000083168.11	KAT6A	False
ENST00000412217	106.10317	3.80813	4.73066	0.92252994	0.32982993	0.8142173533113395	0.48170993574166115	ENSG00000115421.13	PAPOLG	False
ENST00000318950	66.3027	3.133444	4.0559244	0.92248034	0.3213361	0.8125420389446386	0.49304049432748764	ENSG00000133789.15	SWAP70	False
ENST00000245544	32.854973	1.8900609	2.8124819	0.922421	0.46610412	0.8494197755236921	0.33151705820805233	ENSG00000125450.11	NUP85	False
ENST00000706676	20.114157	1.1556627	2.0778577	0.9221951	0.36358422	0.8185742609699567	0.4393949734639184	ENSG00000140092.16	FBLN5	False
ENST00000504907	202.31364	4.4475846	5.3697233	0.9221387	0.38816962	0.8258665877091295	0.41097846152836015	ENSG00000168214.22	RBPJ	False
ENST00000620440	70.043655	2.7416112	3.663735	0.9221237	0.33951727	0.81719736681995	0.4691381355336675	ENSG00000185164.15	NOMO2	False
ENST00000554706	19.23382	1.6720759	2.5941	0.92202413	0.23828277	0.8093544299533921	0.6229073600869471	ENSG00000140057.9	AK7	False
ENST00000432471	144.37256	4.017209	4.939096	0.9218869	0.34257707	0.81719736681995	0.4652417093994039	ENSG00000156735.11	BAG4	False
ENST00000613154	17.585272	1.8661324	2.787796	0.92166364	0.30936995	0.8118754707110037	0.5095218707830638	ENSG00000134283.18	PPHLN1	False
ENST00000389677	35.257393	2.6130478	3.534638	0.9215901	0.2027095	0.8093544299533921	0.6931259061020607	ENSG00000146267.12	FAXC	False
ENST00000078429	35.99639	2.256692	3.1782732	0.92158127	0.12909122	0.8093544299533921	0.8891033011448823	ENSG00000088256.9	GNA11	False
ENST00000677559	39.21991	2.684827	3.6063006	0.9214735	0.05249184	0.8093544299533921	1.2799082038171976	ENSG00000109685.19	NSD2	False
ENST00000651718	114.244484	3.9036484	4.8250055	0.92135715	0.18325396	0.8093544299533921	0.7369466345549219	ENSG00000083828.16	ZNF586	True
ENST00000628161	105.58262	3.8027737	4.723862	0.92108846	0.22169946	0.8093544299533921	0.6542353620815294	ENSG00000182872.16	RBM10	False
ENST00000578794	18.487339	1.3792115	2.300291	0.9210795	0.10488917	0.8093544299533921	0.979269353948725	ENSG00000266086.3	ENSG00000266086	False
ENST00000473183	63.52652	3.1255343	4.0465803	0.921046	0.23376836	0.8093544299533921	0.6312142721174239	ENSG00000103067.14	ESRP2	False
ENST00000536534	38.392296	2.3002493	3.2210991	0.9208498	0.15865707	0.8093544299533921	0.7995405594309009	ENSG00000180287.17	PLD5	True
ENST00000533422	72.977455	2.5269861	3.4477134	0.92072725	0.55832565	0.8731262404848221	0.2531124211148318	ENSG00000029363.17	BCLAF1	True
ENST00000269491	23.854	1.8495903	2.7702866	0.92069626	0.15370066	0.8093544299533921	0.8133242545000502	ENSG00000166634.7	SERPINB12	False
ENST00000253699	90.128494	3.6140478	4.5347357	0.9206879	0.13322972	0.8093544299533921	0.8753988926167897	ENSG00000131381.12	RBSN	False
ENST00000317534	36.574455	1.7685694	2.6891937	0.9206244	0.32872528	0.8142173533113395	0.4831668981764861	ENSG00000062582.14	MRPS24	False
ENST00000443157	131.14218	4.023461	4.9440327	0.9205718	0.31764233	0.8118754707110037	0.498061625425572	ENSG00000131355.15	ADGRE3	False
ENST00000280706	159.79985	4.1631637	5.083725	0.9205613	0.33124053	0.8142173533113395	0.47985652286796765	ENSG00000166800.11	LDHAL6A	False
ENST00000507019	52.66856	2.224199	3.144692	0.9204929	0.32131514	0.8125420389446386	0.49306881114209	ENSG00000163319.11	MRPS18C	True
ENST00000422728	44.52302	1.8993559	2.8198013	0.92044544	0.27950758	0.8093544299533921	0.5536064139429484	ENSG00000237765.8	FAM200B	False
ENST00000417074	30.29827	2.2454908	3.165698	0.92020726	0.27403522	0.8093544299533921	0.5621936238163394	ENSG00000153093.21	ACOXL	False
ENST00000223026	7.8085785	1.1038002	2.023943	0.92014277	0.21561646	0.8093544299533921	0.6663180792071502	ENSG00000106302.10	HYAL4	False
ENST00000590850	456.1852	5.6244926	6.5444946	0.920002	0.35453582	0.8173803121090482	0.4503398822936982	ENSG00000062716.13	VMP1	False
ENST00000635928	72.486595	3.6454957	4.565281	0.91978526	0.12637068	0.8093544299533921	0.8983536661832693	ENSG00000049618.25	ARID1B	False
ENST00000487126	43.855217	2.3547707	3.27454	0.9197693	0.30408746	0.8118754707110037	0.5170014889228433	ENSG00000166343.10	MSS51	False
ENST00000314700	21.206038	1.9418017	2.8615456	0.9197439	0.13851558	0.8093544299533921	0.8585013854207613	ENSG00000165118.15	QNG1	False
ENST00000510776	8.689707	1.2045618	2.1242995	0.9197377	0.109142154	0.8093544299533921	0.9620074775387325	ENSG00000109771.16	LRP2BP	False
ENST00000572090	11.557511	1.2024063	2.1220856	0.9196793	0.26627603	0.8093544299533921	0.5746679238906159	ENSG00000171490.13	RSL1D1	False
ENST00000370069	20.1	1.8875719	2.8072398	0.91966784	0.13259117	0.8093544299533921	0.8774853871082174	ENSG00000101216.11	GMEB2	False
ENST00000413140	29.71015	1.3239597	2.2435977	0.91963804	0.41220894	0.8334373536331832	0.38488258865939484	ENSG00000143727.16	ACP1	True
ENST00000608958	118.340454	3.9441159	4.8635902	0.91947436	0.12966393	0.8093544299533921	0.8871808216485676	ENSG00000145391.14	SETD7	False
ENST00000672976	26.262497	1.9386042	2.8579252	0.91932094	0.16965285	0.8093544299533921	0.7704388416843225	ENSG00000214193.11	SH3D21	True
ENST00000609116	55.454	2.8580039	3.7768116	0.91880774	0.17205591	0.8093544299533921	0.7643303924597403	ENSG00000117569.20	PTBP2	False
ENST00000423777	46.301826	2.8668976	3.785508	0.91861033	0.19401477	0.8093544299533921	0.7121652005365604	ENSG00000169136.13	ATF5	False
ENST00000622142	12.205188	0.95928067	1.8777155	0.9184348	0.44268996	0.8455557222610633	0.35390033217906536	ENSG00000019485.14	PRDM11	False
ENST00000699382	30.94071	1.8198508	2.7380767	0.9182259	0.23927684	0.8093544299533921	0.6210993331031391	ENSG00000145349.20	CAMK2D	False
ENST00000233379	75.10663	3.15018	4.068385	0.918205	0.31030983	0.8118754707110037	0.5082044703500214	ENSG00000115042.10	FAHD2A	False
ENST00000449739	167.29271	4.193441	5.1116166	0.9181757	0.34031734	0.81719736681995	0.4681159236279502	ENSG00000163626.17	COX18	False
ENST00000392901	13.004921	0.6957837	1.6139354	0.9181517	0.40645385	0.831725697822197	0.39098876063997573	ENSG00000187164.20	SHTN1	False
ENST00000663595	77.1	3.4859827	4.403716	0.91773343	0.28953347	0.8109740254625081	0.538301230544989	ENSG00000175567.11	UCP2	False
ENST00000551661	63.695503	3.1394386	4.0565734	0.91713476	0.22456424	0.8093544299533921	0.648659401570832	ENSG00000111596.14	CNOT2	True
ENST00000648891	266.31906	4.7446933	5.6617637	0.9170704	0.28920156	0.8109740254625081	0.5387993722661264	ENSG00000159023.23	EPB41	False
ENST00000374826	67.72975	3.245664	4.162721	0.9170573	0.22278145	0.8093544299533921	0.6521209745877186	ENSG00000064933.19	PMS1	False
ENST00000256906	85.12135	3.5233185	4.440058	0.9167397	0.231107	0.8093544299533921	0.6361869064850066	ENSG00000134489.7	HRH4	False
ENST00000630369	13.881413	1.1986804	2.1153731	0.91669273	0.09561357	0.8093544299533921	1.019480470350748	ENSG00000172673.12	THEMIS	False
ENST00000395848	1111.6399	7.412192	8.328846	0.9166541	0.100664325	0.8093544299533921	0.9971244140077167	ENSG00000141027.23	NCOR1	False
ENST00000331573	30.392355	1.9751754	2.891728	0.91655254	0.2771488	0.8093544299533921	0.5572869770918392	ENSG00000183527.12	PSMG1	False
ENST00000375947	14.5661335	1.1024193	2.0189369	0.9165176	0.3523398	0.8172002775093227	0.4530382913745507	ENSG00000083223.18	TUT7	False
ENST00000412522	187.60078	4.8058896	5.722347	0.9164572	0.080117464	0.8093544299533921	1.0962728057559874	ENSG00000105821.15	DNAJC2	False
ENST00000644693	19.956013	1.8631483	2.779222	0.9160737	0.13468464	0.8093544299533921	0.8706819392776672	ENSG00000124570.21	SERPINB6	False
ENST00000560246	55.01582	2.5690665	3.4850054	0.91593885	0.34196135	0.81719736681995	0.4660229719713646	ENSG00000166262.16	FAM227B	False
ENST00000222402	59.580208	3.2704885	4.1863694	0.9158809	0.09894176	0.8093544299533921	1.0046203761392212	ENSG00000078967.13	UBE2D4	False
ENST00000305253	17.837337	1.8883342	2.8040497	0.9157156	0.22847052	0.8093544299533921	0.6411698313983152	ENSG00000166402.9	TUB	False
ENST00000444869	12.15	0.749191	1.6648037	0.91561276	0.32565555	0.8142173533113395	0.4872415162566159	ENSG00000148444.16	COMMD3	False
ENST00000680353	376.75092	5.3753986	6.290971	0.91557217	0.42645973	0.8391468018325449	0.3701219727196275	ENSG00000119977.22	TCTN3	False
ENST00000537566	70.426414	3.101368	4.0169106	0.9155426	0.24897552	0.8093544299533921	0.6038433599904217	ENSG00000130783.14	CCDC62	False
ENST00000641380	56.730064	2.5342896	3.4492078	0.9149182	0.2877228	0.8109740254625081	0.5410257277085575	ENSG00000236032.3	OR5H14	False
ENST00000559942	50.299118	2.5853684	3.5001006	0.9147322	0.21759133	0.8093544299533921	0.6623584124229265	ENSG00000235194.9	PPP1R3E	False
ENST00000225576	10.115087	0.91398525	1.8285788	0.9145936	0.31014273	0.8118754707110037	0.508438400611376	ENSG00000175106.17	TVP23C	False
ENST00000642696	85.1586	3.72011	4.634678	0.91456795	0.07938098	0.8093544299533921	1.1002835349160625	ENSG00000100150.20	DEPDC5	False
ENST00000520535	83.722466	3.764159	4.677859	0.91369987	0.09385181	0.8093544299533921	1.0275573371731523	ENSG00000186918.14	ZNF395	False
ENST00000306735	27.89712	1.9827747	2.8960643	0.91328955	0.22189964	0.8093544299533921	0.6538433954181462	ENSG00000101546.13	RBFA	False
ENST00000430746	19.551182	1.7699833	2.6832314	0.91324806	0.14539927	0.8093544299533921	0.8374377666219209	ENSG00000088543.15	C3orf18	False
ENST00000636525	33.241905	1.8476033	2.7605822	0.9129789	0.21570979	0.8093544299533921	0.6661301427899096	ENSG00000102805.16	CLN5	False
ENST00000672093	37.0007	2.3476937	3.2606268	0.9129331	0.52154356	0.8613123760021345	0.2827094108709465	ENSG00000196586.17	MYO6	False
ENST00000550958	38.331673	2.2155082	3.1284008	0.9128926	0.21123704	0.8093544299533921	0.6752299203161045	ENSG00000177426.22	TGIF1	False
ENST00000277537	5.1528997	0.50296134	1.4158216	0.9128602	0.41232562	0.8334373536331832	0.3847596786312018	ENSG00000148396.19	SEC16A	False
ENST00000389857	493.58237	6.1741166	7.0869613	0.91284466	0.07166157	0.8093544299533921	1.1447136862908887	ENSG00000015133.20	CCDC88C	False
ENST00000704650	21.085756	1.457541	2.3702834	0.9127424	0.39846095	0.8298121044971967	0.399614229117021	ENSG00000124486.15	USP9X	False
ENST00000356487	641.9874	6.5676646	7.480379	0.9127145	0.07044571	0.8093544299533921	1.1521454559906212	ENSG00000105220.17	GPI	False
ENST00000406925	142.05148	4.2571697	5.169769	0.9125991	0.08642982	0.8093544299533921	1.0633363941568563	ENSG00000242028.8	HYPK	False
ENST00000337963	96.33354	3.6584814	4.5710135	0.9125321	0.20696555	0.8093544299533921	0.684101936432382	ENSG00000132950.19	ZMYM5	False
ENST00000252597	69.719475	2.99632	3.908719	0.91239905	0.2434005	0.8093544299533921	0.6136785353487889	ENSG00000130307.12	USHBP1	False
ENST00000422861	12.51631	0.68682957	1.5992184	0.9123888	0.42186958	0.838029552988072	0.37482179356003575	ENSG00000185513.18	L3MBTL1	False
ENST00000581675	13.226007	1.0187107	1.9306451	0.9119344	0.22968501	0.8093544299533921	0.6388673501553058	ENSG00000005379.17	TSPOAP1	False
ENST00000649973	59.54667	2.9640532	3.8757052	0.9116521	0.20325524	0.8093544299533921	0.691958257535844	ENSG00000104738.19	MCM4	False
ENST00000334731	31.79754	1.8849487	2.7960882	0.9111395	0.22415543	0.8093544299533921	0.6494507439078734	ENSG00000155621.15	C9orf85	False
ENST00000368811	171.63632	3.7517233	4.6628494	0.91112614	0.4031067	0.8303139210724039	0.39457999478052974	ENSG00000197747.9	S100A10	False
ENST00000366814	25.892725	1.5731173	2.484076	0.91095877	0.25212824	0.8093544299533921	0.5983785018608171	ENSG00000163041.13	H3-3A	False
ENST00000411426	68.55266	3.098439	4.008881	0.9104421	0.24401115	0.8093544299533921	0.6125903303980855	ENSG00000189057.11	FAM111B	False
ENST00000641256	8.3	0.86388606	1.7743182	0.91043216	0.26867512	0.8093544299533921	0.5707725506053191	ENSG00000221888.4	OR1C1	False
ENST00000404938	33.748623	2.127858	3.0382128	0.91035485	0.23588231	0.8093544299533921	0.6273046240275223	ENSG00000004846.17	ABCB5	False
ENST00000673460	87.297165	3.508577	4.4189024	0.9103253	0.23413508	0.8093544299533921	0.6305335186083976	ENSG00000256525.8	POLG2	False
ENST00000435792	25.1	1.7630166	2.6732085	0.9101919	0.17506179	0.8093544299533921	0.7568086299045098	ENSG00000106638.18	TBL2	True
ENST00000648695	12.176389	1.0407296	1.9508455	0.91011584	0.13515167	0.8093544299533921	0.8691785855600116	ENSG00000187498.17	COL4A1	True
ENST00000559043	52.0	2.724804	3.6348166	0.9100127	0.28987873	0.8109740254625081	0.5377836560400213	ENSG00000198752.11	CDC42BPB	False
ENST00000261439	76.91029	3.319606	4.2295723	0.90996623	0.30731145	0.8118754707110037	0.5124212646251485	ENSG00000065882.18	TBC1D1	False
ENST00000621326	9.821637	1.0598848	1.969811	0.9099262	0.12329121	0.8093544299533921	0.9090678874852722	ENSG00000163331.12	DAPL1	False
ENST00000330794	18.13947	1.4532093	2.363009	0.9097997	0.45545164	0.8473426594424552	0.34155773214688906	ENSG00000184584.14	STING1	False
ENST00000685332	291.3263	4.5352087	5.444912	0.90970325	0.43587035	0.842654100473947	0.36064267337006445	ENSG00000075407.19	ZNF37A	False
ENST00000543096	54.30126	3.0930061	4.0026455	0.90963936	0.19136292	0.8093544299533921	0.7181422166049364	ENSG00000185958.10	FAM186A	False
ENST00000566154	47.201027	2.3973935	3.3067975	0.90940404	0.26944557	0.8093544299533921	0.5695289550207692	ENSG00000168803.16	ADAL	True
ENST00000615277	190.30237	4.4996696	5.408821	0.90915155	0.3872621	0.8252454117292619	0.41199499716712207	ENSG00000154822.18	PLCL2	False
ENST00000316891	58.38094	3.447892	4.3570113	0.90911937	0.05032915	0.8093544299533921	1.2981804148817786	ENSG00000043514.17	TRIT1	False
ENST00000691669	43.975224	2.5700634	3.4790735	0.9090102	0.19851464	0.8093544299533921	0.7022074587717977	ENSG00000214491.9	SEC14L6	False
ENST00000329886	19.6	1.6184812	2.5274644	0.90898323	0.21347661	0.8093544299533921	0.6706496959559352	ENSG00000185347.19	TEDC1	False
ENST00000683444	65.28246	2.9815185	3.8904374	0.90891886	0.28767675	0.8109740254625081	0.5410952338826488	ENSG00000141556.22	TBCD	False
ENST00000378331	5.76437	0.6967346	1.605161	0.90842634	0.25221056	0.8093544299533921	0.5982367379413825	ENSG00000152455.16	SUV39H2	False
ENST00000368259	100.05603	3.7160702	4.624476	0.9084058	0.33986285	0.81719736681995	0.4686963008284377	ENSG00000163468.15	CCT3	False
ENST00000394718	107.13225	3.7733345	4.6813293	0.90799475	0.16303045	0.8093544299533921	0.787731284486642	ENSG00000179841.8	AKAP5	False
ENST00000642592	51.013783	2.3589797	3.2668374	0.90785766	0.25439888	0.8093544299533921	0.5944848009376433	ENSG00000065883.18	CDK13	False
ENST00000454017	121.46892	4.0472255	4.9548864	0.90766096	0.36862496	0.8194459451468774	0.433415266966983	ENSG00000001631.17	KRIT1	False
ENST00000433484	10.324191	1.277627	2.1852446	0.90761757	0.14622284	0.8093544299533921	0.8349847712856076	ENSG00000123485.12	HJURP	True
ENST00000251547	51.86364	2.9699318	3.8773518	0.9074199	0.19220695	0.8093544299533921	0.7162309150239532	ENSG00000132879.14	FBXO44	False
ENST00000521686	13.73792	1.2131138	2.1198282	0.90671444	0.22474672	0.8093544299533921	0.6483066396588633	ENSG00000175806.15	MSRA	True
ENST00000614508	31.46925	2.4897413	3.3963902	0.9066489	0.14190781	0.8093544299533921	0.8479936986057506	ENSG00000275835.5	TUBGCP5	False
ENST00000217173	88.096	3.5989342	4.5052214	0.9062872	0.22968689	0.8093544299533921	0.6388638000556514	ENSG00000185019.17	UBOX5	False
ENST00000553687	12.7397375	1.2805852	2.1865969	0.9060117	0.15126123	0.8093544299533921	0.820272385776222	ENSG00000100554.12	ATP6V1D	False
ENST00000692588	6.395304	0.71249366	1.6184216	0.9059279	0.2091496	0.8093544299533921	0.6795429635937225	ENSG00000120699.14	EXOSC8	False
ENST00000370764	22.245335	1.4029627	2.3088691	0.90590644	0.26898065	0.8093544299533921	0.5702789578825681	ENSG00000186376.15	ZNF75D	False
ENST00000295208	109.348854	3.8082945	4.7141547	0.9058602	0.31364465	0.8118754707110037	0.5035621193760389	ENSG00000144026.14	ZNF514	False
ENST00000358724	33.868893	2.2508197	3.1566725	0.9058528	0.29942802	0.8113486273734618	0.5237075673793787	ENSG00000133704.10	IPO8	False
ENST00000706765	49.7	2.645994	3.551831	0.90583706	0.24806672	0.8093544299533921	0.6054314898034538	ENSG00000117724.15	CENPF	False
ENST00000369085	18.8	1.6905255	2.5962152	0.9056897	0.17427987	0.8093544299533921	0.7587527761698444	ENSG00000151929.10	BAG3	False
ENST00000464566	68.732285	3.141332	4.0469112	0.9055793	0.26016253	0.8093544299533921	0.5847552487974284	ENSG00000090266.13	NDUFB2	False
ENST00000620073	252.7415	3.9106395	4.8161745	0.905535	0.67306036	0.9141728887441399	0.17194598810217818	ENSG00000096384.20	HSP90AB1	False
ENST00000618438	33.87138	2.3909328	3.2960687	0.90513587	0.20147218	0.8093544299533921	0.6957849184123049	ENSG00000022267.19	FHL1	False
ENST00000492275	463.59872	6.274584	7.1796527	0.9050689	0.16016398	0.8093544299533921	0.7954351376759058	ENSG00000182670.14	TTC3	False
ENST00000381585	152.33505	4.5801654	5.485208	0.90504265	0.13471355	0.8093544299533921	0.8705887337885905	ENSG00000150873.12	C2orf50	False
ENST00000676232	37.179737	1.4161391	2.321163	0.9050238	0.47388875	0.8500118764885034	0.3243235967803488	ENSG00000107890.17	ANKRD26	False
ENST00000510877	17.177795	1.0531774	1.9581306	0.90495324	0.43489203	0.842654100473947	0.3616185527386967	ENSG00000189308.11	LIN54	False
ENST00000676652	483.48193	5.9721203	6.8770437	0.90492344	0.1499461	0.8093544299533921	0.8240648441275571	ENSG00000005844.19	ITGAL	False
ENST00000307089	149.91385	4.495106	5.399957	0.90485096	0.08908204	0.8093544299533921	1.0502098465999616	ENSG00000117481.11	NSUN4	False
ENST00000369940	26.34024	1.835146	2.739977	0.90483093	0.18793243	0.8093544299533921	0.7259982667753687	ENSG00000146243.14	IRAK1BP1	False
ENST00000550419	53.712116	2.5132644	3.417974	0.9047096	0.32438037	0.8142173533113395	0.4889454378447931	ENSG00000135446.17	CDK4	False
ENST00000238667	35.64615	2.2695725	3.1741543	0.9045818	0.24179415	0.8093544299533921	0.6165542034562277	ENSG00000119686.10	FLVCR2	False
ENST00000264670	29.0	2.1772707	3.0817046	0.90443397	0.12339025	0.8093544299533921	0.9087191561736049	ENSG00000037474.15	NSUN2	False
ENST00000393885	119.547485	4.2385387	5.1427855	0.9042468	0.028430376	0.8093544299533921	1.54621739351693	ENSG00000168256.18	NKIRAS2	False
ENST00000301740	493.26758	5.9784894	6.8825574	0.904068	0.24898367	0.8093544299533921	0.6038291423344424	ENSG00000167978.19	SRRM2	False
ENST00000645519	12.239896	1.128801	2.0327394	0.9039384	0.1703361	0.8093544299533921	0.7686933069719636	ENSG00000256029.6	ENSG00000256029	False
ENST00000567587	19.660606	1.8584261	2.762291	0.90386486	0.1425529	0.8093544299533921	0.8460239513925846	ENSG00000172824.17	CES4A	False
ENST00000265028	51.007637	2.9051094	3.8089619	0.90385246	0.18638934	0.8093544299533921	0.7295789249458715	ENSG00000090520.12	DNAJB11	False
ENST00000409174	80.9	3.0845773	3.988332	0.9037547	0.28928575	0.8109740254625081	0.5386729600524762	ENSG00000159399.10	HK2	False
ENST00000288532	33.4	1.6082993	2.5119755	0.9036763	0.27400276	0.8093544299533921	0.5622450615282654	ENSG00000110871.15	COQ5	False
ENST00000555004	42.230442	2.544254	3.4478805	0.90362644	0.28724247	0.8109740254625081	0.5417513441439221	ENSG00000227051.7	C14orf132	False
ENST00000194130	31.871054	2.061185	2.9647627	0.9035778	0.20198429	0.8093544299533921	0.6946824158754065	ENSG00000081800.9	SLC13A1	False
ENST00000698506	34.39947	1.8573956	2.760971	0.9035754	0.4947472	0.8537766521893764	0.3056166622994236	ENSG00000196584.4	XRCC2	False
ENST00000261070	13.681903	1.1697975	2.0733478	0.90355027	0.35860404	0.8182605935073269	0.44538481751696	ENSG00000138495.7	COX17	True
ENST00000368194	48.024933	2.7780206	3.6813254	0.9033048	0.04592354	0.8093544299533921	1.3379646560099767	ENSG00000132694.20	ARHGEF11	False
ENST00000304987	226.9207	4.7077127	5.6109476	0.90323496	0.32505438	0.8142173533113395	0.4880439811950143	ENSG00000170145.5	SIK2	False
ENST00000505365	8.831136	0.5435524	1.446755	0.90320265	0.091640405	0.8093544299533921	1.0379129984452267	ENSG00000089335.22	ZNF302	True
ENST00000688674	36.91165	2.6573782	3.560506	0.9031279	0.2546441	0.8093544299533921	0.5940663887938535	ENSG00000215251.5	FASTKD5	False
ENST00000261523	59.590416	2.1728203	3.0757794	0.9029591	0.5611233	0.8740674714696558	0.25094168842711656	ENSG00000069667.16	RORA	False
ENST00000510207	67.16557	3.2569635	4.1597476	0.9027841	0.19907199	0.8093544299533921	0.7009898455056103	ENSG00000164022.18	AIMP1	False
ENST00000366704	10.657629	0.9466832	1.8494378	0.9027546	0.13754632	0.8093544299533921	0.8615510377994825	ENSG00000154358.23	OBSCN	False
ENST00000352591	29.83321	2.085953	2.9884527	0.9024997	0.15789309	0.8093544299533921	0.8016368719868759	ENSG00000079385.23	CEACAM1	False
ENST00000591660	27.536346	1.8239759	2.7264109	0.90243495	0.4138561	0.8337653728817394	0.38315065059041564	ENSG00000099624.8	ATP5F1D	False
ENST00000381923	33.024036	2.5606644	3.462904	0.90223956	0.1314122	0.8093544299533921	0.8813643365666839	ENSG00000165685.9	TMEM52B	False
ENST00000648577	34.1024	2.5761173	3.478342	0.9022248	0.10683998	0.8093544299533921	0.9712662133110053	ENSG00000147099.21	HDAC8	False
ENST00000543956	49.570663	2.5125265	3.4143279	0.90180135	0.27327767	0.8093544299533921	0.5633958535945297	ENSG00000102468.11	HTR2A	False
ENST00000446924	447.8072	5.731279	6.6329575	0.90167856	0.3269293	0.8142173533113395	0.485546154052409	ENSG00000185658.14	BRWD1	False
ENST00000234256	11.8	1.4536055	2.3552454	0.9016398	0.051484127	0.8093544299533921	1.2883266504475237	ENSG00000115902.11	SLC1A4	False
ENST00000622732	34.5841	2.396611	3.2981415	0.9015305	0.15492149	0.8093544299533921	0.8098883432028631	ENSG00000268350.8	FAM156A	False
ENST00000532438	19.23161	1.3136953	2.2151465	0.90145123	0.2152628	0.8093544299533921	0.6670310140823281	ENSG00000149182.15	ARFGAP2	True
ENST00000343941	76.80317	3.369871	4.271208	0.9013369	0.19815306	0.8093544299533921	0.7029992086281432	ENSG00000187715.13	KBTBD12	False
ENST00000374228	51.7	2.6742089	3.5754528	0.9012439	0.23001274	0.8093544299533921	0.6382480997023968	ENSG00000119457.8	SLC46A2	False
ENST00000346872	513.0458	5.81214	6.7133703	0.90123034	0.34306878	0.81719736681995	0.4646188037616247	ENSG00000161405.17	IKZF3	False
ENST00000605656	25.095638	1.6768984	2.5780053	0.90110695	0.34208316	0.81719736681995	0.46586830958889824	ENSG00000182463.17	TSHZ2	False
ENST00000429924	41.461555	2.2872026	3.188238	0.9010353	0.2987285	0.8111088466013822	0.5247233478874379	ENSG00000131374.15	TBC1D5	False
ENST00000713689	36.910667	2.308919	3.2098436	0.9009247	0.35415953	0.8173803121090482	0.45080106249727275	ENSG00000007168.15	PAFAH1B1	False
ENST00000374796	126.23734	4.0247374	4.925584	0.9008465	0.19929098	0.8093544299533921	0.7005123660926367	ENSG00000198646.14	NCOA6	False
ENST00000383698	14.102173	1.4374746	2.3382144	0.9007398	0.071713835	0.8093544299533921	1.1443970523520681	ENSG00000206538.9	VGLL3	False
ENST00000621341	22.604885	1.8714262	2.7718751	0.9004489	0.16598424	0.8093544299533921	0.7799331374770464	ENSG00000196376.11	SLC35F1	False
ENST00000315082	31.24472	2.3048735	3.2052631	0.9003897	0.13665682	0.8093544299533921	0.8643686870549759	ENSG00000140983.15	RHOT2	False
ENST00000457282	44.11515	2.784745	3.6851242	0.9003792	0.086644396	0.8093544299533921	1.062259520477492	ENSG00000102032.13	RENBP	True
ENST00000369046	111.48977	3.9245243	4.8248634	0.9003391	0.18765385	0.8093544299533921	0.7266425105674308	ENSG00000130348.11	QRSL1	False
ENST00000262367	1132.654	7.027242	7.927508	0.9002657	0.24505644	0.8093544299533921	0.6107338879255114	ENSG00000005339.15	CREBBP	False
ENST00000389924	161.03134	4.5769763	5.4770656	0.90008926	0.066770844	0.8093544299533921	1.1754131330915387	ENSG00000198231.14	DDX42	False
ENST00000687199	161.66193	4.181253	5.0813346	0.90008163	0.36600035	0.8185742609699567	0.43651849420635097	ENSG00000115839.20	RAB3GAP1	True
ENST00000640027	33.197323	2.3256044	3.2255616	0.8999572	0.17936599	0.8093544299533921	0.7462598949017529	ENSG00000042429.12	MED17	False
ENST00000262676	19.884756	1.5709072	2.470448	0.8995408	0.091727525	0.8093544299533921	1.0375003245253938	ENSG00000085831.16	TTC39A	False
ENST00000266557	17.7	1.7339249	2.6331892	0.89926434	0.18106717	0.8093544299533921	0.7421602892748138	ENSG00000139193.4	CD27	False
ENST00000684119	338.90488	5.495873	6.3950553	0.8991823	0.16457148	0.8093544299533921	0.7836454279469098	ENSG00000188283.12	ZNF383	False
ENST00000619982	34.0832	0.9389196	1.8380944	0.89917475	0.45927432	0.8478845691074629	0.33792783547625754	ENSG00000132153.15	DHX30	False
ENST00000484524	66.393715	3.2791784	4.1783485	0.89917016	0.21264075	0.8093544299533921	0.6723535098623118	ENSG00000164867.11	NOS3	False
ENST00000555729	28.456757	2.3351552	3.234185	0.89902973	0.16676113	0.8093544299533921	0.7779051704409511	ENSG00000100591.8	AHSA1	False
ENST00000423927	15.371221	1.551878	2.4506192	0.89874125	0.09973369	0.8093544299533921	1.0011581213869845	ENSG00000184445.12	KNTC1	True
ENST00000674791	41.571583	2.4476004	3.3463395	0.8987391	0.38268784	0.823716002720574	0.4171553409045203	ENSG00000136881.12	BAAT	False
ENST00000426426	24.380945	1.3569655	2.255657	0.8986914	0.2989527	0.8111088466013822	0.5243975217604046	ENSG00000224982.4	TMEM233	False
ENST00000671038	14.281835	1.2206885	2.119339	0.8986505	0.24078885	0.8093544299533921	0.6183636324814217	ENSG00000132970.14	WASF3	False
ENST00000360375	46.557076	2.3833954	3.2819571	0.8985617	0.4184942	0.836886090598871	0.3783105620608222	ENSG00000133739.16	LRRCC1	False
ENST00000542200	129.65558	3.9029157	4.801063	0.89814734	0.31717768	0.8118754707110037	0.4986973775996119	ENSG00000103723.17	AP3B2	False
ENST00000642011	163.4175	4.123835	5.0216975	0.89786243	0.35996658	0.8183278143069013	0.4437378228146356	ENSG00000203663.4	OR2L2	False
ENST00000327813	64.151024	3.1647422	4.062478	0.89773583	0.24691327	0.8093544299533921	0.6074555703796687	ENSG00000183762.13	KREMEN1	False
ENST00000261733	811.5679	6.8141503	7.7116065	0.89745617	0.14936863	0.8093544299533921	0.8257406056252001	ENSG00000111275.13	ALDH2	False
ENST00000641627	141.30852	4.20887	5.106317	0.8974471	0.26901093	0.8093544299533921	0.5702300720920526	ENSG00000170929.6	OR1M1	False
ENST00000395522	547.46155	6.4978237	7.3950934	0.8972697	0.03716546	0.8093544299533921	1.4298604963460415	ENSG00000128487.19	SPECC1	False
ENST00000369842	87.8	3.2991333	4.196318	0.89718485	0.29618913	0.8111088466013822	0.5284308848722993	ENSG00000102119.12	EMD	False
ENST00000569008	95.68291	1.4656076	2.3624687	0.8968611	0.6168468	0.8947523168136701	0.20982268400740692	ENSG00000134313.17	KIDINS220	False
ENST00000381677	61.740925	3.0752993	3.972035	0.89673567	0.25688127	0.8093544299533921	0.5902675656751913	ENSG00000132357.14	CARD6	False
ENST00000493594	41.32948	2.1812377	3.077847	0.8966093	0.4174423	0.8367259608007798	0.3794035537350105	ENSG00000117226.12	GBP3	False
ENST00000361464	468.31796	5.39386	6.290332	0.896472	0.46399498	0.8490390395771057	0.333486718220098	ENSG00000198408.14	OGA	False
ENST00000505213	371.7233	5.3020005	6.1984377	0.89643717	0.45969397	0.8479586958753978	0.33753119464631226	ENSG00000244754.9	N4BP2L2	False
ENST00000494201	14.427786	1.5340676	2.430487	0.8964193	0.28291085	0.8102614157364052	0.5483503909002302	ENSG00000198380.13	GFPT1	False
ENST00000371897	104.989586	4.1419544	5.0383086	0.8963542	0.086203165	0.8093544299533921	1.064476786729614	ENSG00000160326.14	SLC2A6	False
ENST00000586218	19.355999	1.599391	2.4955657	0.89617467	0.22280003	0.8093544299533921	0.6520847524780681	ENSG00000105518.14	TMEM205	False
ENST00000544123	7.9294586	0.7889897	1.6849227	0.895933	0.3950949	0.8290075231731883	0.40329857482737586	ENSG00000082397.18	EPB41L3	False
ENST00000278756	290.3656	4.980613	5.8765097	0.89589643	0.5629276	0.8746406637442441	0.24954745475061887	ENSG00000084234.18	APLP2	False
ENST00000369764	38.479176	2.3157313	3.211507	0.8957758	0.16984962	0.8093544299533921	0.7699354222964353	ENSG00000107960.12	STN1	False
ENST00000424272	19.037106	1.7606405	2.6562362	0.89559567	0.15906702	0.8093544299533921	0.7984198555189295	ENSG00000115594.12	IL1R1	False
ENST00000424347	383.57587	5.3342233	6.2296534	0.8954301	0.27769136	0.8093544299533921	0.5564376258321732	ENSG00000148019.14	CEP78	False
ENST00000505459	173.8713	4.3807497	5.2761464	0.8953967	0.31450573	0.8118754707110037	0.5023714430944951	ENSG00000153037.15	SRP19	False
ENST00000282701	23.291468	1.8106662	2.7060332	0.895367	0.17020176	0.8093544299533921	0.7690359443748166	ENSG00000152785.8	BMP3	False
ENST00000531383	9.008178	1.1413809	2.0365922	0.89521134	0.05189243	0.8093544299533921	1.2848959952729546	ENSG00000149541.10	B3GAT3	False
ENST00000321420	102.79854	3.3734467	4.2685413	0.89509463	0.3871736	0.8251442301950499	0.4120942711628212	ENSG00000178171.12	AMER3	False
ENST00000264276	28.961048	1.503995	2.3988044	0.8948095	0.42838144	0.8407052709125892	0.3681693505548661	ENSG00000003393.16	ALS2	False
ENST00000290209	9.0277605	0.4360347	1.330827	0.8947923	0.35837182	0.8182605935073269	0.4456661428464299	ENSG00000140199.13	SLC12A6	False
ENST00000053867	23.900501	1.1982368	2.0929668	0.89473	0.44862267	0.8470024537044705	0.3481187806067471	ENSG00000030582.19	GRN	False
ENST00000618425	35.475903	2.2990448	3.1937265	0.8946817	0.21106978	0.8093544299533921	0.6755739474491378	ENSG00000140987.21	ZSCAN32	False
ENST00000305108	71.9	3.0616913	3.9561229	0.8944316	0.41900575	0.8369928622965472	0.37778001551758283	ENSG00000171840.13	NINJ2	False
ENST00000520534	56.66261	3.198822	4.093021	0.8941989	0.08192436	0.8093544299533921	1.0865869611245225	ENSG00000187735.16	TCEA1	False
ENST00000590310	126.74497	3.7957563	4.6898327	0.89407635	0.3451295	0.81719736681995	0.46201793044166845	ENSG00000136448.13	NMT1	False
ENST00000671421	113.20516	3.9869528	4.8808737	0.8939209	0.26856878	0.8093544299533921	0.570944467188675	ENSG00000055130.18	CUL1	True
ENST00000424284	27.307888	2.276586	3.1701665	0.89358044	0.030113067	0.8093544299533921	1.5212450026775721	ENSG00000267060.7	PTGES3L	False
ENST00000383718	557.74445	6.054249	6.9478083	0.89355946	0.23129345	0.8093544299533921	0.6358366568926306	ENSG00000163681.17	SLMAP	False
ENST00000261822	37.572914	1.9970125	2.8905363	0.8935238	0.44544095	0.845708078626981	0.3512098621175375	ENSG00000110987.9	BCL7A	False
ENST00000432348	13.263234	1.232824	2.1263454	0.8935214	0.29958567	0.8113486273734618	0.5234789636283407	ENSG00000168393.13	DTYMK	True
ENST00000374747	350.28214	5.312923	6.206272	0.8933492	0.31303105	0.8118754707110037	0.5044125853765465	ENSG00000182446.15	NPLOC4	False
ENST00000425046	8.230999	0.7694126	1.6625344	0.8931218	0.251794	0.8093544299533921	0.5989546049701424	ENSG00000170364.13	SETMAR	False
ENST00000436577	29.710205	1.8639063	2.7569106	0.8930043	0.49854514	0.8546366691640166	0.30229551302426916	ENSG00000058091.17	CDK14	False
ENST00000271915	36.55991	2.4929872	3.3858025	0.89281535	0.06046753	0.8093544299533921	1.2184777709519736	ENSG00000143603.19	KCNN3	False
ENST00000265388	403.86743	5.415005	6.307786	0.8927808	0.17543659	0.8093544299533921	0.7558798322784147	ENSG00000064419.14	TNPO3	False
ENST00000375812	39.562115	2.129993	3.0227242	0.8927312	0.35632747	0.8175932215882654	0.4481506907067355	ENSG00000087191.14	PSMC5	False
ENST00000429348	69.1583	3.2836752	4.1761355	0.89246035	0.296443	0.8111088466013822	0.5280588215194842	ENSG00000177873.14	ZNF619	False
ENST00000642330	44.109795	2.4753647	3.36775	0.89238524	0.17531256	0.8093544299533921	0.7561869590716958	ENSG00000285130.2	ENSG00000285130	False
ENST00000703985	65.79503	3.1976078	4.0899734	0.8923657	0.19323277	0.8093544299533921	0.7139192098090055	ENSG00000011523.15	CEP68	False
ENST00000273582	65.48934	2.1353161	3.0276444	0.89232826	0.6056879	0.8899892143002557	0.21775109060245607	ENSG00000145016.17	RUBCN	False
ENST00000682095	69.23602	3.3711483	4.263211	0.8920624	0.16541341	0.8093544299533921	0.7814292866611936	ENSG00000102384.14	CENPI	False
ENST00000687522	193.79652	4.428147	5.3200755	0.8919287	0.45746738	0.8478742186373767	0.33963987080701763	ENSG00000165632.9	TAF3	False
ENST00000368131	97.25891	2.0288632	2.9206433	0.89178014	0.66639405	0.9121416038545769	0.1762688860612385	ENSG00000163565.20	IFI16	False
ENST00000399765	204.36916	4.661945	5.5536985	0.8917537	0.4315676	0.8412974625074756	0.3649511581173628	ENSG00000015475.19	BID	False
ENST00000651555	104.53584	3.8538637	4.7455235	0.89165974	0.22594656	0.8093544299533921	0.6459942653810139	ENSG00000160563.14	MED27	False
ENST00000571916	10.597291	1.2542077	2.1458268	0.8916191	0.40869102	0.8323007445595858	0.38860490601205483	ENSG00000185298.13	CCDC137	False
ENST00000647530	17.11929	1.7218419	2.613368	0.8915261	0.17763683	0.8093544299533921	0.750466980700441	ENSG00000184154.16	LRRC51	False
ENST00000491975	16.84189	1.1377409	2.0292559	0.891515	0.32938808	0.8142173533113395	0.48229211859479204	ENSG00000188092.15	GPR89B	False
ENST00000281806	28.057693	2.1462896	3.0376453	0.89135575	0.14512978	0.8093544299533921	0.8382434482903557	ENSG00000152034.11	MCHR2	False
ENST00000335791	57.3	2.8595068	3.7506647	0.89115787	0.36852387	0.8194459451468774	0.4335343815915395	ENSG00000136840.19	ST6GALNAC4	False
ENST00000568338	26.447317	1.9425449	2.8334634	0.8909185	0.16663478	0.8093544299533921	0.778234339346731	ENSG00000104731.14	KLHDC4	False
ENST00000261994	16.693354	1.5920554	2.4827218	0.89066637	0.27724284	0.8093544299533921	0.557139662047515	ENSG00000140093.10	SERPINA10	False
ENST00000592158	22.382122	1.7672333	2.657856	0.89062274	0.30439472	0.8118754707110037	0.5165628822323516	ENSG00000127616.22	SMARCA4	False
ENST00000695900	12.605499	1.0972883	1.9878991	0.8906108	0.32925695	0.8142173533113395	0.48246504673706797	ENSG00000147408.16	CSGALNACT1	False
ENST00000434491	41.96272	2.3166163	3.20722	0.8906038	0.404356	0.8306874263419329	0.3932361052505997	ENSG00000196083.11	IL1RAP	False
ENST00000378536	215.4	4.726724	5.617239	0.89051485	0.10630291	0.8093544299533921	0.9734548485007669	ENSG00000157933.11	SKI	False
ENST00000262942	23.8	1.8171142	2.7075293	0.8904151	0.4536567	0.8472077019271466	0.34327266760185215	ENSG00000241685.10	ARPC1A	False
ENST00000393977	49.297688	2.427831	3.3181798	0.8903489	0.40583223	0.8312293045789577	0.39165346442680804	ENSG00000135083.17	CCNJL	False
ENST00000603053	65.36549	2.9688675	3.8591583	0.89029074	0.25907528	0.8093544299533921	0.5865740170897701	ENSG00000242950.7	ERVW-1	False
ENST00000474471	46.586193	2.7865245	3.6764054	0.8898809	0.11395272	0.8093544299533921	0.94327530899589	ENSG00000153446.16	C16orf89	False
ENST00000263026	364.63123	5.4030814	6.2929115	0.8898301	0.1554246	0.8093544299533921	0.8084802559654607	ENSG00000103319.12	EEF2K	False
ENST00000494707	13.667272	0.6998801	1.5893719	0.8894918	0.45804393	0.8478742186373767	0.3390928649930725	ENSG00000156313.15	RPGR	False
ENST00000676910	76.46831	2.9304578	3.8198168	0.889359	0.40830553	0.8322411833574862	0.3890147425374402	ENSG00000082701.17	GSK3B	False
ENST00000333407	207.43729	4.790247	5.6793985	0.8891516	0.26537824	0.8093544299533921	0.5761346957819463	ENSG00000133477.17	FAM83F	False
ENST00000326775	168.04733	4.478718	5.367749	0.8890314	0.21238825	0.8093544299533921	0.672869519111452	ENSG00000196652.12	ZKSCAN5	False
ENST00000370141	51.897747	3.1255815	4.014544	0.8889625	0.09558444	0.8093544299533921	1.019612812390938	ENSG00000122435.11	TRMT13	False
ENST00000557181	10.219455	1.1203985	2.0091467	0.88874817	0.35406026	0.8173803121090482	0.4509228130632418	ENSG00000100823.12	APEX1	False
ENST00000267163	19.493671	0.6257108	1.5144475	0.88873667	0.44234398	0.84542268003105	0.35423987873153756	ENSG00000139687.17	RB1	False
ENST00000268673	279.2364	5.0764756	5.9651713	0.8886957	0.24646561	0.8093544299533921	0.6082436731025188	ENSG00000140992.19	PDPK1	False
ENST00000684765	34.641064	2.4517722	3.3404267	0.8886545	0.22575109	0.8093544299533921	0.6463701497313843	ENSG00000155906.20	RMND1	False
ENST00000703533	995.84845	7.182722	8.071362	0.88863945	0.20326316	0.8093544299533921	0.6919413193909056	ENSG00000187239.19	FNBP1	False
ENST00000392366	146.40598	4.254305	5.142346	0.888041	0.217884	0.8093544299533921	0.6617746521728627	ENSG00000197063.11	MAFG	False
ENST00000372422	105.2	3.7800531	4.667527	0.88747406	0.29684153	0.8111088466013822	0.527475335694029	ENSG00000137207.12	YIPF3	False
ENST00000455022	6.698073	0.82638955	1.7138325	0.88744295	0.14193244	0.8093544299533921	0.8479183225709072	ENSG00000152818.20	UTRN	False
ENST00000267257	421.4147	5.4188385	6.3059826	0.8871441	0.45533234	0.8473426594424552	0.34167150394621704	ENSG00000089159.17	PXN	False
ENST00000532405	322.80576	5.6769614	6.564073	0.88711166	0.05551538	0.8093544299533921	1.2555866931784139	ENSG00000140090.18	SLC24A4	False
ENST00000411932	51.28927	2.1699293	3.0568967	0.8869674	0.3485478	0.81719736681995	0.4577376709968498	ENSG00000180530.11	NRIP1	True
ENST00000550893	558.12427	6.326708	7.213449	0.88674116	0.16703191	0.8093544299533921	0.7772005423370089	ENSG00000139218.18	SCAF11	False
ENST00000703608	107.53786	3.891241	4.7779317	0.8866906	0.30221853	0.8118754707110037	0.5196789160581999	ENSG00000087191.14	PSMC5	True
ENST00000602719	26.94695	2.0238843	2.9104352	0.8865509	0.25339636	0.8093544299533921	0.5961996244402894	ENSG00000154102.11	C16orf74	True
ENST00000649796	113.21793	4.0500402	4.9365144	0.88647413	0.21733467	0.8093544299533921	0.6628709823392233	ENSG00000127955.17	GNAI1	False
ENST00000369880	194.98776	4.7985806	5.685019	0.88643837	0.18570717	0.8093544299533921	0.7311713356909763	ENSG00000214435.9	AS3MT	False
ENST00000262715	68.139854	3.3267386	4.2130475	0.8863089	0.19807325	0.8093544299533921	0.7031741657705214	ENSG00000129566.13	TEP1	False
ENST00000452800	52.533752	2.8494463	3.7355604	0.8861141	0.1768288	0.8093544299533921	0.7524469962738171	ENSG00000198062.16	POTEH	False
ENST00000358939	16.35856	1.3422798	2.2282686	0.88598883	0.48981676	0.85373409407385	0.30996636313928777	ENSG00000074603.19	DPP8	False
ENST00000547865	94.631294	3.4260225	4.3120093	0.8859868	0.21476828	0.8093544299533921	0.6680298698129784	ENSG00000123352.18	SPATS2	False
ENST00000706846	173.36252	3.6218288	4.5077715	0.8859427	0.6619482	0.9104548772915186	0.17917599179812596	ENSG00000067208.17	EVI5	False
ENST00000336257	82.42916	3.4859838	4.371702	0.88571835	0.19571486	0.8093544299533921	0.7083761959445891	ENSG00000135702.15	CHST5	False
ENST00000216445	69.2191	2.9791067	3.8646233	0.88551664	0.2877095	0.8109740254625081	0.5410457911319388	ENSG00000100557.10	CCDC198	False
ENST00000229179	139.90372	3.978989	4.8643374	0.88534856	0.26586387	0.8093544299533921	0.575340684973305	ENSG00000111581.10	NUP107	False
ENST00000533522	42.59286	2.2937663	3.178924	0.8851578	0.2594686	0.8093544299533921	0.5859152161479322	ENSG00000148057.16	IDNK	False
ENST00000356083	9.2	0.86335325	1.7485108	0.8851576	0.25083637	0.8093544299533921	0.6006094886680959	ENSG00000196739.15	COL27A1	False
ENST00000540918	5.529787	0.7104261	1.5953553	0.8849292	0.44730103	0.8459831455694948	0.3494001016219942	ENSG00000168234.13	TTC39C	False
ENST00000261749	69.25641	1.6759768	2.5607114	0.88473463	0.6448219	0.9046580195343775	0.19056023302326036	ENSG00000086666.19	ZFAND6	True
ENST00000393928	123.72207	3.54866	4.4333124	0.8846524	0.39350462	0.8284185470236078	0.4050501648187353	ENSG00000141696.13	P3H4	False
ENST00000372237	51.04611	2.8840532	3.7685213	0.8844681	0.103043236	0.8093544299533921	0.9869805117398751	ENSG00000126106.14	TMEM53	False
ENST00000272252	127.90399	4.1899424	5.07432	0.8843775	0.23374246	0.8093544299533921	0.6312623884509063	ENSG00000143891.17	GALM	False
ENST00000400405	36.094917	1.8874464	2.771453	0.8840065	0.29306534	0.8111088466013822	0.5330355422889634	ENSG00000215475.5	SIAH3	False
ENST00000432306	67.08476	3.4363241	4.3201203	0.8837962	0.21587923	0.8093544299533921	0.6657891362469772	ENSG00000151532.15	VTI1A	False
ENST00000574788	13.64812	1.3229011	2.2064486	0.8835474	0.12290553	0.8093544299533921	0.9104285759429255	ENSG00000129204.17	USP6	False
ENST00000507885	100.95141	3.5601578	4.443675	0.88351727	0.33614415	0.8158433703746901	0.47347444337800837	ENSG00000174796.12	THAP6	False
ENST00000595813	17.688478	1.4941759	2.3776073	0.88343143	0.15858722	0.8093544299533921	0.7997318212199694	ENSG00000170954.12	ZNF415	False
ENST00000451680	57.34551	2.7679052	3.651307	0.8834019	0.3357317	0.8158433703746901	0.47400766965018815	ENSG00000114738.11	MAPKAPK3	True
ENST00000374392	66.53531	3.3654242	4.248719	0.88329506	0.22952005	0.8093544299533921	0.6391793650979335	ENSG00000184454.7	NCMAP	False
ENST00000217893	43.24831	1.7708877	2.654024	0.88313615	0.3867396	0.8249689289783401	0.41258134323749074	ENSG00000273841.6	TAF9	False
ENST00000265641	347.79233	5.8780136	6.7607665	0.8827529	0.06196533	0.8093544299533921	1.2078512230419671	ENSG00000110090.13	CPT1A	False
ENST00000269980	39.743614	1.827609	2.7102687	0.8826598	0.35011384	0.81719736681995	0.4557907225856549	ENSG00000248098.12	BCKDHA	False
ENST00000543238	15.8	1.4013028	2.2838988	0.882596	0.11848688	0.8093544299533921	0.9263297316241481	ENSG00000103227.19	LMF1	False
ENST00000681024	168.87434	4.4544415	5.3369513	0.8825097	0.14782079	0.8093544299533921	0.8302644938519929	ENSG00000123607.16	TTC21B	False
ENST00000307720	154.08603	4.3261337	5.2084017	0.88226795	0.22417346	0.8093544299533921	0.649415811938384	ENSG00000171497.5	PPID	False
ENST00000254908	153.17862	4.2519307	5.134079	0.88214827	0.25935674	0.8093544299533921	0.586102466146003	ENSG00000132570.15	PCBD2	False
ENST00000311191	25.123526	2.1502109	3.0322208	0.88201	0.15151359	0.8093544299533921	0.8195484073659188	ENSG00000136141.15	LRCH1	False
ENST00000586649	23.447918	1.9859761	2.867976	0.88199985	0.1412697	0.8093544299533921	0.8499509809798032	ENSG00000105048.18	TNNT1	True
ENST00000714241	259.3024	4.1563897	5.0383196	0.8819299	0.69699496	0.9210956347302779	0.15677036210042153	ENSG00000141367.14	CLTC	False
ENST00000612226	47.292538	1.726154	2.6080408	0.88188684	0.48082075	0.8508353095404965	0.31801680276814853	ENSG00000173852.16	DPY19L1	False
ENST00000696806	51.681587	2.396317	3.2781746	0.88185763	0.40486085	0.8310603061091208	0.3926942129797044	ENSG00000101003.12	GINS1	False
ENST00000575977	44.902065	2.2648127	3.1464996	0.8816869	0.574301	0.8777929733665634	0.2408604241693856	ENSG00000108953.17	YWHAE	False
ENST00000601806	109.29928	3.808932	4.690539	0.8816068	0.33652315	0.8158433703746901	0.47298506044449123	ENSG00000105287.13	PRKD2	False
ENST00000409813	8.010272	1.1719352	2.0535054	0.8815702	0.44726503	0.8459831455694948	0.34943505739684283	ENSG00000077044.11	DGKD	False
ENST00000228799	13.328598	1.640872	2.5224376	0.8815656	0.23040812	0.8093544299533921	0.6375022249786068	ENSG00000111203.13	ITFG2	True
ENST00000714429	52.31764	2.8414395	3.7228754	0.8814359	0.19190857	0.8093544299533921	0.7169056348813982	ENSG00000117586.12	TNFSF4	False
ENST00000337400	15.871353	1.6410774	2.5224059	0.88132846	0.21399555	0.8093544299533921	0.6695952655443891	ENSG00000112033.14	PPARD	False
ENST00000622513	55.747314	2.4932778	3.3745477	0.88126993	0.26240495	0.8093544299533921	0.5810279792268518	ENSG00000165533.19	TTC8	False
ENST00000644646	163.95775	4.081142	4.9623923	0.8812504	0.18518507	0.8093544299533921	0.7323940186827289	ENSG00000134444.15	RELCH	False
ENST00000256425	45.905907	2.3397043	3.2208629	0.8811586	0.2968264	0.8111088466013822	0.5274974862454901	ENSG00000134042.14	MRO	False
ENST00000446947	97.62828	2.555991	3.436819	0.88082814	0.61051375	0.8920468181599023	0.21430455274214258	ENSG00000132405.19	TBC1D14	False
ENST00000375218	36.56655	2.4548647	3.3356795	0.8808148	0.25545594	0.8093544299533921	0.5926839927783863	ENSG00000127481.15	UBR4	False
ENST00000341065	39.00831	2.6992924	3.5797968	0.88050437	0.2071362	0.8093544299533921	0.6837439976815244	ENSG00000187634.13	SAMD11	False
ENST00000327381	77.39365	3.217704	4.0981216	0.8804176	0.193233	0.8093544299533921	0.7139187074494798	ENSG00000206579.10	XKR4	False
ENST00000424320	11.6	1.3561372	2.236423	0.88028586	0.15199928	0.8093544299533921	0.8181584696539784	ENSG00000118473.23	SGIP1	False
ENST00000464497	146.13388	4.059151	4.939127	0.8799758	0.29717547	0.8111088466013822	0.526987046123048	ENSG00000122705.18	CLTA	False
ENST00000651359	21.284607	1.4856987	2.3654912	0.87979245	0.3308139	0.8142173533113395	0.4804162316475043	ENSG00000056972.21	TRAF3IP2	True
ENST00000365779	37.440105	2.6991062	3.5788581	0.8797519	0.18289787	0.8093544299533921	0.7377913622586514	ENSG00000012174.12	MBTPS2	False
ENST00000524160	33.250374	2.1089756	2.9884784	0.8795028	0.20491213	0.8093544299533921	0.6884323406374155	ENSG00000256061.7	DNAAF4	False
ENST00000591768	442.81818	5.5527015	6.432198	0.8794966	0.32112923	0.8125420389446386	0.4933201584678532	ENSG00000170832.13	USP32	False
ENST00000542859	408.3862	5.2036705	6.0830526	0.87938213	0.45772928	0.8478742186373767	0.33939130576469956	ENSG00000073910.23	FRY	False
ENST00000525286	14.131113	1.1912496	2.070626	0.8793764	0.20627311	0.8093544299533921	0.6855573861587271	ENSG00000138303.19	ASCC1	False
ENST00000295759	72.15361	3.3082495	4.187624	0.8793745	0.13266888	0.8093544299533921	0.8772309286517351	ENSG00000163521.16	GLB1L	False
ENST00000370748	24.1	1.9697984	2.8489876	0.87918913	0.24177802	0.8093544299533921	0.6165831903432262	ENSG00000151917.18	BEND6	False
ENST00000399220	49.597992	1.7914516	2.6701338	0.87868226	0.65896064	0.9101517354341213	0.18114052494218896	ENSG00000168329.14	CX3CR1	False
ENST00000281146	13.304744	1.0602325	1.9386132	0.87838066	0.36997595	0.81949735002274	0.43182650095108416	ENSG00000151470.13	C4orf33	False
ENST00000651731	13.067055	1.1698346	2.0480065	0.8781719	0.11631688	0.8093544299533921	0.9343572655908721	ENSG00000143549.22	TPM3	True
ENST00000681009	196.09271	3.4078028	4.2859564	0.87815356	0.5396953	0.867777183814941	0.26785134590614845	ENSG00000123983.15	ACSL3	False
ENST00000638228	17.1	1.63164	2.5091336	0.8774936	0.22129692	0.8093544299533921	0.6550246278272507	ENSG00000284209.3	CCNYL1B	False
ENST00000493293	23.084257	2.1701965	3.0476747	0.8774781	0.15998729	0.8093544299533921	0.7959145295647277	ENSG00000058085.15	LAMC2	False
ENST00000245912	762.5317	6.567735	7.444779	0.8770437	0.19073199	0.8093544299533921	0.7195764660114965	ENSG00000125735.11	TNFSF14	False
ENST00000448526	4.928258	0.5664637	1.4434723	0.87700856	0.20304278	0.8093544299533921	0.6924124588357377	ENSG00000124762.14	CDKN1A	False
ENST00000526283	99.54894	3.5055943	4.38246	0.87686586	0.35672998	0.817624798716677	0.44766038530263524	ENSG00000173039.20	RELA	False
ENST00000255784	100.15657	3.8450377	4.721773	0.87673545	0.17012142	0.8093544299533921	0.7692410099595359	ENSG00000100147.14	CCDC134	False
ENST00000713542	23.456053	1.6420741	2.5186913	0.8766172	0.3305222	0.8142173533113395	0.4807993528247571	ENSG00000066336.13	SPI1	True
ENST00000313503	51.015312	2.46017	3.3366673	0.87649727	0.3232917	0.8140535395798091	0.4904054596304363	ENSG00000181767.3	OR8H2	False
ENST00000388718	67.41751	2.8726313	3.7487972	0.87616587	0.350222	0.81719736681995	0.45565658668156145	ENSG00000143520.6	FLG2	True
ENST00000424877	415.9936	3.1741571	4.0502195	0.8760624	0.6742169	0.9142632374641173	0.1712003487912667	ENSG00000055609.21	KMT2C	False
ENST00000503570	40.36571	2.7582333	3.6342115	0.87597823	0.22866128	0.8093544299533921	0.6408073624304035	ENSG00000138772.13	ANXA3	False
ENST00000572954	9.919871	0.9783352	1.8541381	0.87580293	0.39893258	0.8298121044971967	0.39910049846742945	ENSG00000103363.16	ELOB	False
ENST00000357796	12.214979	0.93885213	1.8142691	0.87541693	0.35949227	0.8183252159569281	0.44431044103530637	ENSG00000196993.9	NPIPB9	False
ENST00000506763	92.21144	3.3645022	4.2399035	0.87540126	0.28880873	0.8109740254625081	0.5393896783668568	ENSG00000214367.10	HAUS3	False
ENST00000523180	68.95389	2.9620187	3.8370714	0.8750527	0.32535788	0.8142173533113395	0.4876386648500839	ENSG00000167904.16	TMEM68	False
ENST00000326361	172.75937	4.2594285	5.134442	0.87501335	0.43207958	0.8415612999809857	0.3644362544557277	ENSG00000121864.10	ZNF639	False
ENST00000644966	34.728806	2.2065785	3.0814977	0.8749192	0.1860967	0.8093544299533921	0.7302613325825091	ENSG00000127990.19	SGCE	True
ENST00000338252	14.362854	0.9788127	1.8536458	0.8748331	0.559793	0.8736417902867227	0.25197254005205383	ENSG00000153113.24	CAST	False
ENST00000555000	17.873528	1.6729125	2.5476658	0.87475336	0.20736979	0.8093544299533921	0.6832545132183755	ENSG00000054983.17	GALC	False
ENST00000231484	10.5	0.96910685	1.8438239	0.87471706	0.22029065	0.8093544299533921	0.6570039435914463	ENSG00000113555.6	PCDH12	False
ENST00000361785	348.72287	5.1054025	5.9799232	0.8745208	0.47486737	0.8500118764885034	0.32342766808206713	ENSG00000082996.20	RNF13	False
ENST00000248306	73.24716	3.0214224	3.8959305	0.87450814	0.26610816	0.8093544299533921	0.5749418156927292	ENSG00000127720.8	METTL25	False
ENST00000262244	27.2	2.1492023	3.0237057	0.8745034	0.19396093	0.8093544299533921	0.7122857312841081	ENSG00000120162.10	MOB3B	False
ENST00000380454	48.48185	2.718153	3.5926104	0.87445736	0.39583474	0.8293641072483107	0.4024860887170943	ENSG00000124588.22	NQO2	False
ENST00000515010	6975.415	9.832402	10.706836	0.8744335	0.26130852	0.8093544299533921	0.5828464280951594	ENSG00000082074.19	FYB1	False
ENST00000268482	39.090523	2.2988918	3.173305	0.87441325	0.27692243	0.8093544299533921	0.5576418589363185	ENSG00000140829.12	DHX38	False
ENST00000375259	44.022167	2.554574	3.4289691	0.87439513	0.16754332	0.8093544299533921	0.7758728781384702	ENSG00000130958.13	SLC35D2	False
ENST00000474602	42.03129	2.7315292	3.605911	0.8743818	0.24280429	0.8093544299533921	0.6147436462064297	ENSG00000081377.17	CDC14B	False
ENST00000293761	13.514425	1.3834265	2.2575295	0.87410295	0.29883212	0.8111088466013822	0.52457272632605	ENSG00000161905.13	ALOX15	False
ENST00000697039	13.105082	1.0569124	1.930948	0.8740356	0.5532983	0.8717352478286011	0.25704066842885476	ENSG00000101577.11	LPIN2	False
ENST00000538254	353.92334	5.1165204	5.990426	0.87390566	0.46332642	0.8488197498301115	0.334112930475451	ENSG00000022840.17	RNF10	True
ENST00000696679	12.811693	1.513237	2.387088	0.87385106	0.0911066	0.8093544299533921	1.0404501554108703	ENSG00000187790.12	FANCM	False
ENST00000366959	26.570385	1.615076	2.4887605	0.8736845	0.4603963	0.8481416265840513	0.3368681848572567	ENSG00000136643.12	RPS6KC1	False
ENST00000355774	10.590651	1.3879343	2.261509	0.8735746	0.24505216	0.8093544299533921	0.610741467136522	ENSG00000119684.16	MLH3	False
ENST00000676299	165.9167	4.043514	4.916995	0.8734813	0.3757663	0.8225384169036473	0.42508216327165066	ENSG00000107890.17	ANKRD26	False
ENST00000714395	41.519386	2.6004424	3.47384	0.8733976	0.19070116	0.8093544299533921	0.7196466723758189	ENSG00000071242.13	RPS6KA2	False
ENST00000456806	55.902412	3.0355186	3.9088778	0.8733592	0.22006318	0.8093544299533921	0.65745261613444	ENSG00000214652.7	ZNF727	False
ENST00000361948	61.844185	3.2041728	4.0775137	0.87334085	0.18756187	0.8093544299533921	0.7268554468536568	ENSG00000122970.16	IFT81	False
ENST00000553522	16.61126	1.6448193	2.5181572	0.873338	0.10784471	0.8093544299533921	0.9672011516474668	ENSG00000176153.13	GPX2	False
ENST00000434050	61.13375	3.0195735	3.8928738	0.8733003	0.22440006	0.8093544299533921	0.6489770344127956	ENSG00000182979.18	MTA1	False
ENST00000557924	1256.9081	7.29842	8.171685	0.87326527	0.25073874	0.8093544299533921	0.6007785609191033	ENSG00000137776.17	SLTM	False
ENST00000553851	21.4	1.880742	2.7539287	0.8731867	0.19568433	0.8093544299533921	0.7084439533014988	ENSG00000243279.4	PRAF2	False
ENST00000267811	66.547134	3.1008136	3.9732838	0.87247014	0.26787958	0.8093544299533921	0.5720603979622406	ENSG00000140262.18	TCF12	False
ENST00000377939	66.6968	3.3136413	4.1860027	0.8723614	0.17588773	0.8093544299533921	0.7547644469158887	ENSG00000158286.13	RNF207	False
ENST00000313146	21.474213	1.0449294	1.9172878	0.87235844	0.5617118	0.8742376023720555	0.25048646185162066	ENSG00000143319.17	ISG20L2	False
ENST00000490734	237.51807	4.675951	5.5482144	0.87226343	0.36093944	0.8185742609699567	0.4425656560684126	ENSG00000136279.21	DBNL	False
ENST00000593165	12.121218	1.3314756	2.203619	0.8721434	0.23518027	0.8093544299533921	0.6285991086304762	ENSG00000152240.13	HAUS1	True
ENST00000599743	27.263617	2.355813	3.2278605	0.8720474	0.038505383	0.8093544299533921	1.4144785543225542	ENSG00000167232.14	ZNF91	False
ENST00000672805	25.637836	2.1007712	2.9722633	0.87149215	0.06740339	0.8093544299533921	1.1713182539526654	ENSG00000186575.20	NF2	False
ENST00000641693	31.745981	2.293277	3.1647062	0.8714292	0.24011186	0.8093544299533921	0.619586392271328	ENSG00000221836.4	OR2A5	False
ENST00000251089	97.89937	3.7541895	4.625608	0.8714185	0.27576607	0.8093544299533921	0.5594591627262037	ENSG00000013523.12	ANGEL1	False
ENST00000222005	163.86156	4.33992	5.2111087	0.87118864	0.38270828	0.823716002720574	0.4171321401410835	ENSG00000105401.9	CDC37	False
ENST00000217740	284.85553	5.2817206	6.1525106	0.87079	0.09601104	0.8093544299533921	1.0176788142288007	ENSG00000101695.9	RNF125	False
ENST00000567357	30.205072	1.8625768	2.7333584	0.87078154	0.26383394	0.8093544299533921	0.5786693368440675	ENSG00000166548.17	TK2	False
ENST00000392865	198.89996	3.7694016	4.6401434	0.87074184	0.6848232	0.9173021276178854	0.16442152581500605	ENSG00000148908.15	RGS10	False
ENST00000199814	124.39244	3.8100188	4.680754	0.8707354	0.3449372	0.81719736681995	0.4622599596152151	ENSG00000086589.12	RBM22	False
ENST00000264657	324.09348	4.897596	5.7682805	0.8706846	0.42350787	0.8383801082574476	0.3731385155875118	ENSG00000168610.17	STAT3	False
ENST00000249289	86.2	3.3457415	4.2162066	0.87046504	0.2805583	0.8093544299533921	0.5519768970842419	ENSG00000128524.5	ATP6V1F	False
ENST00000507281	127.277626	3.6935673	4.5640197	0.8704524	0.30805254	0.8118754707110037	0.5113752061933237	ENSG00000138780.15	GSTCD	False
ENST00000674352	12.422747	1.2009764	2.0714238	0.8704474	0.21805231	0.8093544299533921	0.6614393027015958	ENSG00000151490.15	PTPRO	True
ENST00000515326	29.965967	1.6460408	2.5162349	0.8701941	0.5087574	0.8562594664645493	0.2934892501882092	ENSG00000172262.12	ZNF131	False
ENST00000611216	113.72395	4.0584307	4.9286213	0.8701906	0.15254764	0.8093544299533921	0.8165944993861539	ENSG00000089094.20	KDM2B	False
ENST00000456089	71.54193	3.2049177	4.074633	0.86971545	0.32040474	0.8125420389446386	0.49430107013587726	ENSG00000213689.14	TREX1	False
ENST00000379786	424.18164	5.2932987	6.16294	0.8696413	0.48673388	0.8529381765683051	0.31270841961497425	ENSG00000205352.11	PRR13	False
ENST00000577053	21.70003	2.0848424	2.954367	0.8695245	0.21152578	0.8093544299533921	0.6746366887744296	ENSG00000132386.11	SERPINF1	True
ENST00000512091	11.6	1.1099863	1.9794605	0.8694742	0.3216674	0.8127965721102692	0.49259294724852476	ENSG00000150471.17	ADGRL3	False
ENST00000678200	78.597	3.0119457	3.8813148	0.86936903	0.48253787	0.8514557166319144	0.3164686010917738	ENSG00000067560.14	RHOA	False
ENST00000354221	100.48003	3.799956	4.669133	0.8691771	0.23458631	0.8093544299533921	0.6296973298276101	ENSG00000162999.13	DUSP19	False
ENST00000313400	41.734123	2.6898243	3.5589585	0.8691342	0.14531203	0.8093544299533921	0.8376984416452378	ENSG00000148219.18	ASTN2	False
ENST00000698925	22.723896	1.1987079	2.0678387	0.86913073	0.5646791	0.8754680767596784	0.24819829675489874	ENSG00000138231.14	DBR1	False
ENST00000404008	34.29685	2.245893	3.1145976	0.86870456	0.29489818	0.8111088466013822	0.530327904569428	ENSG00000106346.12	USP42	False
ENST00000565308	18.276546	1.3369159	2.2055876	0.8686718	0.19273263	0.8093544299533921	0.7150447473721334	ENSG00000224578.5	HNRNPA1L3	False
ENST00000682066	10.099357	1.3541561	2.2228131	0.868657	0.02975818	0.8093544299533921	1.5263936400312905	ENSG00000136492.10	BRIP1	False
ENST00000413146	22.4	2.1507113	3.0192366	0.86852527	0.063250996	0.8093544299533921	1.1989326301714065	ENSG00000120949.15	TNFRSF8	False
ENST00000431473	28.298489	2.0884354	2.9568677	0.8684323	0.101826765	0.8093544299533921	0.9921380549158137	ENSG00000177181.15	RIMKLA	False
ENST00000496306	32.30767	1.6490687	2.5174284	0.8683597	0.5006319	0.8548764927378353	0.30048145615643346	ENSG00000074416.16	MGLL	False
ENST00000490016	11.830652	0.7470271	1.6152813	0.86825424	0.22119325	0.8093544299533921	0.6552281223847968	ENSG00000069020.19	MAST4	False
ENST00000616763	32.66714	1.8702779	2.738531	0.86825323	0.50805855	0.8558786284660064	0.2940862373288187	ENSG00000188234.15	AGAP4	False
ENST00000587739	58.64154	3.0484583	3.9165099	0.8680515	0.23173594	0.8093544299533921	0.6350065972202628	ENSG00000167670.16	CHAF1A	False
ENST00000398545	17.4	1.1415423	2.0090578	0.86751544	0.23238392	0.8093544299533921	0.6337939233561145	ENSG00000172361.6	CFAP53	False
ENST00000711580	210.55289	4.471454	5.3388896	0.86743546	0.41007483	0.8324648546020382	0.3871368864149907	ENSG00000109536.13	FRG1	False
ENST00000437951	36.271538	1.9811224	2.8484387	0.86731637	0.33306292	0.8148546909488805	0.47747371867886435	ENSG00000185920.19	PTCH1	False
ENST00000375169	66.80314	3.3831193	4.250295	0.8671758	0.14145613	0.8093544299533921	0.8493782363506659	ENSG00000196632.12	WNK3	False
ENST00000407010	65.27989	3.4215257	4.288472	0.86694646	0.15846142	0.8093544299533921	0.800076451868264	ENSG00000214960.11	CRPPA	False
ENST00000447393	186.78215	4.8166327	5.683509	0.8668761	0.038734052	0.8093544299533921	1.4119070650432075	ENSG00000179364.15	PACS2	False
ENST00000650167	29.227203	2.3847759	3.2515738	0.8667979	0.1996231	0.8093544299533921	0.6997892196305494	ENSG00000060749.17	QSER1	False
ENST00000270221	194.58836	4.773463	5.6400814	0.86661863	0.08587125	0.8093544299533921	1.0661522180167184	ENSG00000142227.11	EMP3	False
ENST00000525159	102.0297	3.6063387	4.4729447	0.866606	0.30736366	0.8118754707110037	0.5123474822053496	ENSG00000078902.16	TOLLIP	False
ENST00000419185	10.496029	0.9019539	1.7682915	0.8663376	0.3461303	0.81719736681995	0.46076036679650256	ENSG00000047634.15	SCML1	False
ENST00000341671	27.31255	2.0002081	2.8664174	0.86620927	0.13161878	0.8093544299533921	0.8806821295810484	ENSG00000185158.13	LRRC37B	False
ENST00000262376	338.24203	5.1784754	6.044563	0.86608744	0.4620146	0.8481416265840513	0.33534431361368977	ENSG00000118900.15	UBN1	False
ENST00000574763	16.37778	0.8969032	1.7626511	0.86574787	0.17403696	0.8093544299533921	0.759358499461948	ENSG00000189067.14	LITAF	False
ENST00000433642	103.66194	3.7199402	4.5856347	0.8656945	0.30942369	0.8118754707110037	0.5094464459592714	ENSG00000189114.8	BLOC1S3	False
ENST00000640672	66.31643	3.0569715	3.922467	0.86549544	0.36783653	0.8193508141103384	0.4343451371129488	ENSG00000121897.15	LIAS	False
ENST00000397558	21.334259	1.8592185	2.724336	0.86511743	0.2606892	0.8093544299533921	0.583876962404966	ENSG00000135127.12	BICDL1	False
ENST00000359047	11.541756	1.1078163	1.9727478	0.86493146	0.28603068	0.8109512157926233	0.5435873815053868	ENSG00000119121.23	TRPM6	False
ENST00000431489	18.515081	1.3178861	2.1828175	0.86493134	0.43737942	0.8431273635154642	0.3591416558571377	ENSG00000115504.15	EHBP1	False
ENST00000706274	18.654453	1.4323474	2.2972655	0.8649181	0.36767352	0.8192702949872638	0.4345376514760059	ENSG00000276644.5	DACH1	False
ENST00000244745	304.04022	5.423884	6.2887535	0.8648696	0.08087995	0.8093544299533921	1.0921591310889245	ENSG00000124766.7	SOX4	False
ENST00000697747	53.895527	1.9531093	2.817893	0.86478376	0.56581104	0.8756247794447481	0.2473285844448931	ENSG00000153201.17	RANBP2	False
ENST00000697488	19.35475	1.1556692	2.020194	0.86452484	0.5687957	0.876453437893594	0.245043709966572	ENSG00000289731.3	ENSG00000289731	False
ENST00000510985	22.0	1.3704767	2.2344882	0.8640115	0.4221538	0.838029552988072	0.3745292963425052	ENSG00000163312.11	HELQ	False
ENST00000571427	29.99049	2.3158638	3.1798677	0.8640039	0.34775403	0.81719736681995	0.45872782664661343	ENSG00000141527.19	CARD14	False
ENST00000574662	13.393835	1.3881963	2.2521756	0.8639792	0.25509447	0.8093544299533921	0.5932989584240109	ENSG00000103056.12	SMPD3	False
ENST00000679994	7.217196	0.70473355	1.5686858	0.8639522	0.47700986	0.8504371505934152	0.321472641389393	ENSG00000018510.18	AGPS	False
ENST00000628375	129.56595	4.2495527	5.113281	0.86372805	0.23925444	0.8093544299533921	0.6211399852104772	ENSG00000173575.24	CHD2	True
ENST00000475465	12.60027	1.421146	2.2845736	0.8634275	0.076644264	0.8093544299533921	1.1155203409554757	ENSG00000131174.7	COX7B	False
ENST00000264313	65.09529	2.5312603	3.3946657	0.86340547	0.42393816	0.8384024579381989	0.37269749441096706	ENSG00000109171.15	SLAIN2	False
ENST00000322247	104.40914	3.7172368	4.5805464	0.8633096	0.33857176	0.8165573104081602	0.47034927262011356	ENSG00000177150.13	FAM210A	False
ENST00000590769	1744.96	7.8659225	8.729218	0.8632951	0.18483643	0.8093544299533921	0.7332124227056851	ENSG00000118900.15	UBN1	False
ENST00000336125	853.97217	6.6762443	7.5391426	0.86289835	0.14734207	0.8093544299533921	0.8316732302985717	ENSG00000185829.19	ARL17A	False
ENST00000477560	30.982525	1.5470852	2.4098077	0.8627225	0.2622714	0.8093544299533921	0.5812490584234823	ENSG00000109184.15	DCUN1D4	False
ENST00000611820	26.788738	1.0704759	1.932951	0.86247504	0.40692478	0.831725697822197	0.39048585817733267	ENSG00000147050.18	KDM6A	False
ENST00000274711	11.890933	1.5759038	2.4381247	0.8622209	0.21718742	0.8093544299533921	0.6631653346325315	ENSG00000146006.8	LRRTM2	False
ENST00000698218	38.99784	2.499315	3.3614206	0.8621056	0.20445451	0.8093544299533921	0.6894033020513783	ENSG00000101109.13	STK4	True
ENST00000299705	17.8	1.5731592	2.435244	0.86208487	0.24723175	0.8093544299533921	0.6068957540765467	ENSG00000166557.14	TMED3	True
ENST00000394480	58.99047	2.3792217	3.2412982	0.8620765	0.3325768	0.8148546909488805	0.47810803494094994	ENSG00000140538.17	NTRK3	False
ENST00000496807	18.563555	1.463995	2.3259096	0.86191463	0.29786244	0.8111088466013822	0.5259842566981882	ENSG00000188817.8	SNTN	False
ENST00000639589	63.02967	3.0976248	3.959474	0.8618493	0.22585185	0.8093544299533921	0.6461763501490257	ENSG00000139174.12	PRICKLE1	False
ENST00000645375	145.19693	4.141907	5.0037327	0.86182547	0.37064007	0.8198846983327395	0.4310476316661149	ENSG00000124733.5	MEA1	False
ENST00000321990	156.70157	4.435601	5.2974253	0.86182404	0.2865335	0.8109740254625081	0.5428245881251865	ENSG00000176208.9	ATAD5	False
ENST00000680645	18.328707	1.5945927	2.456396	0.8618034	0.06140145	0.8093544299533921	1.2118213788952068	ENSG00000168014.18	C2CD3	False
ENST00000270458	169.77478	4.6549673	5.5166373	0.86167	0.055040423	0.8093544299533921	1.2593182384584118	ENSG00000142408.7	CACNG8	False
ENST00000369464	25.016783	1.9245118	2.7861724	0.8616606	0.11335656	0.8093544299533921	0.9455533401788876	ENSG00000134253.10	TRIM45	False
ENST00000493518	536.6331	5.95497	6.8166246	0.86165476	0.32357946	0.8142173533113395	0.4900190535791202	ENSG00000151893.15	CACUL1	False
ENST00000559624	105.02527	3.8148367	4.6760683	0.86123157	0.33486968	0.8158433703746901	0.4751241692517317	ENSG00000128829.12	EIF2AK4	False
ENST00000637935	11.9	0.80262476	1.663661	0.86103624	0.18328112	0.8093544299533921	0.7368822612894486	ENSG00000182621.19	PLCB1	True
ENST00000598219	39.686028	2.581272	3.4422257	0.8609538	0.20185006	0.8093544299533921	0.6949711243709775	ENSG00000141985.9	SH3GL1	False
ENST00000491788	38.22439	2.287009	3.1479006	0.8608916	0.33131877	0.8142173533113395	0.479753965003196	ENSG00000186532.12	SMYD4	False
ENST00000593244	13.991916	1.1663965	2.027071	0.8606745	0.27023306	0.8093544299533921	0.5682615131205048	ENSG00000179873.14	NLRP11	False
ENST00000412331	444.6879	5.591423	6.451741	0.8603182	0.34442407	0.81719736681995	0.462906506935954	ENSG00000100129.18	EIF3L	False
ENST00000412157	63.510517	2.8815908	3.7417243	0.8601334	0.25379482	0.8093544299533921	0.5955172476945876	ENSG00000184209.15	SNRNP35	False
ENST00000517325	31.11314	1.9069487	2.76697	0.86002123	0.3388163	0.8167820059975912	0.470035723566882	ENSG00000147457.14	CHMP7	True
ENST00000698072	24.971666	1.7922281	2.6522129	0.85998476	0.21311375	0.8093544299533921	0.6713885187396728	ENSG00000135905.21	DOCK10	False
ENST00000322569	35.437103	2.6360009	3.495974	0.8599732	0.16565067	0.8093544299533921	0.7808068143227351	ENSG00000123342.16	MMP19	False
ENST00000442267	30.3	1.9132867	2.7732291	0.85994244	0.31213573	0.8118754707110037	0.5056565203145245	ENSG00000109436.8	TBC1D9	False
ENST00000313843	64.47643	3.35798	4.2175045	0.8595245	0.029028181	0.8093544299533921	1.5371801778167857	ENSG00000103496.15	STX4	False
ENST00000598776	70.287346	2.3657184	3.2252223	0.859504	0.36984333	0.8194459451468774	0.4319822045966833	ENSG00000171049.9	FPR2	False
ENST00000338382	8.0	0.95753795	1.8168232	0.8592853	0.3693309	0.8194459451468774	0.4325843405782287	ENSG00000188352.13	FOCAD	False
ENST00000264220	37.83181	2.6329372	3.4921906	0.8592534	0.2659631	0.8093544299533921	0.5751786016644574	ENSG00000128059.8	PPAT	False
ENST00000536870	8.067653	0.9741965	1.8334193	0.8592228	0.3170155	0.8118754707110037	0.49891950462127993	ENSG00000149716.13	LTO1	True
ENST00000533683	39.0	2.6866894	3.545844	0.8591547	0.10358796	0.8093544299533921	0.9846907083198961	ENSG00000141858.12	SAMD1	False
ENST00000480896	120.62758	3.6180665	4.477169	0.8591025	0.6591431	0.9101517354341213	0.18102029624137472	ENSG00000160299.19	PCNT	False
ENST00000580087	23.453308	2.174378	3.0333936	0.8590157	0.17080851	0.8093544299533921	0.7674904983056192	ENSG00000075336.12	TIMM21	False
ENST00000613228	200.54572	4.828625	5.687523	0.8588977	0.19360624	0.8093544299533921	0.7130806436398124	ENSG00000132915.12	PDE6A	False
ENST00000372979	52.43506	3.1021101	3.9609947	0.8588846	0.15446395	0.8093544299533921	0.8111728723854735	ENSG00000122882.11	ECD	False
ENST00000396137	178.3	4.815637	5.674391	0.8587537	0.045339607	0.8093544299533921	1.3435222514734988	ENSG00000152409.9	JMY	False
ENST00000263798	351.5922	5.3842945	6.2429924	0.8586979	0.2976909	0.8111088466013822	0.5262344435884992	ENSG00000092445.12	TYRO3	False
ENST00000311765	332.7036	5.8068657	6.665556	0.85869026	0.06152128	0.8093544299533921	1.2109746333331715	ENSG00000172840.7	PDP2	False
ENST00000252211	509.00928	5.9657454	6.824098	0.85835266	0.196276	0.8093544299533921	0.7071328141645534	ENSG00000189298.14	ZKSCAN3	False
ENST00000396623	16.05828	0.9899046	1.848228	0.8583234	0.3749462	0.822029190427276	0.42603103563814493	ENSG00000147576.17	ADHFE1	False
ENST00000404141	37.259228	2.513826	3.3717964	0.8579705	0.27166513	0.8093544299533921	0.5659661088062808	ENSG00000157212.20	PAXIP1	False
ENST00000326448	9.044874	0.76055384	1.6184669	0.857913	0.36802393	0.8194459451468774	0.4341239389651545	ENSG00000068885.15	IFT80	False
ENST00000333577	21.116756	1.0418707	1.8996733	0.8578026	0.53903127	0.8674016790198471	0.26838604230143764	ENSG00000183495.15	EP400	False
ENST00000425673	216.44775	4.8068647	5.6645207	0.857656	0.1768808	0.8093544299533921	0.7523192897767785	ENSG00000090924.15	PLEKHG2	False
ENST00000686167	29.595709	2.391354	3.2487907	0.85743666	0.13082385	0.8093544299533921	0.8833130721166523	ENSG00000103018.18	CYB5B	True
ENST00000691414	148.65529	4.3629107	5.220265	0.85735416	0.27047452	0.8093544299533921	0.5678736359501774	ENSG00000011405.14	PIK3C2A	False
ENST00000549332	422.8047	6.1661816	7.0234866	0.85730505	0.059739698	0.8093544299533921	1.2237369792022406	ENSG00000113649.14	TCERG1	False
ENST00000474879	41.1	2.6505878	3.5077844	0.85719657	0.20056325	0.8093544299533921	0.6977486372562057	ENSG00000100258.18	LMF2	False
ENST00000681599	15.442958	1.7686948	2.6258776	0.85718286	0.1992008	0.8093544299533921	0.7007089346227049	ENSG00000119682.18	AREL1	False
ENST00000393461	106.22909	3.9405518	4.7977233	0.85717154	0.22115561	0.8093544299533921	0.6553020323243489	ENSG00000158955.11	WNT9B	False
ENST00000391611	30.893147	2.1389477	2.996015	0.85706735	0.2417847	0.8093544299533921	0.6165711724609235	ENSG00000126773.13	PCNX4	False
ENST00000261609	138.9781	4.522353	5.379417	0.8570638	0.119829014	0.8093544299533921	0.9214380144172061	ENSG00000128731.18	HERC2	False
ENST00000460236	284.37445	4.8878107	5.744533	0.85672235	0.44701576	0.8459831455694948	0.3496771628370589	ENSG00000129292.21	PHF20L1	False
ENST00000382496	56.679127	3.1133451	3.9700305	0.8566854	0.10040975	0.8093544299533921	0.9982240985667641	ENSG00000112902.12	SEMA5A	False
ENST00000463558	33.125114	1.988308	2.844891	0.8565831	0.47078073	0.8496539504698483	0.32718132178112996	ENSG00000119636.16	BBOF1	False
ENST00000693281	59.08664	2.2425654	3.0990708	0.8565054	0.55193335	0.8707003204247253	0.25811336478141333	ENSG00000167004.14	PDIA3	False
ENST00000452135	45.117397	2.7388046	3.5952654	0.8564608	0.21255487	0.8093544299533921	0.6725289359845926	ENSG00000050748.18	MAPK9	False
ENST00000677752	78.58421	3.0453975	3.9017649	0.85636735	0.6411967	0.9030378888992515	0.19300870266626818	ENSG00000101577.11	LPIN2	False
ENST00000590472	8.415632	0.84564334	1.7017555	0.8561122	0.31549245	0.8118754707110037	0.501011027688744	ENSG00000105607.14	GCDH	False
ENST00000517883	218.31873	4.945227	5.8012047	0.85597754	0.19181687	0.8093544299533921	0.7171132081066067	ENSG00000159239.13	ENSG00000159239	False
ENST00000372159	18.140127	1.6834812	2.5391722	0.85569096	0.17725845	0.8093544299533921	0.7513930604229833	ENSG00000125485.18	DDX31	False
ENST00000216061	30.57526	2.2439246	3.0995173	0.8555927	0.20442311	0.8093544299533921	0.689469998945369	ENSG00000100239.16	PPP6R2	False
ENST00000595618	57.794556	1.7084836	2.5639615	0.8554779	0.65961397	0.9101539440874783	0.18071015699727722	ENSG00000099331.14	MYO9B	False
ENST00000678803	21.583355	1.1696354	2.0249956	0.85536015	0.45562863	0.8473426594424552	0.34138899095833575	ENSG00000171960.12	PPIH	False
ENST00000552695	61.1	3.100743	3.9559362	0.85519314	0.2810985	0.8093544299533921	0.5511414490133641	ENSG00000198855.7	FICD	False
ENST00000375105	11.689102	1.278483	2.1336503	0.85516727	0.10516449	0.8093544299533921	0.9781308773145959	ENSG00000117215.15	PLA2G2D	False
ENST00000566899	21.480373	1.7500591	2.6051924	0.8551333	0.34492016	0.81719736681995	0.4622814231447245	ENSG00000102908.23	NFAT5	True
ENST00000646727	21.971859	1.1586391	2.0136368	0.85499775	0.2532959	0.8093544299533921	0.5963718425836441	ENSG00000109323.11	MANBA	False
ENST00000358602	117.631546	3.7541273	4.608919	0.8547919	0.3491687	0.81719736681995	0.45696470887532115	ENSG00000132466.20	ANKRD17	False
ENST00000379834	143.49683	4.431888	5.2865725	0.85468435	0.059240546	0.8093544299533921	1.2273809468195078	ENSG00000124784.9	RIOK1	False
ENST00000617931	13.878809	1.2462324	2.100906	0.8546735	0.2233761	0.8093544299533921	0.6509633049758902	ENSG00000268043.9	NBPF12	False
ENST00000372600	7.29017	0.9749875	1.8294659	0.85447836	0.5173078	0.8587697515903885	0.2862509581639234	ENSG00000136802.12	LRRC8A	False
ENST00000411637	180.62297	2.7243872	3.5788448	0.8544576	0.6250152	0.8981746216663314	0.20410942130926807	ENSG00000126883.19	NUP214	False
ENST00000531821	58.443245	2.9360516	3.7905045	0.85445285	0.2660447	0.8093544299533921	0.5750453784673005	ENSG00000213967.12	ZNF726	False
ENST00000261597	31.8	2.158643	3.0130653	0.85442233	0.30574313	0.8118754707110037	0.5146432954645271	ENSG00000080986.13	NDC80	False
ENST00000638664	92.30233	1.9002584	2.7546663	0.8544079	0.6681999	0.9125636621323021	0.17509359576432243	ENSG00000204271.13	SPIN3	True
ENST00000697737	148.54355	2.7122967	3.5666957	0.85439897	0.6372826	0.9020275416548701	0.195667932313051	ENSG00000153201.17	RANBP2	False
ENST00000356309	18.590958	1.9896098	2.8439283	0.8543185	0.21626024	0.8093544299533921	0.6650233204170474	ENSG00000146918.20	NCAPG2	False
ENST00000693729	36.59374	2.6231158	3.4772196	0.8541038	0.20557003	0.8093544299533921	0.6870402065862485	ENSG00000120656.14	TAF12	False
ENST00000389744	20.303549	1.6169556	2.4710288	0.85407317	0.3371309	0.8158433703746901	0.47220143464205633	ENSG00000126214.22	KLC1	False
ENST00000264202	372.2014	5.5611415	6.4151883	0.8540468	0.13900334	0.8093544299533921	0.8569747754612078	ENSG00000077549.19	CAPZB	False
ENST00000307771	208.90178	5.0110135	5.8649025	0.853889	0.13551313	0.8093544299533921	0.8680186336275904	ENSG00000169249.14	ZRSR2	False
ENST00000588787	25.927338	2.131007	2.9847608	0.8537538	0.24914494	0.8093544299533921	0.6035479259572764	ENSG00000197256.11	KANK2	False
ENST00000507921	8.888761	0.980171	1.8338907	0.85371965	0.41892287	0.8369928622965472	0.37786592841775707	ENSG00000145725.21	PPIP5K2	False
ENST00000564663	185.1923	4.703315	5.5569854	0.8536706	0.19185114	0.8093544299533921	0.7170356179421284	ENSG00000260916.8	CCPG1	False
ENST00000396578	8.12734	0.624066	1.4776949	0.8536289	0.3355544	0.8158433703746901	0.4742370735281501	ENSG00000169031.21	COL4A3	False
ENST00000359544	196.33089	4.610762	5.4641957	0.8534336	0.4082406	0.8322411833574862	0.3890838207245045	ENSG00000165006.14	UBAP1	False
ENST00000445964	65.339966	2.5148327	3.368261	0.85342836	0.39539698	0.8290075231731883	0.4029666546715136	ENSG00000168918.14	INPP5D	False
ENST00000394800	219.54544	4.727382	5.5807433	0.8533611	0.3702374	0.8196503175243153	0.43151970074932516	ENSG00000280987.4	MATR3	False
ENST00000549625	10.220589	1.0696648	1.9229889	0.85332406	0.1796128	0.8093544299533921	0.7456627156683279	ENSG00000110911.17	SLC11A2	False
ENST00000348165	170.46475	4.357154	5.2103567	0.8532028	0.38499913	0.8242482227560738	0.41454025617650253	ENSG00000009335.19	UBE3C	False
ENST00000368013	829.49316	6.1149287	6.967785	0.85285616	0.5262664	0.8628966334781174	0.2787943603225642	ENSG00000186517.14	ARHGAP30	False
ENST00000696115	10.598125	1.1834882	2.0363166	0.8528284	0.042661197	0.8093544299533921	1.369966958235057	ENSG00000188089.14	PLA2G4E	False
ENST00000413995	8.754885	0.87370664	1.7264608	0.8527542	0.3113262	0.8118754707110037	0.5067843212541538	ENSG00000106591.4	MRPL32	True
ENST00000358657	247.9093	4.827089	5.679638	0.8525491	0.3188007	0.8118754707110037	0.4964807503153122	ENSG00000050438.17	SLC4A8	False
ENST00000394947	54.976513	2.7170875	3.5695884	0.8525009	0.3122704	0.8118754707110037	0.50546917639331	ENSG00000169375.17	SIN3A	False
ENST00000534147	26.137293	1.8850718	2.737513	0.8524413	0.23607875	0.8093544299533921	0.6269430955407628	ENSG00000166452.12	AKIP1	False
ENST00000393104	216.97261	3.4371433	4.289316	0.85217285	0.6600436	0.9103157985469302	0.1804273774773134	ENSG00000150593.18	PDCD4	False
ENST00000713543	35.51398	2.2187774	3.070874	0.85209656	0.1975135	0.8093544299533921	0.7044032023108461	ENSG00000066336.13	SPI1	False
ENST00000357816	15.391832	1.5147394	2.3666742	0.8519348	0.11757954	0.8093544299533921	0.9296682354519544	ENSG00000165566.13	AMER2	False
ENST00000371388	29.407242	2.4145753	3.2663312	0.85175586	0.068793654	0.8093544299533921	1.162451619438797	ENSG00000131721.6	RHOXF2	False
ENST00000524462	85.34682	3.3511438	4.20288	0.85173607	0.29291347	0.8111088466013822	0.5332606611775076	ENSG00000105397.15	TYK2	False
ENST00000468958	90.483536	3.2792542	4.130894	0.85164	0.32645956	0.8142173533113395	0.48617061328229544	ENSG00000204574.14	ABCF1	True
ENST00000511706	129.4296	4.241512	5.092886	0.85137415	0.18411203	0.8093544299533921	0.7349178398828875	ENSG00000120727.13	PAIP2	True
ENST00000294066	293.14093	5.4206624	6.2717733	0.85111094	0.031419072	0.8093544299533921	1.50280664236587	ENSG00000168067.12	MAP4K2	False
ENST00000559705	10.568769	1.3984226	2.249492	0.85106933	0.15326129	0.8093544299533921	0.8145675261403201	ENSG00000166797.12	CIAO2A	True
ENST00000434415	19.348341	1.5163511	2.3673654	0.85101426	0.20695685	0.8093544299533921	0.684120197591392	ENSG00000204946.10	ZNF783	False
ENST00000699514	22.30778	1.6886073	2.5394607	0.8508533	0.332098	0.8147910346358502	0.4787337304350599	ENSG00000151327.14	FAM177A1	False
ENST00000314163	33.01033	2.6548874	3.5054479	0.8505604	0.28712797	0.8109740254625081	0.5419244970153478	ENSG00000188092.15	GPR89B	False
ENST00000377073	24.308544	1.890705	2.740892	0.85018694	0.23395161	0.8093544299533921	0.630873955610029	ENSG00000147117.8	ZNF157	False
ENST00000521142	18.963486	1.1158416	1.9660195	0.8501779	0.2500807	0.8093544299533921	0.6019198155480001	ENSG00000104324.16	CPQ	False
ENST00000506491	15.276311	1.5336924	2.3838494	0.850157	0.18943043	0.8093544299533921	0.7225502536836068	ENSG00000146021.15	KLHL3	False
ENST00000217086	84.03864	3.5761719	4.4262934	0.8501215	0.22799361	0.8093544299533921	0.642077329566432	ENSG00000101115.13	SALL4	False
ENST00000481550	39.08537	2.5386693	3.3887901	0.8501208	0.19260693	0.8093544299533921	0.7153281001085766	ENSG00000175787.17	ZNF169	False
ENST00000705519	96.908585	1.9952955	2.8454065	0.850111	0.68509924	0.9173021276178854	0.1642465116452305	ENSG00000097033.15	SH3GLB1	False
ENST00000676675	19.066645	1.6087494	2.4581695	0.8494201	0.4480029	0.8466067403034033	0.34871917021855503	ENSG00000171960.12	PPIH	False
ENST00000429705	106.35425	3.57453	4.4239473	0.84941745	0.33032563	0.8142173533113395	0.4810577237250696	ENSG00000163788.14	SNRK	False
ENST00000491209	12.726604	1.1213557	1.9706178	0.8492621	0.10302835	0.8093544299533921	0.9870432571260139	ENSG00000165810.17	BTNL9	False
ENST00000705663	58.763206	1.9775568	2.826808	0.84925115	0.56551087	0.8756247794447481	0.247559043589573	ENSG00000133226.19	SRRM1	False
ENST00000713670	98.98738	3.7284162	4.577596	0.84918	0.29866832	0.8111088466013822	0.5248108337400573	ENSG00000107779.16	BMPR1A	False
ENST00000512627	88.88164	3.4472911	4.296401	0.8491099	0.3287458	0.8142173533113395	0.4831397708511395	ENSG00000109381.21	ELF2	False
ENST00000697012	20.857742	1.675758	2.524731	0.8489729	0.16194537	0.8093544299533921	0.7906314563447134	ENSG00000142687.19	KIAA0319L	True
ENST00000493680	83.247116	3.5992558	4.448168	0.848912	0.23898642	0.8093544299533921	0.6216267806701222	ENSG00000099968.18	BCL2L13	True
ENST00000404249	153.55913	2.9032316	3.7521048	0.84887314	0.6557657	0.9085418967760476	0.18325129484117328	ENSG00000008128.23	CDK11A	False
ENST00000523925	35.62798	2.5930214	3.4417686	0.84874725	0.2659744	0.8093544299533921	0.5751601581784932	ENSG00000221914.11	PPP2R2A	False
ENST00000356770	262.42554	5.364853	6.213417	0.84856415	0.07237322	0.8093544299533921	1.1404221114843367	ENSG00000163939.19	PBRM1	False
ENST00000276689	77.86165	3.0897205	3.938065	0.84834456	0.31166768	0.8118754707110037	0.506308230780114	ENSG00000147684.10	NDUFB9	False
ENST00000715295	98.2897	3.4973533	4.3455772	0.8482239	0.34086025	0.81719736681995	0.46742364485330895	ENSG00000091409.17	ITGA6	False
ENST00000307257	12.449403	1.156447	2.004641	0.848194	0.16892509	0.8093544299533921	0.7723058368434211	ENSG00000109944.11	JHY	False
ENST00000683710	41.05261	2.6586292	3.5067973	0.84816813	0.20311102	0.8093544299533921	0.6922665070601011	ENSG00000033011.14	ALG1	False
ENST00000333201	52.081116	2.8049562	3.653028	0.8480718	0.13006288	0.8093544299533921	0.885846639817912	ENSG00000198440.9	ZNF583	True
ENST00000591998	136.931	4.0513167	4.8993034	0.8479867	0.25176653	0.8093544299533921	0.5990020011832596	ENSG00000196110.8	ZNF699	False
ENST00000320985	103.056564	2.3590114	3.2068982	0.8478868	0.59476286	0.8857079187793583	0.2256561575842787	ENSG00000148516.23	ZEB1	False
ENST00000424629	41.064034	2.5820532	3.4296768	0.8476236	0.18545447	0.8093544299533921	0.7317626876407496	ENSG00000171469.11	ZNF561	False
ENST00000628239	100.0065	3.854922	4.702527	0.847605	0.33109447	0.8142173533113395	0.48004806813010203	ENSG00000182621.19	PLCB1	False
ENST00000621650	312.11606	5.345324	6.192884	0.8475599	0.16018546	0.8093544299533921	0.7953769173768317	ENSG00000278129.2	ZNF8	False
ENST00000319545	190.38853	4.8436413	5.6910067	0.8473654	0.088945724	0.8093544299533921	1.050874925122591	ENSG00000037757.14	MRI1	False
ENST00000344157	406.75565	5.5326505	6.379704	0.8470535	0.34860152	0.81719736681995	0.4576707235000381	ENSG00000083896.13	YTHDC1	False
ENST00000463407	22.018856	1.1974918	2.0443664	0.8468746	0.31781736	0.8118754707110037	0.4978223839789736	ENSG00000139496.18	NUP58	False
ENST00000442060	9.518895	0.713445	1.5601966	0.84675163	0.43774703	0.8431273635154642	0.3587767903710444	ENSG00000133835.18	HSD17B4	False
ENST00000532995	71.033615	3.5012963	4.347991	0.8466947	0.024743713	0.8093544299533921	1.606535122619899	ENSG00000137501.18	SYTL2	True
ENST00000505961	8.363529	0.70711184	1.553721	0.8466091	0.121755816	0.8093544299533921	0.9145102842011978	ENSG00000031003.11	FAM13B	True
ENST00000409849	51.610176	2.9022646	3.7488356	0.84657097	0.17103885	0.8093544299533921	0.7669052292564158	ENSG00000163516.14	ANKZF1	False
ENST00000344989	5.7057567	0.5818371	1.4284055	0.8465684	0.43100023	0.8410214692507391	0.3655224953641105	ENSG00000188529.15	SRSF10	False
ENST00000342456	202.5493	4.704359	5.550874	0.8465152	0.1113524	0.8093544299533921	0.9533004220283783	ENSG00000006534.17	ALDH3B1	False
ENST00000690496	163.37802	4.653218	5.499664	0.84644604	0.11024743	0.8093544299533921	0.9576315131192324	ENSG00000119397.19	CNTRL	False
ENST00000510237	49.66231	2.3821132	3.2284882	0.846375	0.33116764	0.8142173533113395	0.4799521090659395	ENSG00000101639.19	CEP192	False
ENST00000374389	1333.7236	7.818708	8.66497	0.84626245	0.02414902	0.8093544299533921	1.6171005019221083	ENSG00000133226.19	SRRM1	False
ENST00000697311	260.10934	4.7636538	5.609879	0.84622526	0.43690524	0.8427484754954933	0.35961275148951083	ENSG00000104320.15	NBN	False
ENST00000380752	50.0	2.7906144	3.6368346	0.84622025	0.3483626	0.81719736681995	0.45796848318626443	ENSG00000139514.13	SLC7A1	False
ENST00000330676	325.6006	5.353419	6.199636	0.84621716	0.28976437	0.8109740254625081	0.5379550105539513	ENSG00000185561.10	TLCD2	False
ENST00000341642	17.621845	1.4430376	2.2892118	0.8461741	0.36869985	0.8194459451468774	0.4333270406679932	ENSG00000169347.17	GP2	False
ENST00000698224	14.615672	1.1305513	1.9766941	0.84614277	0.23582004	0.8093544299533921	0.6274192911070358	ENSG00000101109.13	STK4	False
ENST00000668657	6.864608	1.1148329	1.9609728	0.8461399	0.13670424	0.8093544299533921	0.8642180270580531	ENSG00000153253.20	SCN3A	False
ENST00000446769	111.12083	3.7597597	4.6058927	0.846133	0.3321382	0.8147910346358502	0.47868115851805776	ENSG00000115816.15	CEBPZ	False
ENST00000641817	16.25495	1.6261673	2.4722755	0.8461082	0.16898064	0.8093544299533921	0.7721630412634106	ENSG00000197428.3	OR51D1	False
ENST00000673631	69.04931	2.8869953	3.7327704	0.8457751	0.3617519	0.8185742609699567	0.44158916235677376	ENSG00000182986.15	ZNF320	False
ENST00000262962	9.932631	0.92734957	1.7731123	0.8457627	0.16939668	0.8093544299533921	0.7710950964830614	ENSG00000105248.16	YJU2	False
ENST00000446782	20.33319	2.1645916	3.0100946	0.8455031	0.336116	0.8158433703746901	0.4735108314349372	ENSG00000113838.13	TBCCD1	False
ENST00000443026	34.858807	2.501094	3.3464594	0.8453653	0.15790051	0.8093544299533921	0.8016164611677884	ENSG00000004846.17	ABCB5	False
ENST00000532192	16.321796	1.4702878	2.3155313	0.84524345	0.30231342	0.8118754707110037	0.519542577648528	ENSG00000119707.14	RBM25	False
ENST00000514558	7.688661	0.6159468	1.4611719	0.84522504	0.28849512	0.8109740254625081	0.5398615235976227	ENSG00000164124.11	TMEM144	False
ENST00000687353	20.994833	1.8505664	2.69567	0.8451035	0.26228756	0.8093544299533921	0.5812223117736918	ENSG00000077092.20	RARB	False
ENST00000442682	310.64282	5.100227	5.9453077	0.84508085	0.3526098	0.8172002775093227	0.4527056053517773	ENSG00000214128.11	TMEM213	False
ENST00000518371	28.3932	2.1058095	2.9507525	0.84494305	0.23075755	0.8093544299533921	0.6368440818021884	ENSG00000147586.10	MRPS28	False
ENST00000530414	75.81083	3.1064358	3.9513454	0.84490967	0.3788895	0.8231329589941108	0.42148742871750794	ENSG00000109832.14	DDX25	False
ENST00000423998	11.666902	0.89999074	1.7447853	0.8447946	0.1114798	0.8093544299533921	0.9528038328577197	ENSG00000115207.15	GTF3C2	False
ENST00000419370	65.89345	3.2549467	4.09953	0.8445835	0.2732564	0.8093544299533921	0.5634296713978386	ENSG00000169599.13	NFU1	True
ENST00000466387	15.885381	1.4270296	2.2712367	0.84420705	0.33815452	0.8164192321363181	0.4708847972661266	ENSG00000066032.19	CTNNA2	False
ENST00000566561	49.37215	2.8372412	3.6812553	0.84401417	0.29114562	0.8109740254625081	0.5358897349682401	ENSG00000104731.14	KLHDC4	False
ENST00000412676	37.22516	2.5894368	3.4334059	0.8439691	0.33827573	0.8164576263280082	0.47072915929238734	ENSG00000174600.14	CMKLR1	False
ENST00000714233	141.53838	4.291349	5.135278	0.8439293	0.17457187	0.8093544299533921	0.7580257315617566	ENSG00000293569.1	ENSG00000293569	False
ENST00000640763	122.988205	4.0881424	4.9319515	0.8438091	0.20769726	0.8093544299533921	0.6825692381981779	ENSG00000115525.18	ST3GAL5	True
ENST00000449886	145.30112	4.2639074	5.1074066	0.8434992	0.38273507	0.823716002720574	0.41710173751836366	ENSG00000169155.10	ZBTB43	False
ENST00000376417	40.627007	2.5739796	3.4173744	0.84339476	0.2648347	0.8093544299533921	0.5770251087105903	ENSG00000148057.16	IDNK	False
ENST00000395834	139.85486	4.37995	5.223331	0.8433809	0.28276837	0.8102614157364052	0.5485691735817835	ENSG00000100490.10	CDKL1	False
ENST00000511190	23.149746	2.0152142	2.8585417	0.8433275	0.095168956	0.8093544299533921	1.0215046965725123	ENSG00000134588.13	USP26	False
ENST00000340700	61.869152	3.2455523	4.088666	0.84311366	0.14797348	0.8093544299533921	0.8298161187925318	ENSG00000100433.16	KCNK10	False
ENST00000399138	55.1	3.2856915	4.1285977	0.84290624	0.07039149	0.8093544299533921	1.1524798353321621	ENSG00000091542.9	ALKBH5	False
ENST00000677163	13.005765	1.3439347	2.186824	0.8428894	0.15093362	0.8093544299533921	0.8212140021522524	ENSG00000103226.19	NOMO3	False
ENST00000412190	6.7717314	0.8046002	1.6472082	0.84260803	0.31767944	0.8118754707110037	0.49801089832583295	ENSG00000066923.19	STAG3	False
ENST00000326043	36.537895	2.6184618	3.4609656	0.8425038	0.28502354	0.8106393935615843	0.5451192698787216	ENSG00000178573.7	MAF	False
ENST00000529726	66.138145	3.0155723	3.8577206	0.8421483	0.34689283	0.81719736681995	0.4598046719436797	ENSG00000110172.12	CHORDC1	True
ENST00000374324	58.987328	3.0852077	3.927321	0.84211326	0.16218445	0.8093544299533921	0.7899907955267175	ENSG00000106853.20	PTGR1	True
ENST00000414144	51.585823	2.911215	3.7533276	0.84211254	0.23322862	0.8093544299533921	0.6322181502053028	ENSG00000010539.12	ZNF200	False
ENST00000526114	10.7	1.2522421	2.094292	0.84204984	0.10373492	0.8093544299533921	0.984075032274943	ENSG00000166333.14	ILK	True
ENST00000357484	346.4956	5.2780747	6.1199026	0.84182787	0.2840092	0.8103610639894862	0.5466676092037338	ENSG00000242498.8	ARPIN	False
ENST00000479011	28.713665	1.7352481	2.5770159	0.8417678	0.2760147	0.8093544299533921	0.5590678102581697	ENSG00000105856.14	HBP1	True
ENST00000582809	28.463871	0.86490774	1.7066708	0.841763	0.54245967	0.86805632990528	0.26563254719045015	ENSG00000146872.19	TLK2	False
ENST00000391827	95.010635	3.5357692	4.3773246	0.84155536	0.18633087	0.8093544299533921	0.7297151887401698	ENSG00000162711.19	NLRP3	False
ENST00000443118	71.426796	3.1516402	3.9931397	0.84149957	0.25062996	0.8093544299533921	0.6009670126225747	ENSG00000150627.16	WDR17	False
ENST00000697636	12.8192625	1.1010767	1.9424919	0.84141517	0.37660807	0.8226842929596185	0.4241103738288535	ENSG00000285082.3	ENSG00000285082	True
ENST00000352131	81.5673	3.6095707	4.450709	0.8411381	0.32101694	0.8125420389446386	0.4934720527470163	ENSG00000049541.11	RFC2	False
ENST00000686190	22.394104	1.5002913	2.3414266	0.84113526	0.46980768	0.8496539504698483	0.3280798839513937	ENSG00000064995.19	TAF11	False
ENST00000394351	14.045871	1.711702	2.5527868	0.84108484	0.20398654	0.8093544299533921	0.6903984875098571	ENSG00000187098.18	MITF	False
ENST00000593250	148.82736	4.1641173	5.005192	0.84107447	0.3115834	0.8118754707110037	0.50642568828825	ENSG00000101624.11	CEP76	False
ENST00000444191	50.36586	3.0948617	3.9359128	0.8410511	0.27568468	0.8093544299533921	0.559587360174161	ENSG00000172534.14	HCFC1	False
ENST00000435504	201.41733	4.4450803	5.285988	0.8409076	0.40353996	0.8303154186824399	0.3941134581055776	ENSG00000143970.18	ASXL2	False
ENST00000376741	39.9	2.3003345	3.1411068	0.8407724	0.3183255	0.8118754707110037	0.49712858406625626	ENSG00000167182.16	SP2	False
ENST00000339296	262.18164	5.1265078	5.9669867	0.8404789	0.18081343	0.8093544299533921	0.7427693110630309	ENSG00000172888.12	ZNF621	False
ENST00000457654	172.05107	4.804935	5.6452155	0.84028053	0.06451889	0.8093544299533921	1.1903131043537134	ENSG00000108671.11	PSMD11	False
ENST00000358130	34.331566	2.2037203	3.0437155	0.83999515	0.21573138	0.8093544299533921	0.666086673632953	ENSG00000198157.11	HMGN5	False
ENST00000436817	48.57595	2.4130995	3.2526374	0.83953786	0.5961459	0.8864787884257102	0.22464741823461495	ENSG00000156515.25	HK1	False
ENST00000309244	53.631123	3.0082626	3.8476722	0.8394096	0.31534508	0.8118754707110037	0.5012139422421956	ENSG00000105379.10	ETFB	False
ENST00000542843	38.82892	2.638471	3.4778793	0.8394084	0.08084608	0.8093544299533921	1.0923410399865907	ENSG00000187268.12	FAM9C	True
ENST00000715269	196.11105	4.506697	5.3460546	0.8393574	0.40414822	0.8303453948335059	0.3934593285434343	ENSG00000107201.12	RIGI	False
ENST00000247833	230.79672	4.752218	5.5915456	0.8393278	0.4279428	0.8405870246360907	0.3686142634633212	ENSG00000127328.22	RAB3IP	False
ENST00000413761	207.79375	3.6494331	4.488724	0.8392911	0.5423739	0.8679881459035331	0.2657012211507415	ENSG00000236287.8	ZBED5	False
ENST00000684573	76.07991	3.4189723	4.258246	0.8392737	0.25360897	0.8093544299533921	0.5958353866374808	ENSG00000156983.17	BRPF1	False
ENST00000319420	33.42227	2.5599532	3.3989246	0.8389714	0.15260686	0.8093544299533921	0.8164259440500936	ENSG00000180730.5	SHISA2	False
ENST00000286437	4.89217	0.8118362	1.6506488	0.83881265	0.31472933	0.8118754707110037	0.5020627787476684	ENSG00000155966.14	AFF2	False
ENST00000713803	19.459574	1.7460995	2.5847435	0.838644	0.1878155	0.8093544299533921	0.7262685639368516	ENSG00000111245.18	MYL2	False
ENST00000420510	45.33408	1.991869	2.8304074	0.8385384	0.5857995	0.8821122611519641	0.23225099203559166	ENSG00000144118.14	RALB	False
ENST00000262293	700.849	6.5428615	7.381165	0.83830357	0.20281567	0.8093544299533921	0.6928985003262689	ENSG00000068489.13	PRR11	False
ENST00000488245	55.096832	1.9396857	2.7778652	0.83817947	0.5221316	0.8615843149482387	0.28222000383254325	ENSG00000169764.16	UGP2	True
ENST00000685719	267.15988	5.5716634	6.409509	0.8378458	0.07484743	0.8093544299533921	1.1258231072780398	ENSG00000118058.25	KMT2A	False
ENST00000316715	21.900204	1.4900703	2.3278732	0.8378029	0.44514713	0.845708078626981	0.3514964253201336	ENSG00000046653.15	GPM6B	False
ENST00000231706	110.870445	3.7505121	4.5882373	0.83772516	0.24947898	0.8093544299533921	0.6029660386745649	ENSG00000013293.6	SLC7A14	False
ENST00000272748	137.97025	3.6440613	4.4816313	0.83756995	0.54117095	0.8677958347030249	0.2666655205558601	ENSG00000144320.14	LNPK	False
ENST00000563158	102.12319	4.119115	4.956598	0.8374829	0.036849946	0.8093544299533921	1.4335631467708485	ENSG00000069345.12	DNAJA2	False
ENST00000680996	8.21504	0.3955908	1.233018	0.83742726	0.38935658	0.8260323759158562	0.4096524777255472	ENSG00000159063.14	ALG8	False
ENST00000291700	13.9	0.831314	1.668665	0.837351	0.49432614	0.8537766521893764	0.30598641949455174	ENSG00000160307.10	S100B	True
ENST00000220003	114.7476	3.2826664	4.1198945	0.83722806	0.4774571	0.8504371505934152	0.3210656385619039	ENSG00000103653.17	CSK	False
ENST00000521492	12.595732	1.4048605	2.2420154	0.83715487	0.43885347	0.843416202945035	0.3576804608960188	ENSG00000070501.12	POLB	False
ENST00000318876	18.998219	0.8846803	1.7218318	0.8371515	0.36318812	0.8185742609699567	0.43986836852997885	ENSG00000165861.14	ZFYVE1	False
ENST00000552397	22.517273	1.9379109	2.7750492	0.8371383	0.31519434	0.8118754707110037	0.50142159179856	ENSG00000170627.11	GTSF1	False
ENST00000588470	241.39316	4.545906	5.3829823	0.8370762	0.45624828	0.8473543571201603	0.34079875654596786	ENSG00000166398.14	GARRE1	True
ENST00000560322	33.13923	1.8188605	2.6554806	0.8366201	0.3418397	0.81719736681995	0.4661775001386416	ENSG00000103995.14	CEP152	False
ENST00000659760	635.2208	6.457744	7.2942767	0.8365326	0.1703401	0.8093544299533921	0.768683087113033	ENSG00000121067.19	SPOP	False
ENST00000613215	18.322859	0.8283847	1.664839	0.83645433	0.38038668	0.8231329589941108	0.41977469874153184	ENSG00000198856.13	OSTC	False
ENST00000260753	215.81885	4.3845515	5.2209377	0.8363862	0.42594078	0.8389462353305034	0.3706507762761643	ENSG00000138182.15	KIF20B	False
ENST00000589189	185.82364	4.2606187	5.096991	0.8363724	0.42328563	0.8383133222409976	0.3733664715999534	ENSG00000141429.14	GALNT1	False
ENST00000490017	17.7	1.7400571	2.5763907	0.83633363	0.15017132	0.8093544299533921	0.8234129884521603	ENSG00000189409.14	MMP23B	True
ENST00000476671	21.39646	1.202588	2.0387025	0.8361145	0.58061033	0.8802063166690811	0.2361152379868548	ENSG00000005483.23	KMT2E	False
ENST00000302538	41.6678	2.6490064	3.485109	0.8361027	0.20267211	0.8093544299533921	0.6932060132084238	ENSG00000159842.16	ABR	False
ENST00000237305	29.783442	1.7738022	2.6098654	0.83606327	0.31597015	0.8118754707110037	0.5003539400593568	ENSG00000118515.12	SGK1	False
ENST00000262738	17.63161	1.8822051	2.7181997	0.8359946	0.12183994	0.8093544299533921	0.9142103215868739	ENSG00000075275.18	CELSR1	False
ENST00000645274	14.260345	1.1530484	1.9890068	0.83595836	0.3790112	0.8231329589941108	0.42134794040002777	ENSG00000084754.12	HADHA	False
ENST00000221418	77.5	3.3930848	4.228945	0.83586	0.29750878	0.8111088466013822	0.5265002185278407	ENSG00000104823.9	ECH1	False
ENST00000368138	4.4155197	0.49109748	1.3268929	0.8357954	0.40124974	0.8298121044971967	0.3965852397360249	ENSG00000163564.15	PYHIN1	False
ENST00000358869	100.09368	3.6256819	4.4614363	0.8357544	0.2499722	0.8093544299533921	0.6021082972312466	ENSG00000197712.12	FAM114A1	False
ENST00000262990	105.0316	3.823974	4.659724	0.83575034	0.3403437	0.81719736681995	0.4680822665207993	ENSG00000109445.11	ZNF330	False
ENST00000695418	137.64468	4.1558986	4.9914145	0.835516	0.38044468	0.8231329589941108	0.41970848946394196	ENSG00000186818.13	LILRB4	False
ENST00000608034	23.258316	1.7151312	2.5505838	0.8354527	0.23730662	0.8093544299533921	0.6246901378501024	ENSG00000232388.5	SMIM26	True
ENST00000588998	16.701239	1.5215942	2.356856	0.83526194	0.46507427	0.8492019855291293	0.3324776860476824	ENSG00000130159.15	ECSIT	False
ENST00000302909	104.030785	3.816405	4.6516657	0.8352606	0.31940416	0.8120376178723974	0.4956594385771219	ENSG00000171303.8	KCNK3	False
ENST00000594854	52.16625	2.7029743	3.5381837	0.83520937	0.22104564	0.8093544299533921	0.6555180408128323	ENSG00000161652.13	IZUMO2	False
ENST00000457184	95.31868	3.3796766	4.2145076	0.834831	0.31888616	0.8118754707110037	0.4963643280341413	ENSG00000135999.12	EPC2	False
ENST00000697315	16.19187	1.2229109	2.057611	0.8347001	0.55989313	0.8736417902867227	0.2518948603776181	ENSG00000104320.15	NBN	False
ENST00000519701	50.96103	2.722947	3.557538	0.83459115	0.12145996	0.8093544299533921	0.9155668628860301	ENSG00000104218.16	CSPP1	False
ENST00000402696	681.5739	6.5769143	7.4114513	0.834537	0.08100861	0.8093544299533921	1.0914688030089883	ENSG00000091513.16	TF	False
ENST00000264312	225.14946	4.4749575	5.3094153	0.8344579	0.45242494	0.8472077019271466	0.3444534592222364	ENSG00000109180.15	OCIAD1	False
ENST00000641697	120.71922	4.1345377	4.9688225	0.8342848	0.33139578	0.8142173533113395	0.47965303264346876	ENSG00000169327.5	OR5AU1	False
ENST00000584155	11.065267	1.1146986	1.9489772	0.8342786	0.16580342	0.8093544299533921	0.7804065219543449	ENSG00000125450.11	NUP85	False
ENST00000647664	178.27274	4.407641	5.2418957	0.83425474	0.35481146	0.8173803121090482	0.45000236167365126	ENSG00000166272.18	WBP1L	False
ENST00000337673	18.114674	1.003397	1.8376343	0.83423734	0.44717476	0.8459831455694948	0.34952271964027287	ENSG00000160908.15	ZNF394	False
ENST00000265909	297.12552	5.536279	6.37048	0.83420086	0.02390074	0.8093544299533921	1.621588655236079	ENSG00000120451.11	SNX19	False
ENST00000557864	80.51174	3.3220098	4.156155	0.8341453	0.30707848	0.8118754707110037	0.512750616744123	ENSG00000167014.11	TERB2	True
ENST00000155674	7.2892447	0.85627717	1.6903533	0.8340761	0.06734542	0.8093544299533921	1.1716919469251201	ENSG00000069998.12	HDHD5	False
ENST00000567074	179.52441	4.4096613	5.243727	0.8340659	0.27699968	0.8093544299533921	0.5575207292173647	ENSG00000103275.22	UBE2I	False
ENST00000368488	470.13486	5.7761674	6.6101885	0.8340211	0.27907163	0.8093544299533921	0.5542843124703365	ENSG00000111860.14	CEP85L	False
ENST00000475996	25.646093	1.8003454	2.6343398	0.8339944	0.42069876	0.837574130271926	0.3760287660514999	ENSG00000204642.14	HLA-F	True
ENST00000372086	68.96318	2.7358074	3.569758	0.8339505	0.4902442	0.8537766521893764	0.3095875270459139	ENSG00000070759.17	TESK2	False
ENST00000435259	50.1668	3.0120518	3.8459785	0.8339267	0.286669	0.8109740254625081	0.5426192896206101	ENSG00000181904.9	C5orf24	False
ENST00000583569	45.882954	2.4155114	3.2492938	0.83378243	0.32576147	0.8142173533113395	0.48710028762759977	ENSG00000125450.11	NUP85	False
ENST00000541550	33.424965	2.0212297	2.854501	0.83327127	0.3012929	0.8118754707110037	0.5210111077782945	ENSG00000156110.15	ADK	False
ENST00000367147	37.37556	2.553675	3.386706	0.8330312	0.20518589	0.8093544299533921	0.6878525072051711	ENSG00000174514.13	MFSD4A	False
ENST00000514093	9.659868	1.1489831	1.9819767	0.8329936	0.0745481	0.8093544299533921	1.127563403906568	ENSG00000161011.20	SQSTM1	False
ENST00000291295	108.63096	3.7295296	4.5622606	0.832731	0.35953498	0.8183252159569281	0.4442588510676148	ENSG00000160014.17	CALM3	True
ENST00000323830	40.8	2.6624658	3.4948173	0.83235145	0.17960677	0.8093544299533921	0.7456773081601684	ENSG00000178772.7	CPN2	False
ENST00000552878	28.429592	2.1420105	2.9742627	0.83225226	0.08001449	0.8093544299533921	1.0968313607622198	ENSG00000134285.11	FKBP11	False
ENST00000367033	15.3	1.6061058	2.4382908	0.83218503	0.1070822	0.8093544299533921	0.9702827025375412	ENSG00000076356.7	PLXNA2	False
ENST00000255622	37.59237	2.5231755	3.355279	0.8321035	0.13128835	0.8093544299533921	0.8817738109749976	ENSG00000133256.13	PDE6B	False
ENST00000369985	80.77741	3.4867163	4.318678	0.83196163	0.24641931	0.8093544299533921	0.6083252618270913	ENSG00000196586.17	MYO6	False
ENST00000377674	7.7423873	1.0772599	1.9091576	0.83189774	0.3474397	0.81719736681995	0.4591205507344045	ENSG00000204859.13	ZBTB48	False
ENST00000318962	25.22146	2.1261394	2.9580162	0.83187675	0.19900572	0.8093544299533921	0.7011344339852906	ENSG00000178038.17	ALS2CL	False
ENST00000407714	60.53643	3.0463867	3.878175	0.8317883	0.2963804	0.8111088466013822	0.5281505192070988	ENSG00000178623.13	GPR35	False
ENST00000466284	22.472683	1.4341369	2.2659242	0.83178735	0.33627787	0.8158433703746901	0.4733017090866629	ENSG00000117640.18	MTFR1L	False
ENST00000306750	72.12103	3.2328384	4.0645633	0.8317249	0.19891575	0.8093544299533921	0.7013308288647819	ENSG00000244005.13	NFS1	False
ENST00000587848	26.708704	2.125077	2.9565427	0.8314657	0.14655502	0.8093544299533921	0.8339992967668745	ENSG00000181626.12	ANKRD62	False
ENST00000537403	11.169151	0.8178552	1.6492565	0.8314013	0.4717483	0.8496539504698483	0.32628966314514574	ENSG00000100934.15	SEC23A	False
ENST00000238616	364.11346	5.5296454	6.3609924	0.831347	0.21129741	0.8093544299533921	0.6751058309570425	ENSG00000119638.14	NEK9	False
ENST00000550746	310.20648	5.444902	6.2761974	0.8312955	0.07589253	0.8093544299533921	1.1198009668404496	ENSG00000121749.16	TBC1D15	False
ENST00000697561	83.36852	3.5238733	4.3546762	0.8308029	0.18423131	0.8093544299533921	0.7346365572288069	ENSG00000197943.12	PLCG2	False
ENST00000714460	9.023348	1.1901755	2.020936	0.8307605	0.3717272	0.8205245908391867	0.42977566148553853	ENSG00000165699.16	TSC1	True
ENST00000446526	208.27505	4.784193	5.6148634	0.83067036	0.300535	0.8118754707110037	0.5221049527457451	ENSG00000161542.17	PRPSAP1	False
ENST00000617316	86.4	3.7145078	4.5451236	0.83061576	0.35971007	0.8183252159569281	0.44404740704355034	ENSG00000276045.4	ORAI1	False
ENST00000543774	32.69804	1.9453365	2.7758532	0.8305167	0.49353397	0.8537766521893764	0.30668295037188015	ENSG00000103510.20	KAT8	False
ENST00000697988	28.918537	1.7761005	2.6065211	0.8304206	0.19525108	0.8093544299533921	0.7094065609668087	ENSG00000166224.18	SGPL1	False
ENST00000584948	75.517334	2.1728582	3.0032487	0.83039045	0.5800093	0.8802063166690811	0.23656505655648682	ENSG00000265118.5	ENSG00000265118	False
ENST00000684462	13.664106	1.4172455	2.2475579	0.8303124	0.21295443	0.8093544299533921	0.6717133174395021	ENSG00000271793.2	ENSG00000271793	False
ENST00000611219	14.704981	0.9001244	1.7303615	0.8302371	0.30514255	0.8118754707110037	0.5154972264355772	ENSG00000278311.5	GGNBP2	False
ENST00000583527	72.15128	3.1012142	3.9312572	0.8300431	0.31372458	0.8118754707110037	0.5034514570026785	ENSG00000176390.12	CRLF3	True
ENST00000270642	14.685605	1.7425553	2.572437	0.8298818	0.1411914	0.8093544299533921	0.8501917765635634	ENSG00000142549.10	IGLON5	False
ENST00000355673	105.97135	3.8042545	4.634018	0.8297634	0.33303815	0.8148546909488805	0.47750601293676354	ENSG00000166987.15	MBD6	False
ENST00000258873	50.652153	2.609461	3.439106	0.8296449	0.43906438	0.843416202945035	0.3574717910300513	ENSG00000103740.10	ACSBG1	False
ENST00000369137	48.420204	2.5126152	3.3422494	0.8296342	0.29755753	0.8111088466013822	0.526429050922432	ENSG00000164418.22	GRIK2	False
ENST00000373115	6.208309	0.72782946	1.5574181	0.82958865	0.047357883	0.8093544299533921	1.3246077169646298	ENSG00000122863.6	CHST3	False
ENST00000352203	20.70071	1.8105372	2.6400144	0.8294772	0.27539644	0.8093544299533921	0.5600416836828328	ENSG00000042753.12	AP2S1	False
ENST00000679524	19.647228	1.5036403	2.3330657	0.82942545	0.29134628	0.8109740254625081	0.5355905201117604	ENSG00000135297.17	MTO1	False
ENST00000327299	19.726536	1.3309225	2.160143	0.8292204	0.22376084	0.8093544299533921	0.6502159099282347	ENSG00000162433.15	AK4	False
ENST00000698582	81.460464	3.4373322	4.2661004	0.82876825	0.29455155	0.8111088466013822	0.5308386855828836	ENSG00000136631.16	VPS45	False
ENST00000571739	9.578666	1.2804812	2.108766	0.82828486	0.06329718	0.8093544299533921	1.1986156222012778	ENSG00000170043.12	TRAPPC1	True
ENST00000253794	10.7	1.151589	1.9798639	0.82827485	0.26534382	0.8093544299533921	0.5761910309075526	ENSG00000131475.7	VPS25	False
ENST00000572134	462.3465	5.878042	6.7061605	0.8281183	0.24687572	0.8093544299533921	0.607521623533912	ENSG00000005339.15	CREBBP	False
ENST00000327968	17.4	1.7108569	2.538964	0.8281071	0.24312006	0.8093544299533921	0.6141792068714659	ENSG00000184735.7	DDX53	False
ENST00000650865	221.05807	4.3177104	5.145652	0.8279414	0.447132	0.8459831455694948	0.34956425613164704	ENSG00000286219.2	NOTCH2NLC	False
ENST00000711517	25.43417	1.615098	2.4429958	0.8278978	0.31664634	0.8118754707110037	0.4994255308760835	ENSG00000131899.13	LLGL1	False
ENST00000399767	49.754356	2.1591675	2.987009	0.8278415	0.528558	0.8637495285395624	0.27690733651338584	ENSG00000015475.19	BID	False
ENST00000356713	6.1857624	0.9324667	1.7602136	0.8277469	0.0888165	0.8093544299533921	1.0515063392390809	ENSG00000119946.12	CNNM1	False
ENST00000581635	84.06077	3.0306015	3.8580694	0.8274679	0.62674206	0.8986654492835523	0.20291115584442654	ENSG00000101745.17	ANKRD12	False
ENST00000319172	43.01298	2.5000563	3.3274338	0.82737756	0.417905	0.836886090598871	0.37892242979079443	ENSG00000176142.13	TMEM39A	False
ENST00000398540	121.77417	4.319225	5.1461735	0.82694864	0.016923131	0.8093544299533921	1.7715192729091962	ENSG00000114541.15	FRMD4B	False
ENST00000488252	24.94996	2.1182349	2.9451637	0.82692885	0.12170911	0.8093544299533921	0.9146769192286079	ENSG00000254901.8	BORCS8	True
ENST00000380822	24.04112	1.6788583	2.5057228	0.8268645	0.26883206	0.8093544299533921	0.5705189437344877	ENSG00000085231.14	AK6	False
ENST00000431583	16.314396	1.3606051	2.1874511	0.826846	0.42420784	0.8384889416362945	0.3724213130252533	ENSG00000154330.13	PGM5	False
ENST00000317716	27.036444	2.2378662	3.0646553	0.82678914	0.10643698	0.8093544299533921	0.9729074452180817	ENSG00000128536.16	CDHR3	False
ENST00000330280	20.12847	1.8068733	2.6335933	0.82672	0.30773768	0.8118754707110037	0.51181932704992	ENSG00000145736.15	GTF2H2	False
ENST00000650436	42.97449	2.240369	3.0668948	0.8265257	0.38589233	0.8244231157420382	0.4135338515835987	ENSG00000166734.20	GOLM2	False
ENST00000351111	128.53201	4.2104793	5.036991	0.82651186	0.18113801	0.8093544299533921	0.7419904105671091	ENSG00000159111.13	MRPL10	False
ENST00000451500	36.88282	1.373919	2.2003365	0.82641745	0.62225205	0.8968314101924472	0.20603366599099038	ENSG00000173559.15	NABP1	False
ENST00000286788	45.025505	2.2327578	3.0590773	0.82631946	0.5468515	0.8693177891645862	0.26213057976483406	ENSG00000156261.13	CCT8	False
ENST00000587853	24.845211	1.5163517	2.3426056	0.8262539	0.4460371	0.8458889434019244	0.35062900319373297	ENSG00000141622.14	ARK2C	False
ENST00000692719	73.68547	1.5061427	2.3323095	0.82616675	0.6519215	0.9065143079276402	0.18580468881312123	ENSG00000009307.17	CSDE1	False
ENST00000299202	22.2	1.427853	2.2537477	0.8258947	0.2501341	0.8093544299533921	0.6018270800791478	ENSG00000166166.13	TRMT61A	False
ENST00000475990	30.298285	1.9129401	2.7387316	0.8257915	0.3254268	0.8142173533113395	0.48754670146861184	ENSG00000172785.19	ZNG1A	True
ENST00000422444	24.21751	1.715673	2.5408819	0.8252089	0.19686572	0.8093544299533921	0.7058298948772772	ENSG00000197121.15	PGAP1	False
ENST00000222139	40.4	2.4677165	3.292866	0.82514954	0.22803807	0.8093544299533921	0.6419926383782029	ENSG00000187266.14	EPOR	False
ENST00000425699	48.437675	2.7146513	3.5397205	0.8250692	0.25719255	0.8093544299533921	0.5897416120821187	ENSG00000188613.7	NANOS1	False
ENST00000409562	205.25052	4.8210196	5.645778	0.8247585	0.2383794	0.8093544299533921	0.6227312704829573	ENSG00000143951.16	WDPCP	False
ENST00000366592	21.266417	1.6838989	2.50833	0.8244312	0.36147305	0.8185742609699567	0.44192407200232203	ENSG00000077585.14	GPR137B	False
ENST00000340246	34.709694	2.4819803	3.3064003	0.82442	0.17204301	0.8093544299533921	0.7643629663024786	ENSG00000133317.16	LGALS12	False
ENST00000554943	176.62143	4.5269237	5.351156	0.8242326	0.23259698	0.8093544299533921	0.6333959310937034	ENSG00000100796.18	PPP4R3A	False
ENST00000302328	25.942362	1.9858898	2.8095932	0.8237034	0.24378173	0.8093544299533921	0.612998844354054	ENSG00000168356.13	SCN11A	False
ENST00000377304	43.8	2.628904	3.4525928	0.82368875	0.2672107	0.8093544299533921	0.5731461679916061	ENSG00000241058.4	NSUN6	False
ENST00000402522	139.9925	4.1162753	4.9399366	0.8236613	0.3813601	0.823716002720574	0.4186647316892038	ENSG00000065882.18	TBC1D1	False
ENST00000673740	19.764498	1.8528844	2.6764302	0.8235458	0.13272583	0.8093544299533921	0.8770445342626659	ENSG00000265590.10	CFAP298-TCP10L	False
ENST00000210444	29.480183	2.281598	3.1049535	0.82335544	0.20244688	0.8093544299533921	0.6936889163357595	ENSG00000095380.11	NANS	False
ENST00000552681	22.38696	1.7762176	2.5995665	0.8233489	0.14062488	0.8093544299533921	0.8519378327007122	ENSG00000111670.16	GNPTAB	False
ENST00000269346	46.40662	2.294419	3.1175947	0.82317567	0.33011577	0.8142173533113395	0.4813337345799891	ENSG00000141540.11	TTYH2	False
ENST00000650210	9.791438	1.2966251	2.1195714	0.8229463	0.14583588	0.8093544299533921	0.8361356239326334	ENSG00000285942.1	ENSG00000285942	False
ENST00000512264	25.371151	1.9608116	2.783715	0.8229034	0.15324831	0.8093544299533921	0.8146043058667768	ENSG00000164342.14	TLR3	False
ENST00000409229	37.443443	2.6675498	3.4903874	0.8228376	0.1837037	0.8093544299533921	0.7358820830239287	ENSG00000138079.14	SLC3A1	False
ENST00000591901	87.18484	2.820736	3.6435559	0.82281995	0.4090469	0.8323007445595858	0.3882269066989094	ENSG00000175354.20	PTPN2	False
ENST00000540468	4.3579497	0.59212726	1.4148881	0.8227609	0.44656155	0.8459831455694948	0.35011867816413433	ENSG00000135624.17	CCT7	False
ENST00000692023	87.67021	3.5926325	4.4153376	0.82270503	0.28697452	0.8109740254625081	0.5421566626236143	ENSG00000102103.18	PQBP1	True
ENST00000310864	42.029755	2.3721168	3.1947694	0.8226526	0.30072418	0.8118754707110037	0.521831652744694	ENSG00000173226.17	IQCB1	False
ENST00000389341	2069.332	8.298709	9.121303	0.8225937	0.053309858	0.8093544299533921	1.2731924755519695	ENSG00000028277.22	POU2F2	False
ENST00000553471	62.79519	3.0761034	3.8986638	0.8225603	0.2121674	0.8093544299533921	0.6733213514874541	ENSG00000100626.17	GALNT16	False
ENST00000370685	175.05615	3.4064865	4.228982	0.82249546	0.5231891	0.8618517854807809	0.28134128979771866	ENSG00000142875.21	PRKACB	False
ENST00000266551	82.66881	2.9355726	3.7580142	0.8224416	0.5202952	0.8601016462755655	0.28375017840261424	ENSG00000139187.10	KLRG1	False
ENST00000641081	184.60112	4.3979836	5.220406	0.8224225	0.3223589	0.8132778327777027	0.4916603264143153	ENSG00000170923.4	OR7G2	False
ENST00000423607	21.549623	1.814724	2.6369665	0.8222425	0.23944785	0.8093544299533921	0.620789063555358	ENSG00000163738.19	MTHFD2L	False
ENST00000547026	284.25516	4.861338	5.683542	0.82220364	0.33379385	0.8153278632846273	0.47652167088401765	ENSG00000167528.13	ZNF641	False
ENST00000537792	84.843216	3.4890187	4.3112063	0.82218766	0.3041281	0.8118754707110037	0.5169434363793719	ENSG00000118557.16	PMFBP1	True
ENST00000378719	11.295309	0.5805034	1.402669	0.82216555	0.33447164	0.8158433703746901	0.47564069650076646	ENSG00000164402.14	SEPTIN8	False
ENST00000651386	817.006	7.045101	7.866834	0.821733	0.022135556	0.8093544299533921	1.6549095699762084	ENSG00000185129.8	PURA	False
ENST00000329293	25.862997	2.0421317	2.8635588	0.8214271	0.22133878	0.8093544299533921	0.6549424906598069	ENSG00000183801.8	OLFML1	False
ENST00000240285	31.169016	2.3103893	3.1316566	0.82126737	0.14366643	0.8093544299533921	0.8426446960332509	ENSG00000121039.10	RDH10	False
ENST00000601521	63.36358	2.4612143	3.2823286	0.8211143	0.4400924	0.844432897631209	0.35645611682250367	ENSG00000083845.9	RPS5	False
ENST00000329314	19.28693	1.9974504	2.8184988	0.8210485	0.09863551	0.8093544299533921	1.0059667072549023	ENSG00000183439.10	TRIM61	False
ENST00000614999	762.7065	6.8194923	7.640339	0.82084656	0.10246886	0.8093544299533921	0.9894080821722534	ENSG00000270629.7	NBPF14	False
ENST00000242310	157.40785	4.259208	5.07999	0.8207817	0.11808366	0.8093544299533921	0.9278101822852023	ENSG00000122728.6	TAF1L	False
ENST00000469044	88.99469	1.6069514	2.4276428	0.82069147	0.64887136	0.9058007019088778	0.18784139290692559	ENSG00000114098.18	ARMC8	False
ENST00000269321	65.6	3.0982864	3.9189007	0.82061434	0.31690654	0.8118754707110037	0.49906879600898313	ENSG00000141522.12	ARHGDIA	False
ENST00000686039	55.739857	3.085436	3.905931	0.8204949	0.40705627	0.831725697822197	0.39034554914635805	ENSG00000065534.20	MYLK	False
ENST00000637017	35.949955	1.5455613	2.3658843	0.820323	0.48904845	0.8532668149653283	0.3106481121647096	ENSG00000124203.7	ZNF831	False
ENST00000693196	111.55182	3.9260218	4.7461753	0.8201535	0.29761657	0.8111088466013822	0.5263428910860563	ENSG00000170836.13	PPM1D	False
ENST00000704740	78.17943	3.1523688	3.9723072	0.8199384	0.31804082	0.8118754707110037	0.4975171382415752	ENSG00000108312.16	UBTF	False
ENST00000379454	31.386175	1.3654107	2.185172	0.8197614	0.44414937	0.8455994575468359	0.3524709447242399	ENSG00000198363.18	ASPH	False
ENST00000388738	373.06946	5.7162137	6.53593	0.81971645	0.12803063	0.8093544299533921	0.8926861243721073	ENSG00000138688.17	BLTP1	False
ENST00000454079	185.58038	4.757731	5.5774446	0.8197136	0.08585451	0.8093544299533921	1.0662368963024298	ENSG00000004534.15	RBM6	False
ENST00000518360	23.31926	1.9297158	2.7493114	0.8195957	0.24464923	0.8093544299533921	0.6114561442390285	ENSG00000169139.12	UBE2V2	True
ENST00000393354	31.475183	2.305171	3.1247284	0.8195574	0.2735086	0.8093544299533921	0.5630290002400381	ENSG00000167080.9	B4GALNT2	False
ENST00000316509	293.9117	4.8729215	5.6923885	0.81946707	0.4802372	0.8507787223054524	0.31854421447930087	ENSG00000220205.10	VAMP2	False
ENST00000680098	104.40431	3.8322916	4.6514177	0.8191261	0.16113119	0.8093544299533921	0.7928203901574244	ENSG00000197822.12	OCLN	False
ENST00000683583	133.17299	4.174931	4.993994	0.8190632	0.3496204	0.81719736681995	0.4564032323408937	ENSG00000135317.14	SNX14	False
ENST00000357604	1335.9945	7.730017	8.548532	0.81851435	0.07146347	0.8093544299533921	1.1459158808091863	ENSG00000151461.20	UPF2	False
ENST00000317677	60.60682	2.506229	3.324472	0.818243	0.5737448	0.87762699845426	0.24128125734494724	ENSG00000214078.13	CPNE1	False
ENST00000693435	30.523647	1.8631407	2.6811368	0.81799614	0.49605483	0.8537766521893764	0.30447031896466553	ENSG00000130713.17	EXOSC2	False
ENST00000301744	12.6	1.2054685	2.0230613	0.81759274	0.23311296	0.8093544299533921	0.6324335790848306	ENSG00000167981.7	ZNF597	False
ENST00000675814	56.70653	2.5281725	3.345486	0.81731343	0.34616047	0.81719736681995	0.46072252633898936	ENSG00000168944.17	CEP120	False
ENST00000697343	26.311527	2.0703604	2.8874621	0.8171017	0.118998624	0.8093544299533921	0.924458058991637	ENSG00000280267.7	PRAMEF26	False
ENST00000278612	467.6295	6.2481236	7.065006	0.81688213	0.008279429	0.8093544299533921	2.081999623364567	ENSG00000149308.17	NPAT	False
ENST00000602511	35.724087	2.2780073	3.0947204	0.8167131	0.26789075	0.8093544299533921	0.5720422796797685	ENSG00000117139.18	KDM5B	True
ENST00000493576	143.21327	4.1882415	5.0048423	0.8166008	0.41248846	0.83350652602391	0.38458819643179115	ENSG00000075292.19	ZNF638	True
ENST00000360541	138.14835	4.1047077	4.921048	0.81634045	0.28766188	0.8109740254625081	0.5411176851791201	ENSG00000120705.13	ETF1	False
ENST00000342512	38.571663	2.581762	3.398074	0.81631184	0.12981145	0.8093544299533921	0.8866869961576533	ENSG00000152782.19	PANK1	False
ENST00000307149	39.859455	2.6353152	3.4515488	0.81623363	0.21418795	0.8093544299533921	0.6692049660015644	ENSG00000168434.13	COG7	False
ENST00000259396	65.382675	2.7483323	3.5644414	0.8161092	0.40856683	0.8323007445595858	0.3887368923008952	ENSG00000229314.6	ORM1	False
ENST00000606613	43.591743	2.6995814	3.5155916	0.81601024	0.23433341	0.8093544299533921	0.6301657860198503	ENSG00000233822.6	H2BC15	False
ENST00000404158	72.70182	1.9594855	2.77548	0.8159945	0.5561459	0.8725429329491033	0.2548112550861093	ENSG00000167491.18	GATAD2A	False
ENST00000401088	208.16118	4.666353	5.4823394	0.81598616	0.4238726	0.8384024579381989	0.37276466639568323	ENSG00000055070.17	SZRD1	False
ENST00000515193	3.71301	0.5416117	1.3575293	0.8159176	0.42651972	0.8391468018325449	0.3700608827904024	ENSG00000197451.12	HNRNPAB	False
ENST00000343318	110.12624	4.011886	4.827722	0.81583595	0.037939273	0.8093544299533921	1.420910997455672	ENSG00000240720.10	LRRD1	True
ENST00000517561	307.03836	5.556665	6.372356	0.815691	0.045670435	0.8093544299533921	1.3403648534140642	ENSG00000132842.15	AP3B1	False
ENST00000411915	100.780716	3.213908	4.0294976	0.81558967	0.47515503	0.8500118764885034	0.32316467283687295	ENSG00000100348.10	TXN2	False
ENST00000546581	555.0824	5.752643	6.5681725	0.81552935	0.46795303	0.8496539504698483	0.3297977397568125	ENSG00000205352.11	PRR13	True
ENST00000375078	20.12124	2.0116105	2.826762	0.81515145	0.16601147	0.8093544299533921	0.7798619111589025	ENSG00000162545.6	CAMK2N1	False
ENST00000355029	58.94807	3.094428	3.9093409	0.8149128	0.25825712	0.8093544299533921	0.5879476949691234	ENSG00000173848.19	NET1	False
ENST00000368547	30.2	2.5215776	3.3364234	0.8148458	0.21678777	0.8093544299533921	0.663965221219101	ENSG00000127884.5	ECHS1	False
ENST00000625138	150.50496	4.0051446	4.819928	0.8147836	0.36962193	0.8194459451468774	0.4322422666619751	ENSG00000117859.19	OSBPL9	False
ENST00000695325	43.099674	2.447026	3.2616174	0.8145914	0.2853822	0.8106393935615843	0.5445731013504226	ENSG00000168939.13	SPRY3	False
ENST00000304611	24.6	2.0134666	2.8278995	0.81443286	0.3635517	0.8185742609699567	0.43943381295792383	ENSG00000124587.14	PEX6	False
ENST00000595187	16.189825	1.6002489	2.414582	0.8143331	0.28907254	0.8109740254625081	0.5389931564223365	ENSG00000213096.11	ZNF254	False
ENST00000354185	631.8223	6.710379	7.524652	0.8142729	0.026982317	0.8093544299533921	1.5689207638051226	ENSG00000165732.14	DDX21	False
ENST00000614813	115.48763	4.269237	5.0833473	0.8141103	0.011523007	0.8093544299533921	1.9384341586397968	ENSG00000141002.20	TCF25	False
ENST00000649953	57.963005	2.9103668	3.7241654	0.81379867	0.32841963	0.8142173533113395	0.4835708981292845	ENSG00000176715.17	ACSF3	False
ENST00000555970	971.0514	7.240397	8.054113	0.8137164	0.09910864	0.8093544299533921	1.0038884992137835	ENSG00000165525.18	NEMF	False
ENST00000676185	158.4937	4.5690575	5.382616	0.8135586	0.23851754	0.8093544299533921	0.622479682653292	ENSG00000049167.16	ERCC8	False
ENST00000403231	32.110252	1.6048256	2.4182086	0.813383	0.63465124	0.9011393426914533	0.1974648645522325	ENSG00000131437.16	KIF3A	False
ENST00000435014	86.58594	3.4673035	4.2806053	0.8133018	0.43754697	0.8431273635154642	0.3589753208172577	ENSG00000101457.13	DNTTIP1	False
ENST00000367749	10.3	0.6472216	1.4605181	0.8132965	0.20197901	0.8093544299533921	0.6946937580354997	ENSG00000076258.10	FMO4	False
ENST00000612418	787.13885	6.8328476	7.6459455	0.81309795	0.21375108	0.8093544299533921	0.670091687045977	ENSG00000170776.22	AKAP13	True
ENST00000380927	51.690193	3.2443771	4.0574384	0.81306124	0.41960976	0.8374027596300101	0.37715442368630286	ENSG00000138593.9	SECISBP2L	False
ENST00000379416	47.149734	2.7945826	3.6076279	0.81304526	0.2087686	0.8093544299533921	0.6803348082813586	ENSG00000158125.10	XDH	False
ENST00000652901	245.1836	3.1905825	4.003459	0.81287646	0.69404876	0.9198948879433017	0.15861001590942317	ENSG00000164190.19	NIPBL	False
ENST00000368135	166.73642	4.7461896	5.5589323	0.8127427	0.12416533	0.8093544299533921	0.9059996656268892	ENSG00000163564.15	PYHIN1	False
ENST00000595295	6.3768272	0.93962955	1.7523216	0.81269205	0.16639164	0.8093544299533921	0.7788684953620681	ENSG00000204514.11	ZNF814	True
ENST00000617744	16.386164	1.420776	2.2334213	0.8126453	0.29068893	0.8109740254625081	0.5365715037921098	ENSG00000166321.14	NUDT13	False
ENST00000590432	135.2563	4.202498	5.0150843	0.8125863	0.38440543	0.8240478925900143	0.4152104815740013	ENSG00000006125.18	AP2B1	True
ENST00000306467	27.749426	1.6778978	2.4903407	0.8124429	0.5335194	0.8656930641736459	0.27284979438268325	ENSG00000168944.17	CEP120	False
ENST00000640345	29.175365	2.310366	3.122634	0.812268	0.34597257	0.81719736681995	0.4609583350997712	ENSG00000284512.1	ENSG00000284512	False
ENST00000649896	53.93852	3.0510123	3.8632498	0.8122375	0.19635947	0.8093544299533921	0.7069481477121152	ENSG00000285816.1	ENSG00000285816	False
ENST00000557390	64.61916	2.9164336	3.7284718	0.8120382	0.35791603	0.8181983982214429	0.4462188536765962	ENSG00000012983.12	MAP4K5	False
ENST00000586985	21.564434	1.8290063	2.6407819	0.81177557	0.23764455	0.8093544299533921	0.6240721352889376	ENSG00000127616.22	SMARCA4	False
ENST00000483725	50.3566	2.5539818	3.3655505	0.81156874	0.2725111	0.8093544299533921	0.5646158114935572	ENSG00000189367.15	KIAA0408	False
ENST00000696724	73.12109	2.866292	3.6778512	0.8115592	0.39511687	0.8290075231731883	0.4032744319843358	ENSG00000159128.16	IFNGR2	False
ENST00000261530	202.43881	3.5406387	4.3521223	0.8114836	0.56962526	0.8767825447641658	0.2444107613648897	ENSG00000089916.18	GPATCH2L	False
ENST00000315732	26.4	2.1013806	2.9127846	0.811404	0.13210249	0.8093544299533921	0.8790889980287735	ENSG00000181817.6	LSM10	False
ENST00000360458	28.99033	1.4561752	2.267256	0.8110808	0.25579163	0.8093544299533921	0.592113663248864	ENSG00000123562.18	MORF4L2	False
ENST00000332707	84.92305	3.5858395	4.396901	0.8110616	0.19103889	0.8093544299533921	0.718878210136457	ENSG00000184575.12	XPOT	False
ENST00000371014	31.331503	1.8495531	2.660366	0.81081295	0.58472836	0.8819641855083519	0.23304584173773382	ENSG00000198160.15	MIER1	False
ENST00000443758	106.40743	3.9631748	4.773948	0.8107734	0.15667777	0.8093544299533921	0.8049926249654534	ENSG00000163492.16	CCDC141	False
ENST00000612959	139.85434	3.7191534	4.529828	0.81067467	0.40986148	0.8323007445595858	0.3873629011068681	ENSG00000126653.18	NSRP1	False
ENST00000543095	232.499	4.8881025	5.6981635	0.810061	0.2561015	0.8093544299533921	0.5915878963783686	ENSG00000129493.15	HEATR5A	False
ENST00000444351	17.33187	1.5549983	2.3650267	0.81002843	0.23180951	0.8093544299533921	0.6348687477117868	ENSG00000143891.17	GALM	False
ENST00000372075	216.07202	5.018739	5.8287525	0.8100133	0.15302527	0.8093544299533921	0.8152368469479301	ENSG00000062650.20	WAPL	False
ENST00000391713	20.369896	1.5580899	2.3677328	0.8096429	0.21965207	0.8093544299533921	0.6582646964363661	ENSG00000131848.10	ZSCAN5A	False
ENST00000614352	557.1881	4.7752357	5.5848355	0.8095999	0.74707776	0.9359070387213771	0.12663419026080494	ENSG00000163328.14	GPR155	False
ENST00000391860	38.98977	2.620544	3.4300265	0.8094826	0.23868065	0.8093544299533921	0.6221827957098165	ENSG00000177614.11	PGBD5	False
ENST00000528988	23.969036	1.8160409	2.62541	0.8093692	0.25200123	0.8093544299533921	0.598597346435514	ENSG00000185122.11	HSF1	False
ENST00000371208	17.747463	1.276769	2.0859654	0.80919635	0.36576658	0.8185742609699567	0.4367959726377425	ENSG00000134709.13	HOOK1	False
ENST00000389118	20.90961	1.763966	2.5730205	0.8090545	0.22563614	0.8093544299533921	0.6465913393798627	ENSG00000204764.14	RANBP17	False
ENST00000372879	90.81017	3.3526938	4.161676	0.80898213	0.34244493	0.81719736681995	0.4654092637050308	ENSG00000196683.12	TOMM7	False
ENST00000505034	104.07548	3.5669467	4.3758197	0.80887294	0.3310754	0.8142173533113395	0.48007308741954446	ENSG00000174720.18	LARP7	False
ENST00000319023	103.562485	4.0421844	4.8508167	0.8086324	0.059049316	0.8093544299533921	1.2287851305222848	ENSG00000172890.13	NADSYN1	False
ENST00000545349	30.028702	1.679063	2.4875488	0.80848587	0.32602048	0.8142173533113395	0.4867551185664399	ENSG00000140853.17	NLRC5	True
ENST00000381318	29.888367	2.287606	3.096025	0.808419	0.46717528	0.8496539504698483	0.33052015000796253	ENSG00000205726.15	ITSN1	False
ENST00000560772	26.112833	1.9939116	2.8018415	0.8079299	0.1707133	0.8093544299533921	0.767732628454978	ENSG00000103852.13	TTC23	True
ENST00000640123	9.361959	0.88590866	1.6936835	0.80777484	0.30367506	0.8118754707110037	0.5175908804622246	ENSG00000124155.19	PIGT	True
ENST00000401041	180.78366	3.5982807	4.405927	0.8076465	0.5530049	0.8715539528845245	0.25727100444765266	ENSG00000198160.15	MIER1	False
ENST00000348367	14.875601	1.5070959	2.314591	0.807495	0.3083352	0.8118754707110037	0.5109768718252562	ENSG00000119927.14	GPAM	False
ENST00000338401	11.203502	1.0983962	1.9058616	0.80746543	0.3767884	0.8226842929596185	0.42390246736632115	ENSG00000130731.16	METTL26	False
ENST00000359203	74.15525	3.0306213	3.8379803	0.807359	0.5641268	0.8751424009584416	0.2486232757645872	ENSG00000025039.15	RRAGD	False
ENST00000537098	591.6903	6.254704	7.0618668	0.80716276	0.18085442	0.8093544299533921	0.7426708612037696	ENSG00000153815.18	CMIP	False
ENST00000261455	28.94571	1.7818648	2.5889955	0.8071307	0.3585348	0.8182605935073269	0.4454686689273817	ENSG00000065600.13	PACC1	False
ENST00000692787	18.235937	1.5339155	2.3410172	0.8071017	0.26718292	0.8093544299533921	0.5731913139703579	ENSG00000120699.14	EXOSC8	False
ENST00000575100	48.090343	2.7518272	3.558833	0.80700564	0.15649894	0.8093544299533921	0.8054886030079005	ENSG00000141252.21	VPS53	False
ENST00000427401	208.65645	4.8133926	5.620057	0.80666447	0.20747893	0.8093544299533921	0.6830260096344465	ENSG00000237440.9	ZNF737	False
ENST00000549447	26.584454	2.1927245	2.9992394	0.806515	0.17713483	0.8093544299533921	0.7516960430384978	ENSG00000183160.9	TMEM119	True
ENST00000296824	147.5274	4.185982	4.992334	0.80635166	0.36115187	0.8185742609699567	0.44231012718566415	ENSG00000164366.4	CCDC127	False
ENST00000253083	7.560669	0.9138229	1.7200437	0.80622077	0.09164029	0.8093544299533921	1.0379135280829994	ENSG00000130787.14	HIP1R	False
ENST00000263092	134.19525	4.446318	5.252433	0.8061147	0.0064699603	0.8093544299533921	2.189098382533497	ENSG00000127804.13	METTL16	False
ENST00000704304	121.280174	3.7977316	4.603715	0.8059833	0.39885622	0.8298121044971967	0.39918362805152724	ENSG00000169375.17	SIN3A	True
ENST00000395905	113.60362	4.2198763	5.0258017	0.80592537	0.064830236	0.8093544299533921	1.1882223965249437	ENSG00000163827.14	LRRC2	False
ENST00000677970	23.986874	1.2823559	2.088245	0.805889	0.46745878	0.8496539504698483	0.33025667445659507	ENSG00000138757.15	G3BP2	False
ENST00000519865	47.249733	2.466245	3.2719955	0.8057506	0.39537576	0.8290075231731883	0.4029899620120537	ENSG00000145860.13	RNF145	False
ENST00000397573	15.0	1.1802193	1.9857697	0.80555046	0.3179986	0.8118754707110037	0.4975748082802808	ENSG00000104081.14	BMF	False
ENST00000440097	72.36183	2.7924092	3.5974517	0.8050425	0.44811147	0.8466292514540297	0.34861393523376977	ENSG00000144791.10	LIMD1	False
ENST00000674676	184.18777	4.841555	5.646545	0.8049898	0.035920687	0.8093544299533921	1.4446553655997882	ENSG00000185900.11	POMK	False
ENST00000415061	22.896332	1.7488998	2.5538769	0.80497706	0.28504795	0.8106393935615843	0.5450820804937203	ENSG00000160439.16	RDH13	False
ENST00000615252	775.1014	6.5798492	7.3847218	0.8048725	0.3118284	0.8118754707110037	0.5060843271606379	ENSG00000078369.19	GNB1	False
ENST00000311956	123.55221	4.302337	5.107047	0.8047099	0.12997705	0.8093544299533921	0.8861333326836673	ENSG00000175220.12	ARHGAP1	False
ENST00000278937	65.56414	3.0471985	3.8517237	0.80452514	0.31795323	0.8118754707110037	0.49763676021248243	ENSG00000149573.9	MPZL2	False
ENST00000376649	190.5909	4.785191	5.589638	0.8044472	0.26174676	0.8093544299533921	0.5821186785359763	ENSG00000177192.14	PUS1	False
ENST00000604238	167.6496	4.2568994	5.061301	0.8044019	0.41273442	0.8335096573860776	0.38432931254944336	ENSG00000107745.20	MICU1	False
ENST00000530818	33.661243	2.3252876	3.1295524	0.8042648	0.38306656	0.823835243286134	0.4167257528910112	ENSG00000179295.19	PTPN11	True
ENST00000695360	26.38385	2.2359183	3.0399659	0.8040476	0.22572145	0.8093544299533921	0.6464271711302416	ENSG00000137513.11	NARS2	False
ENST00000551483	36.1558	1.989347	2.7929845	0.8036375	0.29283768	0.8111088466013822	0.5333730434037316	ENSG00000111596.14	CNOT2	False
ENST00000451657	381.9841	5.828649	6.632161	0.8035121	0.044929173	0.8093544299533921	1.347471576793705	ENSG00000172113.10	NME6	False
ENST00000588168	23.615526	1.411662	2.2151434	0.80348146	0.27500653	0.8093544299533921	0.5606569895572621	ENSG00000141376.24	BCAS3	False
ENST00000457098	56.67687	3.081895	3.8853598	0.80346465	0.3509327	0.8172002775093227	0.4547761776699544	ENSG00000115207.15	GTF3C2	False
ENST00000490047	894.10645	6.93228	7.7351446	0.80286455	0.31670827	0.8118754707110037	0.4993406005037714	ENSG00000135837.18	CEP350	False
ENST00000451672	32.904396	2.0409687	2.8436825	0.8027139	0.30796117	0.8118754707110037	0.5115040448518118	ENSG00000235453.12	SMIM27	True
ENST00000571958	14.370145	1.5739741	2.376647	0.80267286	0.15428525	0.8093544299533921	0.8116755855388489	ENSG00000174231.18	PRPF8	True
ENST00000288167	17.8	1.0255171	1.8281101	0.802593	0.36301264	0.8185742609699567	0.44007825069062073	ENSG00000056736.10	IL17RB	False
ENST00000367555	39.79149	1.5918013	2.3940983	0.802297	0.57230514	0.8772146664105537	0.2423723513934695	ENSG00000135838.14	NPL	False
ENST00000688896	27.64906	1.7736477	2.5757487	0.802101	0.4115045	0.8330998809981174	0.3856254037502259	ENSG00000153015.17	CWC27	False
ENST00000706180	35.905388	2.1509264	2.9527566	0.8018303	0.19801493	0.8093544299533921	0.7033020636542643	ENSG00000087111.22	PIGS	True
ENST00000448587	119.68068	3.8771937	4.678941	0.8017471	0.19772741	0.8093544299533921	0.7039331179966946	ENSG00000223573.7	TINCR	True
ENST00000332439	14.711978	1.0967597	1.8984764	0.8017167	0.38576722	0.8244231157420382	0.41367467702344096	ENSG00000182224.12	CYB5D1	False
ENST00000695374	50.656975	2.6484303	3.4500852	0.8016548	0.23611371	0.8093544299533921	0.6268787907433198	ENSG00000110888.19	CAPRIN2	False
ENST00000409559	16.7	1.4779724	2.278815	0.80084264	0.18979466	0.8093544299533921	0.7217160117852072	ENSG00000119865.9	CNRIP1	False
ENST00000457428	19.115685	1.3242335	2.1249914	0.8007579	0.18972471	0.8093544299533921	0.7218760941752845	ENSG00000151743.11	AMN1	True
ENST00000382065	17.266914	1.672165	2.4726756	0.8005105	0.21878894	0.8093544299533921	0.6599746422872557	ENSG00000082196.21	C1QTNF3	False
ENST00000672715	104.08159	2.4566824	3.2571201	0.8004377	0.6720259	0.9136317759800627	0.17261397658236796	ENSG00000004455.18	AK2	False
ENST00000646800	54.962597	2.2124531	3.0128865	0.8004334	0.40652853	0.831725697822197	0.39090896772150474	ENSG00000159023.23	EPB41	False
ENST00000358731	1207.7	7.6984773	8.49885	0.8003726	0.0148885185	0.8093544299533921	1.8271485153890858	ENSG00000145734.20	BDP1	False
ENST00000452270	23.351181	2.0097237	2.8099046	0.8001809	0.34030104	0.81719736681995	0.4681367276867055	ENSG00000025293.17	PHF20	False
ENST00000425013	430.6635	6.1146436	6.914738	0.8000946	0.036463812	0.8093544299533921	1.4381379313682037	ENSG00000011275.19	RNF216	False
ENST00000308159	209.7601	4.9489365	5.748871	0.7999344	0.16859376	0.8093544299533921	0.7731584924512586	ENSG00000102900.13	NUP93	False
ENST00000699746	73.51848	3.252745	4.05229	0.79954505	0.3425353	0.81719736681995	0.46529468191880735	ENSG00000105613.10	MAST1	False
ENST00000319285	41.75369	2.798978	3.5984957	0.79951763	0.3138585	0.8118754707110037	0.5032660926327517	ENSG00000179958.10	DCTPP1	False
ENST00000676783	188.2101	4.51648	5.315915	0.79943514	0.43178877	0.8415547706803203	0.3647286546654864	ENSG00000082898.19	XPO1	True
ENST00000360135	6.231475	0.69129366	1.4906683	0.79937464	0.10890944	0.8093544299533921	0.9629344629986935	ENSG00000168781.24	PPIP5K1	False
ENST00000696704	122.15236	3.189027	3.9883513	0.7993243	0.6654155	0.9114225729822933	0.17690707041535	ENSG00000131828.14	PDHA1	False
ENST00000361660	127.484764	4.521306	5.320387	0.79908085	0.052260295	0.8093544299533921	1.2818281467718546	ENSG00000198874.14	TYW1	False
ENST00000621622	6.334533	0.75222176	1.5512546	0.79903287	0.17680092	0.8093544299533921	0.7525154755950592	ENSG00000243716.12	NPIPB5	False
ENST00000399975	179.43709	4.1586356	4.9574766	0.798841	0.45652524	0.8475631590411424	0.3405352099971361	ENSG00000156256.15	USP16	False
ENST00000231512	26.3	2.257951	3.056777	0.798826	0.16333495	0.8093544299533921	0.7869208739437068	ENSG00000113583.8	C5orf15	False
ENST00000263276	6.5	0.78831357	1.5870761	0.7987625	0.12164919	0.8093544299533921	0.9148907756721616	ENSG00000104812.15	GYS1	False
ENST00000314471	101.677505	3.55595	4.354393	0.7984431	0.33487332	0.8158433703746901	0.4751194538786283	ENSG00000179134.16	SAMD4B	False
ENST00000465998	713.8356	6.781361	7.5797606	0.79839945	0.09207885	0.8093544299533921	1.0358401149177008	ENSG00000072756.18	TRNT1	False
ENST00000442218	524.7824	6.078173	6.8764963	0.79832315	0.21343604	0.8093544299533921	0.6707322508906219	ENSG00000211584.14	SLC48A1	False
ENST00000372967	38.21052	1.9405991	2.7388315	0.79823244	0.5282545	0.8637495285395624	0.27715678729339766	ENSG00000168653.11	NDUFS5	False
ENST00000441222	67.698814	2.8817995	3.6800308	0.79823136	0.31388682	0.8118754707110037	0.5032269180364082	ENSG00000109189.13	USP46	False
ENST00000400824	37.904564	2.2862093	3.084436	0.7982266	0.4069121	0.831725697822197	0.3904994080948622	ENSG00000130396.22	AFDN	True
ENST00000215375	54.406727	3.088068	3.8859606	0.7978926	0.20681168	0.8093544299533921	0.684424934534295	ENSG00000099624.8	ATP5F1D	False
ENST00000453441	122.179726	4.240831	5.0387173	0.7978864	0.012079341	0.8093544299533921	1.9179567463000153	ENSG00000215018.10	COL28A1	True
ENST00000523952	140.87918	4.024898	4.822507	0.79760885	0.40966594	0.8323007445595858	0.3875701398615106	ENSG00000127947.16	PTPN12	False
ENST00000559797	21.311304	1.7430323	2.5404906	0.7974583	0.48861662	0.8530497344797782	0.3110317688157897	ENSG00000100918.14	REC8	False
ENST00000560031	139.86606	4.4886403	5.2858562	0.79721594	0.06723544	0.8093544299533921	1.1724017485807654	ENSG00000156958.15	GALK2	False
ENST00000261292	158.96259	4.290069	5.087145	0.79707575	0.3506719	0.8172002775093227	0.45509904916668525	ENSG00000101670.12	LIPG	False
ENST00000528239	13.749293	1.037963	1.8349506	0.79698753	0.29020894	0.8109740254625081	0.5372892194593109	ENSG00000196600.13	SLC22A25	False
ENST00000682618	63.662994	3.1667182	3.9634738	0.79675555	0.22557655	0.8093544299533921	0.6467060502361616	ENSG00000153531.15	ADPRHL1	False
ENST00000640765	138.788	4.0724034	4.8690767	0.7966733	0.5045398	0.855803731079597	0.29710457981891786	ENSG00000104447.13	TRPS1	False
ENST00000424496	147.5996	4.447603	5.2442017	0.79659843	0.26439723	0.8093544299533921	0.5777430930004251	ENSG00000225528.4	TMA7B	False
ENST00000672107	13.542209	1.5782198	2.3747895	0.7965697	0.31646478	0.8118754707110037	0.4996746140441704	ENSG00000146143.19	PRIM2	False
ENST00000615383	74.42499	3.3893378	4.185818	0.7964804	0.11863537	0.8093544299533921	0.9257858060641585	ENSG00000275835.5	TUBGCP5	False
ENST00000682440	112.57933	3.9740756	4.770555	0.79647946	0.23295735	0.8093544299533921	0.6327235859484367	ENSG00000147262.5	GPR119	False
ENST00000699659	135.2252	3.861451	4.6569276	0.7954767	0.43503588	0.842654100473947	0.3614749183428256	ENSG00000231925.14	TAPBP	False
ENST00000432237	128.05338	3.5177395	4.3129797	0.79524016	0.44347778	0.8455994575468359	0.3531281355328249	ENSG00000177575.13	CD163	False
ENST00000610935	10.4	1.2192264	2.0144458	0.7952194	0.15446158	0.8093544299533921	0.8111795339732006	ENSG00000142409.6	ZNF787	False
ENST00000366998	39.257713	2.7489624	3.5440416	0.79507923	0.19627807	0.8093544299533921	0.7071282311657172	ENSG00000117650.13	NEK2	False
ENST00000256062	43.888664	2.1118486	2.9068696	0.79502106	0.3313697	0.8142173533113395	0.47968720796371644	ENSG00000133687.16	TMTC1	False
ENST00000649841	164.03775	4.5292883	5.3242855	0.7949972	0.1658123	0.8093544299533921	0.7803832600334393	ENSG00000184007.22	PTP4A2	False
ENST00000581858	47.04686	2.8381968	3.6331697	0.7949729	0.1999013	0.8093544299533921	0.6991843865866423	ENSG00000177731.16	FLII	False
ENST00000666252	47.190502	2.6143353	3.409271	0.7949357	0.14813407	0.8093544299533921	0.8293450515870533	ENSG00000147655.12	RSPO2	False
ENST00000549464	10.718253	1.009709	1.804594	0.79488504	0.2992721	0.8112092915290223	0.5239337831223387	ENSG00000067798.16	NAV3	False
ENST00000515700	93.367874	3.6798563	4.4746914	0.7948351	0.34825003	0.81719736681995	0.4581088356569331	ENSG00000153071.15	DAB2	False
ENST00000426739	171.11244	4.6926284	5.487397	0.7947688	0.12213724	0.8093544299533921	0.9131518944233453	ENSG00000263002.8	ZNF234	False
ENST00000545620	241.33618	4.7805476	5.5752945	0.7947469	0.47910428	0.8505260190233549	0.31956994899787833	ENSG00000113658.18	SMAD5	False
ENST00000242737	163.32849	4.290996	5.0857124	0.79471636	0.42958048	0.840824720967489	0.3669554612041266	ENSG00000123104.12	ITPR2	False
ENST00000306014	157.9993	4.5609922	5.355671	0.7946787	0.1673752	0.8093544299533921	0.7763088730059154	ENSG00000123064.13	DDX54	False
ENST00000310833	42.119453	2.6364825	3.4311275	0.7946451	0.18049148	0.8093544299533921	0.7435433005185784	ENSG00000174059.17	CD34	False
ENST00000341754	43.63319	2.3016417	3.0962524	0.79461074	0.33026123	0.8142173533113395	0.481142405363155	ENSG00000113456.20	RAD1	False
ENST00000586897	19.227728	1.8457125	2.6402876	0.7945751	0.13901992	0.8093544299533921	0.8569229613018476	ENSG00000181666.19	ZNF875	False
ENST00000681659	48.765697	2.3126104	3.1071446	0.7945342	0.56037545	0.8737130051602651	0.2515208977909216	ENSG00000225830.16	ERCC6	False
ENST00000474541	18.218346	1.4035126	2.1975927	0.79408014	0.34315532	0.81719736681995	0.4645092581305704	ENSG00000135747.11	ZNF670-ZNF695	False
ENST00000687151	91.05176	3.5294917	4.3233914	0.7938998	0.22624911	0.8093544299533921	0.6454131134491807	ENSG00000106290.16	TAF6	False
ENST00000262958	11.0	1.0082288	1.8019211	0.79369235	0.26577178	0.8093544299533921	0.5754911407301944	ENSG00000060558.4	GNA15	False
ENST00000375541	17.3	1.3800006	2.1735785	0.7935779	0.33902225	0.8169847126489916	0.4697717994557949	ENSG00000058453.17	CROCC	False
ENST00000588430	89.7644	3.6253889	4.418934	0.793545	0.3261105	0.8142173533113395	0.48663520169107327	ENSG00000185988.15	PLK5	False
ENST00000393459	33.786526	2.0420558	2.8355358	0.7934799	0.33936393	0.81719736681995	0.4693343161167203	ENSG00000107819.15	SFXN3	False
ENST00000246553	71.38194	3.2840395	4.077349	0.7933097	0.13203518	0.8093544299533921	0.8793103351089108	ENSG00000126266.4	FFAR1	False
ENST00000428892	31.2388	1.9135917	2.7067451	0.7931534	0.61310935	0.8929980614007832	0.21246206062820408	ENSG00000244509.4	APOBEC3C	False
ENST00000414691	17.994228	1.5653605	2.3584945	0.793134	0.25359288	0.8093544299533921	0.5958629465189895	ENSG00000111863.13	ADTRP	False
ENST00000688754	23.310463	1.6594924	2.4525847	0.79309237	0.2614093	0.8093544299533921	0.5826789451046523	ENSG00000213214.6	ARHGEF35	False
ENST00000643536	24.098476	1.5140089	2.3070955	0.79308665	0.23907678	0.8093544299533921	0.6214626051854747	ENSG00000284946.1	ENSG00000284946	False
ENST00000287594	602.0475	6.283386	7.076268	0.79288197	0.18112466	0.8093544299533921	0.7420224230124827	ENSG00000156968.9	MPV17L	False
ENST00000470110	252.42819	5.168553	5.9614167	0.79286385	0.12646453	0.8093544299533921	0.8980312628413666	ENSG00000197162.10	ZNF785	False
ENST00000379410	12.9	1.107457	1.9002899	0.79283285	0.21222635	0.8093544299533921	0.6732007030413333	ENSG00000187583.11	PLEKHN1	False
ENST00000698431	11.862153	0.76218224	1.554948	0.79276574	0.47986144	0.8506902620804366	0.31888414862463466	ENSG00000124299.16	PEPD	True
ENST00000380367	22.69694	1.9614611	2.7541468	0.79268575	0.22436003	0.8093544299533921	0.6490545031007383	ENSG00000182070.7	OR52A1	False
ENST00000574081	92.84615	3.538389	4.331036	0.7926471	0.37830043	0.8230751633283137	0.4221631669083498	ENSG00000161929.15	SCIMP	False
ENST00000377269	125.07749	4.0232863	4.8159227	0.7926364	0.27139983	0.8093544299533921	0.5663904354131207	ENSG00000130985.17	UBA1	False
ENST00000412738	49.32384	2.6505024	3.442904	0.79240155	0.41850474	0.836886090598871	0.3782996138596313	ENSG00000131051.24	RBM39	True
ENST00000511836	52.024742	2.7273715	3.5197127	0.79234123	0.21257825	0.8093544299533921	0.6724811684947811	ENSG00000109458.10	GAB1	False
ENST00000674797	194.33176	4.516039	5.3081293	0.7920904	0.32602412	0.8142173533113395	0.4867502752042482	ENSG00000116984.15	MTR	False
ENST00000357519	148.2928	4.4909897	5.283073	0.79208326	0.08850287	0.8093544299533921	1.0530426504885793	ENSG00000172500.13	FIBP	False
ENST00000534771	57.380737	2.225719	3.017733	0.7920141	0.5992989	0.8872137205946347	0.22235652349505872	ENSG00000129083.13	COPB1	False
ENST00000341446	305.84824	5.596582	6.3885574	0.7919755	0.07614841	0.8093544299533921	1.1183391426190732	ENSG00000184992.13	BRI3BP	False
ENST00000671775	305.84824	5.596582	6.3885574	0.7919755	0.07614841	0.8093544299533921	1.1183391426190732	ENSG00000184992.13	BRI3BP	False
ENST00000644715	75.06911	3.5156877	4.3076544	0.7919667	0.28940383	0.8109740254625081	0.5384957316863364	ENSG00000099810.21	MTAP	False
ENST00000372236	623.1631	6.445538	7.2373705	0.79183245	0.13215593	0.8093544299533921	0.8789133610791606	ENSG00000170734.12	POLH	False
ENST00000511313	1669.5765	7.9330287	8.724765	0.7917361	0.15831608	0.8093544299533921	0.8004749835737948	ENSG00000285437.2	POLR2J3	True
ENST00000519466	147.75139	4.0181303	4.8098106	0.79168034	0.41745883	0.8367259608007798	0.37938634605376137	ENSG00000104660.19	LEPROTL1	False
ENST00000309951	134.33	4.329931	5.121506	0.79157543	0.11953597	0.8093544299533921	0.9225013982585711	ENSG00000122729.19	ACO1	False
ENST00000686093	43.95621	2.7668636	3.5583727	0.79150915	0.23209663	0.8093544299533921	0.6343311703235703	ENSG00000138688.17	BLTP1	False
ENST00000368934	7.0467315	0.6388636	1.4303623	0.7914987	0.2663238	0.8093544299533921	0.5745900132258345	ENSG00000143363.17	PRUNE1	False
ENST00000317243	109.83494	3.9190423	4.7102447	0.7912023	0.14364916	0.8093544299533921	0.8426969066304804	ENSG00000172006.12	ZNF554	False
ENST00000328559	25.986532	1.9813236	2.7722678	0.7909442	0.27582014	0.8093544299533921	0.5593740316156487	ENSG00000109771.16	LRP2BP	False
ENST00000549240	48.15013	2.5574305	3.3480134	0.7905829	0.37599635	0.8226496355690782	0.4248163695487368	ENSG00000140104.14	CLBA1	False
ENST00000642643	165.76848	3.8207815	4.611324	0.79054236	0.49926296	0.8548764927378353	0.301670653854144	ENSG00000159023.23	EPB41	True
ENST00000568088	39.561073	2.5221848	3.3126292	0.7904444	0.3651406	0.8185742609699567	0.4375398904954461	ENSG00000103064.15	SLC7A6	False
ENST00000425992	41.742317	3.0711148	3.8615544	0.7904396	0.2120712	0.8093544299533921	0.6735183159048234	ENSG00000213585.11	VDAC1	False
ENST00000620847	44.75624	2.6491969	3.4396102	0.7904134	0.24144474	0.8093544299533921	0.6171822573945194	ENSG00000168621.15	GDNF	False
ENST00000565090	18.5	1.7267647	2.5171719	0.7904072	0.14541261	0.8093544299533921	0.8373979334116153	ENSG00000167967.16	E4F1	False
ENST00000413379	57.51333	1.6928596	2.4832478	0.7903881	0.67588484	0.9145501406384322	0.1701272927643663	ENSG00000142230.13	SAE1	False
ENST00000568820	72.49864	3.2839425	4.0741453	0.79020286	0.3321965	0.8147910346358502	0.47860494248859425	ENSG00000102897.10	LYRM1	False
ENST00000544054	26.527857	2.0034912	2.7935953	0.79010415	0.3297595	0.8142173533113395	0.48180267304111063	ENSG00000033030.16	ZCCHC8	False
ENST00000424155	82.02645	3.4268167	4.216869	0.7900522	0.35561755	0.8175932215882654	0.44901681074730865	ENSG00000166557.14	TMED3	False
ENST00000382051	8.0	1.0708895	1.8609335	0.79004407	0.20120054	0.8093544299533921	0.6963708475816228	ENSG00000157765.13	SLC34A2	False
ENST00000672742	26.765644	1.7744957	2.5644748	0.7899791	0.34002322	0.81719736681995	0.46849142474157546	ENSG00000177084.19	POLE	False
ENST00000366254	72.36034	3.6658366	4.455776	0.78993964	0.12041776	0.8093544299533921	0.9193094600063364	ENSG00000114346.14	ECT2	False
ENST00000438932	56.797688	3.032051	3.8219173	0.7898662	0.21836288	0.8093544299533921	0.6608211809583066	ENSG00000182013.18	PNMA8A	False
ENST00000420128	12.050287	1.2181993	2.0078528	0.78965354	0.27183747	0.8093544299533921	0.5656906757906935	ENSG00000226124.10	FTCDNL1	False
ENST00000262065	57.14854	3.4207218	4.2103543	0.78963256	0.22447005	0.8093544299533921	0.6488415983566265	ENSG00000108960.9	MMD	False
ENST00000521036	50.25883	2.1438804	2.933234	0.7893536	0.5448347	0.8692662506126195	0.26373526161444366	ENSG00000156467.10	UQCRB	False
ENST00000468888	8.962831	1.0801058	1.8692324	0.78912663	0.574345	0.8777929733665634	0.24082716092783008	ENSG00000163539.19	CLASP2	False
ENST00000305628	9.5	1.0705489	1.8596025	0.78905356	0.3209914	0.8125420389446386	0.49350660724370243	ENSG00000168995.13	SIGLEC7	False
ENST00000263379	447.597	6.33688	7.1258526	0.7889724	0.019027876	0.8093544299533921	1.720609693450959	ENSG00000104998.4	IL27RA	False
ENST00000549389	9.671876	0.9605773	1.7494881	0.7889108	0.27419448	0.8093544299533921	0.5619412941449909	ENSG00000139624.14	CERS5	False
ENST00000683125	49.516758	2.8769743	3.6658254	0.788851	0.31118926	0.8118754707110037	0.506975394459768	ENSG00000138095.20	LRPPRC	False
ENST00000450049	36.2	2.0605574	2.8493657	0.78880835	0.30538255	0.8118754707110037	0.5151557831220315	ENSG00000174225.15	ARL13A	False
ENST00000408957	269.43945	5.03861	5.8272686	0.7886586	0.28896663	0.8109740254625081	0.5391523129939486	ENSG00000221944.9	TIGD1	False
ENST00000445288	189.6901	3.9450016	4.733506	0.7885046	0.71103895	0.9250055684360596	0.14810661017078133	ENSG00000187257.16	RSBN1L	False
ENST00000326181	49.20271	3.1113794	3.8998518	0.7884724	0.057721514	0.8093544299533921	1.2386622842334063	ENSG00000131653.14	TRAF7	False
ENST00000297157	178.94788	4.872256	5.6607075	0.7884517	0.095319435	0.8093544299533921	1.020818540569468	ENSG00000164610.10	RP9	False
ENST00000326010	87.85425	3.4836338	4.2719536	0.7883198	0.19815038	0.8093544299533921	0.7030050872980811	ENSG00000100024.15	UPB1	False
ENST00000361354	131.76895	4.252478	5.0405655	0.78808737	0.13358729	0.8093544299533921	0.8742348737207257	ENSG00000061676.16	NCKAP1	False
ENST00000674956	136.3408	3.494442	4.2824926	0.78805065	0.4678435	0.8496539504698483	0.3298993974687864	ENSG00000112367.12	FIG4	False
ENST00000283426	9.246687	1.1042143	1.8922324	0.7880181	0.1301574	0.8093544299533921	0.8855311480586534	ENSG00000153404.15	PLEKHG4B	False
ENST00000504875	27.6	2.3121293	3.1001253	0.78799605	0.53883994	0.8673735641566814	0.26854022391223076	ENSG00000182578.14	CSF1R	False
ENST00000373063	24.915455	2.038242	2.826176	0.7879338	0.21879329	0.8093544299533921	0.6599660053930617	ENSG00000137166.18	FOXP4	False
ENST00000680269	43.981457	2.4515965	3.2393396	0.7877431	0.38222066	0.823716002720574	0.4176858468327641	ENSG00000163382.13	NAXE	False
ENST00000520342	1483.2543	7.6030507	8.3907175	0.7876668	0.2393144	0.8093544299533921	0.6210311553768515	ENSG00000153317.15	ASAP1	True
ENST00000239449	7.764454	0.99616265	1.7837272	0.7875645	0.07464643	0.8093544299533921	1.1269909680894097	ENSG00000120327.7	PCDHB14	False
ENST00000497726	9.992487	0.82087517	1.6083615	0.7874863	0.32826346	0.8142173533113395	0.48377745511114706	ENSG00000160124.9	MIX23	False
ENST00000318524	251.91045	5.3532376	6.1405773	0.7873397	0.039432928	0.8093544299533921	1.4041409745798903	ENSG00000086102.19	NFX1	False
ENST00000611180	14.186895	1.2228918	2.010066	0.7871742	0.57187384	0.8771552891618881	0.24269976673293994	ENSG00000082805.21	ERC1	False
ENST00000568808	1427.2083	6.545919	7.333074	0.78715515	0.5922584	0.884647864098005	0.2274887755359345	ENSG00000260916.8	CCPG1	True
ENST00000281828	198.298	4.7896914	5.576824	0.78713274	0.23343717	0.8093544299533921	0.6318299985998702	ENSG00000116120.11	FARSB	False
ENST00000565898	79.304184	3.9154747	4.7026024	0.78712773	0.01659204	0.8093544299533921	1.780100196736003	ENSG00000140464.20	PML	False
ENST00000431067	51.917286	2.320696	3.1078029	0.78710675	0.37876895	0.8231329589941108	0.4216256291724715	ENSG00000228278.5	ORM2	False
ENST00000380995	52.719246	1.6892716	2.4763417	0.78707016	0.6767715	0.9149495999151919	0.16955792462322888	ENSG00000054611.14	TBC1D22A	False
ENST00000683570	74.459946	3.4017055	4.1886773	0.7869718	0.17522983	0.8093544299533921	0.7563919541026889	ENSG00000113971.21	NPHP3	False
ENST00000418917	51.633644	2.9280891	3.7150533	0.7869642	0.27099937	0.8093544299533921	0.567031715527359	ENSG00000114354.15	TFG	False
ENST00000374979	28.954157	1.8892058	2.6761694	0.7869636	0.34902897	0.81719736681995	0.4571385184246402	ENSG00000120458.13	MSANTD2	False
ENST00000423230	10.0	0.6894832	1.4762396	0.78675634	0.27778128	0.8093544299533921	0.5562970285080604	ENSG00000179832.18	MROH1	False
ENST00000560595	11.21906	1.0597161	1.8464582	0.7867421	0.22798637	0.8093544299533921	0.6420911246685728	ENSG00000140374.17	ETFA	False
ENST00000304834	91.84064	2.8232772	3.6100135	0.78673625	0.5389539	0.8673763217907708	0.26844838079727645	ENSG00000189159.16	JPT1	True
ENST00000586569	28.281042	1.5292406	2.3159242	0.78668356	0.33996305	0.81719736681995	0.4685682847792202	ENSG00000141655.18	TNFRSF11A	False
ENST00000434693	15.074158	1.6721145	2.4583218	0.7862073	0.38876095	0.8259378738446596	0.4103173606500351	ENSG00000144642.22	RBMS3	False
ENST00000361924	1143.0924	7.0444417	7.830522	0.78608036	0.2542387	0.8093544299533921	0.5947583495123855	ENSG00000144674.19	GOLGA4	False
ENST00000498535	42.40667	2.6348886	3.420476	0.7855873	0.2854742	0.8106393935615843	0.5444331187176704	ENSG00000133606.11	MKRN1	True
ENST00000451025	18.043285	1.5457219	2.3312964	0.78557456	0.2619038	0.8093544299533921	0.5818582125259554	ENSG00000124688.14	MAD2L1BP	False
ENST00000368761	366.45465	5.547747	6.333284	0.78553677	0.14588895	0.8093544299533921	0.8359775883278036	ENSG00000056972.21	TRAF3IP2	False
ENST00000258484	42.882927	2.7733738	3.5588984	0.7855246	0.30662796	0.8118754707110037	0.5133882477482624	ENSG00000135999.12	EPC2	False
ENST00000238156	187.72379	5.071482	5.8569193	0.7854371	0.05010209	0.8093544299533921	1.3001441693678704	ENSG00000119242.9	CCDC92	False
ENST00000496144	290.26794	5.226756	6.011836	0.78507996	0.3332369	0.8148546909488805	0.4772469104433325	ENSG00000132549.20	VPS13B	False
ENST00000460286	233.18953	4.8404946	5.6255255	0.78503084	0.23684707	0.8093544299533921	0.6255319782883803	ENSG00000122432.19	SPATA1	True
ENST00000394320	153.09944	4.546761	5.3317566	0.78499556	0.077250086	0.8093544299533921	1.1121010297039338	ENSG00000155846.17	PPARGC1B	False
ENST00000294454	157.48618	4.1617546	4.946702	0.7849474	0.3196194	0.8121593305743525	0.49536688523928124	ENSG00000162461.8	SLC25A34	False
ENST00000456491	36.508766	1.6648787	2.4497762	0.78489745	0.40525374	0.8312293045789577	0.3922729704167661	ENSG00000204120.16	GIGYF2	True
ENST00000587987	37.16079	2.671387	3.4562726	0.78488564	0.12739527	0.8093544299533921	0.8948466887329123	ENSG00000161265.15	U2AF1L4	False
ENST00000393315	19.863903	1.7718302	2.5567102	0.78488004	0.1664161	0.8093544299533921	0.7788046764214681	ENSG00000146054.18	TRIM7	False
ENST00000388857	8.408575	1.0844498	1.8692398	0.78479004	0.42981067	0.840824720967489	0.36672280437093263	ENSG00000211450.11	SELENOH	True
ENST00000515001	9.551184	0.64706004	1.4316974	0.78463733	0.29338446	0.8111088466013822	0.5325628897699577	ENSG00000153044.10	CENPH	False
ENST00000419235	96.39689	3.5905397	4.374697	0.7841575	0.34868175	0.81719736681995	0.45757078559785375	ENSG00000112679.15	DUSP22	False
ENST00000686666	32.203854	2.2487621	3.0326872	0.78392506	0.26134053	0.8093544299533921	0.5827932345993995	ENSG00000144893.13	MED12L	False
ENST00000560721	64.44959	2.7896852	3.5735445	0.78385925	0.6234048	0.8977850577152414	0.20522985750861486	ENSG00000148516.23	ZEB1	False
ENST00000598564	48.7	2.9771118	3.7607586	0.7836468	0.32910994	0.8142173533113395	0.48265900467455464	ENSG00000141985.9	SH3GL1	False
ENST00000682356	202.38937	4.8234477	5.607024	0.7835765	0.1510618	0.8093544299533921	0.8208453357861462	ENSG00000205085.13	GARIN1A	False
ENST00000367929	68.5	3.1341527	3.9176562	0.78350353	0.35500365	0.8173944929220979	0.44976717562263474	ENSG00000198574.6	SH2D1B	False
ENST00000698687	37.137703	1.6125884	2.3958693	0.78328085	0.35226265	0.8172002775093227	0.4531334070986591	ENSG00000112473.19	SLC39A7	False
ENST00000277632	20.238861	1.4315246	2.2146459	0.7831212	0.45327908	0.8472077019271466	0.34363432620033785	ENSG00000148481.14	MINDY3	False
ENST00000439211	199.42773	4.755748	5.538849	0.7831011	0.35728192	0.8177495557578855	0.4469889564038723	ENSG00000228716.7	DHFR	False
ENST00000434457	85.04153	3.4978096	4.2808204	0.7830107	0.2586854	0.8093544299533921	0.5872280650032096	ENSG00000137145.21	DENND4C	False
ENST00000265689	13.615822	1.463253	2.2460241	0.7827711	0.17545849	0.8093544299533921	0.7558256104098596	ENSG00000110721.12	CHKA	False
ENST00000266646	69.13517	3.0199416	3.8027103	0.7827687	0.36254334	0.8185742609699567	0.4406400631596516	ENSG00000139269.3	INHBE	False
ENST00000682036	40.965	2.3766277	3.158999	0.7823713	0.32329166	0.8140535395798091	0.49040549966544245	ENSG00000164953.17	TMEM67	False
ENST00000559309	42.934383	2.1852245	2.9674706	0.7822461	0.3694962	0.8194459451468774	0.4323900277533565	ENSG00000131876.18	SNRPA1	True
ENST00000222969	11.775543	1.0035595	1.7857994	0.7822399	0.39764932	0.8298121044971967	0.4004997580819859	ENSG00000106245.11	BUD31	False
ENST00000246186	77.97117	3.5352373	4.3173018	0.78206444	0.3306705	0.8142173533113395	0.4806045403630133	ENSG00000125966.10	MMP24	False
ENST00000226328	107.56496	4.20216	4.9841566	0.7819967	0.023349527	0.8093544299533921	1.6317219076581098	ENSG00000018189.13	RUFY3	False
ENST00000302472	42.8	2.2475626	3.0294378	0.78187513	0.3477698	0.81719736681995	0.458708138353146	ENSG00000171522.6	PTGER4	False
ENST00000297107	131.72095	3.9820464	4.76388	0.7818334	0.38598168	0.8244554421335727	0.4134333090956885	ENSG00000164574.16	GALNT10	False
ENST00000588395	6.525139	0.9803772	1.7621601	0.78178287	0.35321888	0.8173803121090482	0.45195608685170413	ENSG00000133243.10	BTBD2	False
ENST00000547575	28.936401	2.3666077	3.1481197	0.781512	0.075363785	0.8093544299533921	1.1228372979050245	ENSG00000173588.16	CEP83	False
ENST00000440081	59.846687	2.3726513	3.1541133	0.78146195	0.43025765	0.840824720967489	0.36627140094371674	ENSG00000182095.15	TNRC18	False
ENST00000601897	7.428435	0.98838466	1.7697532	0.78136855	0.3211369	0.8125420389446386	0.49330980031006566	ENSG00000185236.12	RAB11B	False
ENST00000297323	11.927501	1.1230757	1.9043968	0.78132105	0.2744	0.8093544299533921	0.561615899606584	ENSG00000164742.16	ADCY1	False
ENST00000546151	110.96355	3.917793	4.699114	0.7813208	0.21840802	0.8093544299533921	0.660731421546529	ENSG00000162144.10	CYB561A3	True
ENST00000263468	153.90779	4.408249	5.189536	0.7812872	0.29430318	0.8111088466013822	0.5312050470329132	ENSG00000110318.15	CEP126	False
ENST00000563375	60.87539	2.605737	3.387017	0.78128004	0.40493175	0.8310603061091208	0.3926181654606425	ENSG00000197943.12	PLCG2	False
ENST00000321660	11.919528	1.3297715	2.1110268	0.78125525	0.15384138	0.8093544299533921	0.8129268434417619	ENSG00000177291.4	GJD4	False
ENST00000468793	86.75235	3.3738644	4.1550503	0.78118587	0.31776735	0.8118754707110037	0.49789072523091293	ENSG00000169598.17	DFFB	False
ENST00000449575	39.61561	1.7261518	2.5069532	0.7808014	0.43641186	0.842654100473947	0.36010345784893255	ENSG00000164989.17	CCDC171	False
ENST00000394936	6097.2803	9.82009	10.600887	0.780797	0.15982343	0.8093544299533921	0.7963595461265347	ENSG00000197746.15	PSAP	False
ENST00000551178	24.793674	2.0617921	2.842575	0.78078294	0.33501762	0.8158433703746901	0.47493234900374043	ENSG00000083454.23	P2RX5	False
ENST00000520627	482.41144	5.2277937	6.0084176	0.7806239	0.527135	0.8628966334781174	0.2780781351531966	ENSG00000008988.11	RPS20	False
ENST00000526054	138.55019	3.9983456	4.7786427	0.78029704	0.40876287	0.8323007445595858	0.3885285578895874	ENSG00000160948.14	VPS28	False
ENST00000301037	202.03767	4.7117767	5.492026	0.7802491	0.23554508	0.8093544299533921	0.6279259555984683	ENSG00000167524.17	RSKR	False
ENST00000290902	106.5	4.1893353	4.969001	0.77966547	0.32855365	0.8142173533113395	0.4833937079664279	ENSG00000159674.12	SPON2	False
ENST00000440945	327.357	5.7253766	6.505011	0.7796345	0.14724383	0.8093544299533921	0.8319629016581492	ENSG00000204120.16	GIGYF2	False
ENST00000403703	94.53789	3.6553996	4.4349957	0.7795961	0.20375054	0.8093544299533921	0.6909012404306891	ENSG00000059145.19	UNKL	False
ENST00000446464	54.165764	2.8540661	3.6334958	0.7794297	0.28563023	0.8106393935615843	0.5441958362895728	ENSG00000115459.18	ELMOD3	False
ENST00000562562	14.2	1.2269852	2.0062351	0.7792499	0.22426306	0.8093544299533921	0.649242261920835	ENSG00000134398.15	ERN2	True
ENST00000392562	177.85425	3.608668	4.387768	0.7790997	0.5195636	0.8596276200549111	0.2843612698740463	ENSG00000177885.15	GRB2	False
ENST00000371947	7.7	0.99688166	1.7758281	0.77894646	0.3410152	0.81719736681995	0.46722627573833553	ENSG00000184719.13	RNLS	False
ENST00000556531	25.39304	2.1938381	2.9727187	0.7788806	0.14922367	0.8093544299533921	0.826162282139083	ENSG00000137070.19	IL11RA	False
ENST00000340433	10.28913	1.155207	1.9339724	0.7787653	0.26303816	0.8093544299533921	0.5799812447127475	ENSG00000187823.4	RTL4	False
ENST00000355315	58.749523	2.4079316	3.186655	0.7787235	0.62006307	0.8962923551817317	0.20756413625589396	ENSG00000170791.18	CHCHD7	False
ENST00000371319	286.62872	5.2612867	6.0399923	0.7787056	0.1466052	0.8093544299533921	0.8338506441671616	ENSG00000157216.17	SSBP3	False
ENST00000444636	239.9666	5.530153	6.3087664	0.77861357	0.04416452	0.8093544299533921	1.3549264876997293	ENSG00000185404.17	SP140L	False
ENST00000280481	65.06792	3.1957567	3.9740844	0.7783277	0.2799217	0.8093544299533921	0.552963416714735	ENSG00000150893.11	FREM2	False
ENST00000444620	55.87201	2.3719053	3.14995	0.7780447	0.4625742	0.8484465011287805	0.33481858069027437	ENSG00000054267.22	ARID4B	False
ENST00000406697	19.203762	1.6009825	2.3789763	0.7779938	0.36443496	0.8185742609699567	0.43837997109793353	ENSG00000182326.17	C1S	True
ENST00000474532	18.02922	1.746885	2.5247312	0.7778462	0.25966462	0.8093544299533921	0.5855872118816383	ENSG00000010818.11	HIVEP2	False
ENST00000513947	43.607193	2.3997314	3.1775482	0.7778168	0.29066426	0.8109740254625081	0.5366083722263799	ENSG00000103544.17	VPS35L	False
ENST00000267889	277.6314	5.125526	5.9030023	0.7774763	0.36495984	0.8185742609699567	0.4377549272165767	ENSG00000140323.6	DISP2	False
ENST00000423061	714.9063	6.64496	7.422358	0.7773981	0.3105767	0.8118754707110037	0.5078311189440321	ENSG00000131018.25	SYNE1	False
ENST00000649368	35.0	1.6559066	2.4332995	0.777393	0.36238012	0.8185742609699567	0.4408356389112855	ENSG00000092758.18	COL9A3	False
ENST00000291536	15.798602	1.4103895	2.1876817	0.77729213	0.26087126	0.8093544299533921	0.5835737619154179	ENSG00000160188.10	RSPH1	False
ENST00000367582	239.29109	5.431433	6.20864	0.7772069	0.015337938	0.8093544299533921	1.8142330095572932	ENSG00000112419.15	PHACTR2	False
ENST00000440857	104.87345	4.3440824	5.1211376	0.77705526	0.030584084	0.8093544299533921	1.5145045240312922	ENSG00000178149.17	DALRD3	False
ENST00000295802	230.9	5.1263747	5.9033422	0.7769675	0.22502737	0.8093544299533921	0.6477646604683033	ENSG00000042445.14	RETSAT	False
ENST00000367451	14.133621	0.9300712	1.7067779	0.77670676	0.3377369	0.8160385860784344	0.47142148127274514	ENSG00000116750.14	UCHL5	False
ENST00000703667	25.526844	2.0348742	2.8115458	0.77667165	0.18939303	0.8093544299533921	0.7226360110187581	ENSG00000101883.6	RHOXF1	False
ENST00000550357	27.892902	1.8259139	2.6025336	0.7766197	0.22372966	0.8093544299533921	0.6502764467798282	ENSG00000138346.16	DNA2	True
ENST00000423027	92.03717	3.3532972	4.129665	0.77636766	0.37695938	0.8226842929596185	0.4237054415115564	ENSG00000141404.17	GNAL	False
ENST00000689526	198.75822	4.9021688	5.6785097	0.77634096	0.1561342	0.8093544299533921	0.8065019490822773	ENSG00000197535.16	MYO5A	False
ENST00000333942	35.20346	2.4371345	3.213266	0.7761314	0.31980798	0.8121593305743525	0.4951107085074979	ENSG00000126858.19	RHOT1	False
ENST00000220659	55.12916	2.9712942	3.7469058	0.77561164	0.2830875	0.8102614157364052	0.5480793191905458	ENSG00000104221.14	BRF2	False
ENST00000392784	20.242687	1.9019824	2.67751	0.7755276	0.23879582	0.8093544299533921	0.6219732852222225	ENSG00000135093.13	USP30	False
ENST00000439326	409.773	5.8219132	6.597404	0.77549076	0.08498426	0.8093544299533921	1.0706615140064295	ENSG00000223547.10	ZNF844	False
ENST00000481731	21.141699	1.5146732	2.289861	0.77518773	0.27390632	0.8093544299533921	0.5623979463722327	ENSG00000196209.13	SIRPB2	False
ENST00000674182	166.04219	4.228817	5.003979	0.7751622	0.38184157	0.823716002720574	0.41811679281195785	ENSG00000236320.4	SLFN14	False
ENST00000696736	12.123543	1.1859735	1.9611216	0.77514803	0.28716713	0.8109740254625081	0.5418652693426457	ENSG00000100697.17	DICER1	False
ENST00000339082	46.839222	2.6063862	3.3814385	0.7750523	0.34663302	0.81719736681995	0.4601300727663531	ENSG00000011422.12	PLAUR	False
ENST00000564844	5.19268	0.6620513	1.4370973	0.775046	0.49161947	0.8537766521893764	0.3083709277330828	ENSG00000140941.14	MAP1LC3B	False
ENST00000487453	29.5	1.692143	2.4670782	0.77493525	0.31897956	0.8118754707110037	0.4962371435461224	ENSG00000116731.23	PRDM2	False
ENST00000699327	113.08014	4.0885243	4.863085	0.77456045	0.26778334	0.8093544299533921	0.5722164397370233	ENSG00000116044.17	NFE2L2	False
ENST00000286190	50.840588	2.7434437	3.5179653	0.7745216	0.49113953	0.8537766521893764	0.30879510870468657	ENSG00000155749.13	FLACC1	False
ENST00000371160	37.607742	1.9637667	2.738265	0.77449834	0.7039788	0.9222985764678387	0.1524404334720326	ENSG00000101972.20	STAG2	False
ENST00000616074	197.38235	4.9816766	5.7560654	0.7743888	0.09490071	0.8093544299533921	1.0227305275350065	ENSG00000054116.12	TRAPPC3	False
ENST00000289473	261.2988	5.2027097	5.9770474	0.77433777	0.24378063	0.8093544299533921	0.6130008087813964	ENSG00000158517.16	NCF1	False
ENST00000546625	111.9019	3.852224	4.626533	0.7743089	0.3442361	0.81719736681995	0.4631435800414989	ENSG00000166046.11	TCP11L2	False
ENST00000704447	57.565742	2.9875424	3.7617826	0.77424026	0.29330552	0.8111088466013822	0.5326797690980042	ENSG00000011523.15	CEP68	False
ENST00000382349	102.720474	3.651149	4.4253306	0.7741816	0.35414216	0.8173803121090482	0.4508223691236432	ENSG00000205922.5	ONECUT3	False
ENST00000687634	108.76695	3.8450701	4.6191487	0.7740786	0.3251259	0.8142173533113395	0.487948428736544	ENSG00000079616.14	KIF22	False
ENST00000683063	10.8323	0.7833149	1.5573404	0.7740255	0.506686	0.8558786284660064	0.295261119144291	ENSG00000135931.19	ARMC9	False
ENST00000680931	92.005295	3.6935284	4.4674573	0.7739289	0.09586264	0.8093544299533921	1.0183506062219505	ENSG00000163131.12	CTSS	False
ENST00000298527	12.964178	0.9298732	1.7037742	0.773901	0.4202047	0.8374027596300101	0.376539095301088	ENSG00000165682.15	CLEC1B	False
ENST00000442524	24.238892	2.2799718	3.0538263	0.7738545	0.31356582	0.8118754707110037	0.5036712827112492	ENSG00000077044.11	DGKD	True
ENST00000461734	37.588985	2.521361	3.2950988	0.77373767	0.21198705	0.8093544299533921	0.6736906720224399	ENSG00000206530.11	CFAP44	False
ENST00000556451	54.972992	2.6711884	3.4448075	0.7736192	0.3935709	0.8284185470236078	0.40497702013026154	ENSG00000151338.21	MIPOL1	False
ENST00000674096	131.91452	3.609891	4.383506	0.7736149	0.48725262	0.8529381765683051	0.3122458144307941	ENSG00000175782.11	SLC35E3	False
ENST00000644859	68.33971	2.9395638	3.713088	0.7735243	0.3494846	0.81719736681995	0.4565719657358031	ENSG00000113889.14	KNG1	False
ENST00000357166	27.5	2.004327	2.77759	0.773263	0.21787265	0.8093544299533921	0.6617972853417484	ENSG00000188706.13	ZDHHC9	False
ENST00000434344	61.592907	3.1756856	3.9488878	0.7732022	0.11777176	0.8093544299533921	0.9289588360983971	ENSG00000087589.17	CASS4	False
ENST00000547394	10.366384	0.8646677	1.6376917	0.773024	0.52627873	0.8628966334781174	0.2787841785350307	ENSG00000257923.12	CUX1	False
ENST00000548676	49.58483	2.9952242	3.7680554	0.7728312	0.32091594	0.8125420389446386	0.49360871430587094	ENSG00000110888.19	CAPRIN2	True
ENST00000559007	822.1248	6.464912	7.237735	0.77282286	0.3028195	0.8118754707110037	0.5188161756878871	ENSG00000035664.11	DAPK2	False
ENST00000436697	72.00025	3.4610908	4.233904	0.7728131	0.12554492	0.8093544299533921	0.9012008537657337	ENSG00000225973.4	PIGBOS1	False
ENST00000376765	72.0103	3.079957	3.8526595	0.77270246	0.3800603	0.8231329589941108	0.42014750993712974	ENSG00000204619.8	PPP1R11	False
ENST00000395816	28.385061	2.390704	3.1632037	0.7724998	0.22323538	0.8093544299533921	0.651236967004841	ENSG00000124225.16	PMEPA1	False
ENST00000374012	626.6041	6.4508176	7.223304	0.7724862	0.16482772	0.8093544299533921	0.7829697505266926	ENSG00000025293.17	PHF20	False
ENST00000419822	67.42759	3.2915173	4.0639734	0.77245617	0.26712987	0.8093544299533921	0.5732775500198891	ENSG00000166405.16	RIC3	False
ENST00000370253	13.39826	1.475643	2.2479846	0.7723416	0.39128748	0.8275242175686334	0.4075040526038412	ENSG00000137942.18	FNBP1L	False
ENST00000543126	86.83639	3.6881258	4.4604635	0.7723377	0.2908238	0.8109740254625081	0.5363700739611715	ENSG00000078699.22	CBFA2T2	False
ENST00000279392	39.545254	2.627906	3.4001741	0.77226806	0.25111365	0.8093544299533921	0.6001296738229912	ENSG00000149929.16	HIRIP3	False
ENST00000679290	96.7498	3.895341	4.6675324	0.7721915	0.13195653	0.8093544299533921	0.8795691048691822	ENSG00000084623.12	EIF3I	False
ENST00000616540	80.403206	3.375573	4.147298	0.77172494	0.41436952	0.834214748032089	0.38261219402427094	ENSG00000086848.15	ALG9	False
ENST00000676621	99.225716	3.5002718	4.2719774	0.7717056	0.36922604	0.8194459451468774	0.432707679371504	ENSG00000138160.7	KIF11	False
ENST00000519977	35.7206	2.7235405	3.4950283	0.7714877	0.24619311	0.8093544299533921	0.6087241038066901	ENSG00000184428.13	TOP1MT	True
ENST00000518608	31.36092	2.3748899	3.146366	0.77147603	0.20499708	0.8093544299533921	0.6882523301543603	ENSG00000156170.14	NDUFAF6	False
ENST00000506787	30.05277	2.4851906	3.256569	0.7713783	0.108429156	0.8093544299533921	0.9648539217348558	ENSG00000119048.9	UBE2B	False
ENST00000653454	11.124445	1.0771149	1.848391	0.7712761	0.38296047	0.823835243286134	0.41684605419084164	ENSG00000160808.13	MYL3	False
ENST00000451876	9.8	0.6656224	1.4368577	0.7712353	0.4498684	0.8470024537044705	0.34691450135705515	ENSG00000160917.15	CPSF4	False
ENST00000597348	54.067223	2.7366774	3.5078468	0.7711694	0.31770092	0.8118754707110037	0.49798152413611074	ENSG00000204514.11	ZNF814	True
ENST00000420576	114.7168	2.5691376	3.3401697	0.7710321	0.67459047	0.9142632374641173	0.1709597994462959	ENSG00000103342.13	GSPT1	False
ENST00000436862	6.22431	0.5386905	1.3092642	0.7705737	0.19571736	0.8093544299533921	0.7083706409054373	ENSG00000164418.22	GRIK2	False
ENST00000487271	67.30116	2.621895	3.3924432	0.7705481	0.51759416	0.8587697515903885	0.2860106335770454	ENSG00000009790.15	TRAF3IP3	True
ENST00000260191	175.28024	4.697679	5.467808	0.7701287	0.13212195	0.8093544299533921	0.8790250238659228	ENSG00000149305.8	HTR3B	False
ENST00000243045	106.09896	3.7474558	4.5175457	0.77008986	0.37858826	0.8231180929812905	0.4218328585047558	ENSG00000123353.10	ORMDL2	False
ENST00000615315	8.9	1.0034431	1.7731123	0.7696692	0.20972678	0.8093544299533921	0.6783461096051909	ENSG00000174456.16	C12orf76	False
ENST00000457359	10.798618	1.3721467	2.141754	0.7696072	0.3176284	0.8118754707110037	0.4980806547092462	ENSG00000159147.18	DONSON	False
ENST00000683770	1824.1965	7.5426745	8.311862	0.76918745	0.39268875	0.8283759992706762	0.40595153914910526	ENSG00000026297.17	RNASET2	False
ENST00000378842	66.9	3.5476077	4.3167896	0.76918197	0.063063316	0.8093544299533921	1.2002231965577772	ENSG00000213930.12	GALT	False
ENST00000433235	14.428645	1.0796752	1.8487563	0.7690811	0.26284093	0.8093544299533921	0.5803070103711498	ENSG00000118197.14	DDX59	False
ENST00000561981	209.92464	4.8081017	5.577174	0.76907253	0.25561652	0.8093544299533921	0.5924110890050733	ENSG00000260230.5	FRRS1L	False
ENST00000260129	210.49658	4.9910383	5.760001	0.76896286	0.040117662	0.8093544299533921	1.3966643806455006	ENSG00000137574.11	TGS1	False
ENST00000409245	10.828086	1.1410518	1.9099871	0.7689353	0.13451399	0.8093544299533921	0.871232547861793	ENSG00000068724.18	TTC7A	False
ENST00000423335	16.723059	1.8613957	2.629932	0.7685362	0.30271155	0.8118754707110037	0.5189710132974368	ENSG00000237515.10	SHISA9	False
ENST00000680104	32.025517	2.1850712	2.9535959	0.76852465	0.35820496	0.8182605935073269	0.44586840384946214	ENSG00000147955.18	SIGMAR1	False
ENST00000453061	78.95078	3.6572695	4.4257746	0.7685051	0.10034204	0.8093544299533921	0.9985170619340776	ENSG00000174227.16	PIGG	False
ENST00000428682	24.228601	1.7089573	2.4771097	0.76815236	0.27889717	0.8093544299533921	0.5545558983811804	ENSG00000128242.13	GAL3ST1	False
ENST00000645912	5.80602	0.87388104	1.6420183	0.7681373	0.36538076	0.8185742609699567	0.4372543204352312	ENSG00000136104.22	RNASEH2B	False
ENST00000714250	8.66416	0.94308543	1.7111977	0.7681123	0.22290066	0.8093544299533921	0.6518886478377678	ENSG00000293570.1	ENSG00000293570	False
ENST00000439356	19.76817	1.8549362	2.6229029	0.7679666	0.20330842	0.8093544299533921	0.6918446381549239	ENSG00000047849.22	MAP4	False
ENST00000681838	156.23068	4.669349	5.437194	0.7678447	0.20396529	0.8093544299533921	0.6904437298497379	ENSG00000055609.21	KMT2C	False
ENST00000368145	15.019129	1.36294	2.1307266	0.7677866	0.22807501	0.8093544299533921	0.6419222925388715	ENSG00000203757.2	OR6K3	False
ENST00000643237	115.430885	4.139145	4.9069047	0.7677598	0.13652843	0.8093544299533921	0.8647768963505262	ENSG00000169814.18	BTD	False
ENST00000357447	46.979042	2.7838964	3.5516272	0.7677307	0.33580244	0.8158433703746901	0.4739161578608417	ENSG00000151474.23	FRMD4A	False
ENST00000319406	147.03267	4.2588296	5.026524	0.7676945	0.3191975	0.8118754707110037	0.49594051099150227	ENSG00000172954.14	LCLAT1	False
ENST00000645077	84.445595	3.6384208	4.405941	0.7675202	0.36130166	0.8185742609699567	0.4421300424156162	ENSG00000122335.17	SERAC1	True
ENST00000296741	16.642563	1.844066	2.6114352	0.76736915	0.29141203	0.8109740254625081	0.5354925301807215	ENSG00000164303.11	ENPP6	False
ENST00000553876	9.217661	1.2222149	1.9894835	0.76726854	0.29824346	0.8111088466013822	0.5254290665076794	ENSG00000100461.18	RBM23	True
ENST00000682009	48.04962	2.7029407	3.4701068	0.76716614	0.3469434	0.81719736681995	0.4597413594707023	ENSG00000249624.10	IFNAR2-IL10RB	False
ENST00000284384	23.205284	1.966012	2.7330616	0.76704955	0.29511288	0.8111088466013822	0.530011838419845	ENSG00000154229.12	PRKCA	True
ENST00000378105	24.049616	2.0366008	2.803635	0.76703405	0.24712005	0.8093544299533921	0.6070920123082062	ENSG00000204956.6	PCDHGA1	False
ENST00000469605	35.74433	2.528028	3.2950401	0.7670121	0.24583505	0.8093544299533921	0.6093561957180805	ENSG00000114391.14	RPL24	False
ENST00000693239	45.81264	2.8933036	3.6602354	0.7669318	0.09521441	0.8093544299533921	1.0212973119963	ENSG00000103363.16	ELOB	False
ENST00000368918	588.6977	6.157251	6.924149	0.76689816	0.28671315	0.8109740254625081	0.5425523830978819	ENSG00000143458.12	GABPB2	False
ENST00000369393	329.9	5.8106284	6.5772376	0.7666092	0.10603386	0.8093544299533921	0.974555421775338	ENSG00000112159.13	MDN1	False
ENST00000561311	21.899998	1.9364691	2.7030401	0.76657104	0.3504934	0.81719736681995	0.4553201540475586	ENSG00000171914.17	TLN2	False
ENST00000033079	47.983883	2.8846407	3.6510735	0.76643276	0.18226963	0.8093544299533921	0.7392856813113886	ENSG00000031003.11	FAM13B	False
ENST00000376652	48.422	2.8478308	3.613987	0.7661562	0.29988414	0.8114464565774724	0.5230465014934231	ENSG00000197586.13	ENTPD6	False
ENST00000258400	14.5	1.5153707	2.2815053	0.7661346	0.29402018	0.8111088466013822	0.5316228668800612	ENSG00000135914.6	HTR2B	False
ENST00000706807	76.56512	3.5341246	4.300252	0.76612735	0.35395333	0.8173803121090482	0.4510539953679489	ENSG00000211456.14	SACM1L	False
ENST00000371927	51.985542	2.6465788	3.4124105	0.7658317	0.2811225	0.8093544299533921	0.5511043849340194	ENSG00000138134.12	STAMBPL1	False
ENST00000436073	11.64189	1.1248199	1.8906105	0.7657906	0.3848029	0.8242482227560738	0.41476165494088074	ENSG00000160746.13	ANO10	True
ENST00000589624	7.7698717	1.0804182	1.8461909	0.7657727	0.1923328	0.8093544299533921	0.71594663635779	ENSG00000105254.12	TBCB	False
ENST00000419660	140.51553	4.26109	5.0267606	0.7656708	0.4662849	0.8494197755236921	0.3313486475100665	ENSG00000111912.20	NCOA7	False
ENST00000440460	62.980183	3.477687	4.2432585	0.7655716	0.02481682	0.8093544299533921	1.605253862324499	ENSG00000150764.14	DIXDC1	False
ENST00000370799	140.46169	4.1023517	4.867859	0.7655072	0.268756	0.8093544299533921	0.5706418277725184	ENSG00000156531.18	PHF6	False
ENST00000482419	137.50298	4.547712	5.313144	0.76543236	0.07790161	0.8093544299533921	1.1084535708552183	ENSG00000108021.22	TASOR2	True
ENST00000651061	27.968044	2.2850077	3.050373	0.76536536	0.17134096	0.8093544299533921	0.7661388110199393	ENSG00000160908.15	ZNF394	False
ENST00000259460	51.4	3.2193973	3.9845905	0.7651932	0.034309577	0.8093544299533921	1.464584633800785	ENSG00000136933.17	RABEPK	False
ENST00000518171	26.944386	1.7443236	2.5093603	0.7650367	0.28830582	0.8109740254625081	0.5401465919194485	ENSG00000164919.11	COX6C	False
ENST00000371566	16.937063	1.5659566	2.3309538	0.76499724	0.23734714	0.8093544299533921	0.6246159954402609	ENSG00000085840.13	ORC1	False
ENST00000648290	14.380155	1.1290847	1.894063	0.7649783	0.21353912	0.8093544299533921	0.6705225441573563	ENSG00000198520.12	ARMH1	False
ENST00000436829	13.263077	1.0628736	1.8278027	0.76492906	0.30359966	0.8118754707110037	0.517698725394658	ENSG00000148481.14	MINDY3	False
ENST00000216129	58.8	3.1283305	3.8932457	0.7649152	0.2881747	0.8109740254625081	0.5403441671384351	ENSG00000100304.13	TTLL12	False
ENST00000567462	30.629984	2.0041287	2.7690275	0.7648988	0.34328544	0.81719736681995	0.4643446144429171	ENSG00000069764.10	PLA2G10	False
ENST00000430155	55.867943	2.5829904	3.3477392	0.7647488	0.36735356	0.8192702949872638	0.4349157488046333	ENSG00000221955.11	SLC12A8	False
ENST00000237536	148.80411	4.5698423	5.3342905	0.76444817	0.036004785	0.8093544299533921	1.4436397726861843	ENSG00000149639.15	MTCL2	False
ENST00000679720	534.3764	5.4368496	6.2012777	0.76442814	0.70189184	0.9220332408747174	0.15372980685246784	ENSG00000197102.14	DYNC1H1	False
ENST00000252660	85.8741	3.3859332	4.150308	0.764375	0.17518312	0.8093544299533921	0.756507749639338	ENSG00000130368.7	MAS1	False
ENST00000317799	50.079224	1.4176613	2.1819801	0.7643188	0.6494359	0.9059168869193345	0.18746372263925634	ENSG00000138029.14	HADHB	False
ENST00000691196	12.766523	1.0613513	1.8256689	0.76431763	0.3900669	0.8264412367037465	0.4088609101639333	ENSG00000172915.20	NBEA	False
ENST00000440282	29.626251	2.26088	3.0251825	0.7643025	0.2664825	0.8093544299533921	0.5743313023518103	ENSG00000165626.19	BEND7	False
ENST00000514514	38.348705	1.8131787	2.5774765	0.76429784	0.5751353	0.87833920826418	0.24022998303264398	ENSG00000172239.14	PAIP1	False
ENST00000225665	221.4	5.0236993	5.7878866	0.76418734	0.19999282	0.8093544299533921	0.6989855944402604	ENSG00000108528.14	SLC25A11	False
ENST00000448775	59.704407	2.969856	3.7335508	0.76369476	0.25084105	0.8093544299533921	0.6006013876517167	ENSG00000166250.12	CLMP	False
ENST00000700751	21.050716	1.6447358	2.4082353	0.7634995	0.23351164	0.8093544299533921	0.6316914629951493	ENSG00000134255.16	CEPT1	False
ENST00000219478	525.7994	6.0779004	6.841347	0.7634468	0.20498693	0.8093544299533921	0.6882738289739595	ENSG00000103199.14	ZNF500	False
ENST00000446544	33.79241	2.3647306	3.1281486	0.76341796	0.37552524	0.8222188782484297	0.4253608721255219	ENSG00000158467.17	AHCYL2	False
ENST00000558090	158.5915	4.3792977	5.1426997	0.763402	0.2002611	0.8093544299533921	0.6984034002153736	ENSG00000103942.13	HOMER2	False
ENST00000368284	7.7256136	0.9807063	1.7435265	0.7628202	0.47431892	0.8500118764885034	0.3239295500944968	ENSG00000196189.14	SEMA4A	False
ENST00000451322	99.89521	3.9692152	4.731822	0.76260686	0.16903977	0.8093544299533921	0.7720111043994529	ENSG00000143633.13	C1orf131	False
ENST00000273153	25.0	1.6684808	2.4309757	0.7624949	0.2561374	0.8093544299533921	0.5915270017596822	ENSG00000144655.15	CSRNP1	False
ENST00000252542	669.63214	6.4316087	7.194037	0.7624283	0.35181713	0.8172002775093227	0.4536830172489967	ENSG00000130254.12	SAFB2	False
ENST00000527614	110.59906	3.5666363	4.3290453	0.762409	0.3778167	0.8230751633283137	0.42271884167029083	ENSG00000137713.16	PPP2R1B	False
ENST00000314852	20.20882	1.5233313	2.2856636	0.7623323	0.30498764	0.8118754707110037	0.5157177617708972	ENSG00000177971.9	IMP3	False
ENST00000679270	154.73694	4.484481	5.2467003	0.7622194	0.10483464	0.8093544299533921	0.9794951978912172	ENSG00000084623.12	EIF3I	False
ENST00000545145	66.771996	3.3223429	4.0844245	0.7620816	0.280032	0.8093544299533921	0.5527923240571054	ENSG00000122965.11	RBM19	False
ENST00000314073	142.04485	4.2594595	5.0213137	0.7618542	0.35209534	0.8172002775093227	0.45333972807843215	ENSG00000112624.14	BICRAL	False
ENST00000297679	38.4712	2.742465	3.5042853	0.7618203	0.23619877	0.8093544299533921	0.6267223719369485	ENSG00000099377.14	HSD3B7	False
ENST00000377957	305.5952	5.0379477	5.799584	0.76163626	0.39129427	0.8275242175686334	0.4074965108987052	ENSG00000204923.4	FBXO48	False
ENST00000374294	27.97084	1.690803	2.4522893	0.7614863	0.57113326	0.8770897118997009	0.24326255099125452	ENSG00000244115.1	DNAJC25-GNG10	False
ENST00000437633	35.543526	1.530104	2.2915692	0.7614652	0.5616077	0.8742352229061511	0.2505669321017173	ENSG00000128512.24	DOCK4	False
ENST00000403197	60.141033	3.0164795	3.7778933	0.7614138	0.23817635	0.8093544299533921	0.6231013721046834	ENSG00000173614.14	NMNAT1	False
ENST00000438807	22.0	1.7729044	2.534059	0.76115465	0.27472317	0.8093544299533921	0.5611047074201073	ENSG00000105341.19	DMAC2	False
ENST00000420833	20.469978	1.5370342	2.2978663	0.7608322	0.45584416	0.8473426594424552	0.34118360103674134	ENSG00000106460.20	TMEM106B	True
ENST00000574253	22.373024	1.891105	2.6519284	0.76082337	0.10701636	0.8093544299533921	0.9705498158516485	ENSG00000006194.11	ZNF263	False
ENST00000225603	151.45975	3.5312717	4.292039	0.7607672	0.4859361	0.8529381765683051	0.31342083148058	ENSG00000108468.15	CBX1	False
ENST00000340308	41.600037	1.9077984	2.6684897	0.7606913	0.42500344	0.8384964729269883	0.3716075555630323	ENSG00000157800.18	SLC37A3	False
ENST00000264436	56.240112	2.7739	3.534513	0.76061296	0.32313025	0.8140535395798091	0.4906223834147714	ENSG00000075340.23	ADD2	False
ENST00000485876	328.7451	5.673037	6.4334664	0.7604294	0.18128926	0.8093544299533921	0.7416279342587724	ENSG00000170906.16	NDUFA3	True
ENST00000378319	77.908005	2.868495	3.6286607	0.7601657	0.6402886	0.9030378888992515	0.19362423633408699	ENSG00000136147.18	PHF11	False
ENST00000374268	77.66886	3.3769796	4.136681	0.7597015	0.24927786	0.8093544299533921	0.6033162924503307	ENSG00000197245.6	FAM110D	False
ENST00000522208	172.54396	4.357239	5.1168623	0.7596235	0.41352624	0.833681742740497	0.38349693054288386	ENSG00000113269.14	RNF130	False
ENST00000458350	66.059525	3.326256	4.085871	0.7596152	0.048960045	0.8093544299533921	1.3101581918719283	ENSG00000152348.16	ATG10	False
ENST00000341460	23.4692	1.7874464	2.5465834	0.75913703	0.2262042	0.8093544299533921	0.6454993326304167	ENSG00000097096.10	SYDE2	False
ENST00000420410	1172.0463	7.630627	8.389654	0.759027	0.06335847	0.8093544299533921	1.1981953133031136	ENSG00000145012.15	LPP	False
ENST00000305766	8.60172	1.1439848	1.9030105	0.7590257	0.586852	0.8826128203198247	0.2314714005884465	ENSG00000112419.15	PHACTR2	False
ENST00000515742	25.380026	2.3174293	3.0761707	0.7587414	0.17151451	0.8093544299533921	0.7656991302701925	ENSG00000124795.17	DEK	True
ENST00000424279	768.07446	6.051584	6.810251	0.75866747	0.5114611	0.8572896379232406	0.29118740939319837	ENSG00000101849.18	TBL1X	False
ENST00000261396	71.4	3.6172113	4.375761	0.7585497	0.13102318	0.8093544299533921	0.8826518527403757	ENSG00000069248.12	NUP133	False
ENST00000240185	78.89726	3.3051662	4.063708	0.7585416	0.3403003	0.81719736681995	0.46813767853587496	ENSG00000120948.19	TARDBP	False
ENST00000219139	27.741648	1.998663	2.7571807	0.75851774	0.34737936	0.81719736681995	0.4591959935205609	ENSG00000125149.12	PHAF1	False
ENST00000454366	33.70396	2.4773302	3.235658	0.7583277	0.19765007	0.8093544299533921	0.7041030166147744	ENSG00000075218.19	GTSE1	False
ENST00000699166	9.804808	1.0511023	1.8094246	0.75832236	0.23364292	0.8093544299533921	0.6314473731314963	ENSG00000128789.22	PSMG2	False
ENST00000395216	84.05362	3.3194492	4.0776134	0.75816417	0.33987063	0.81719736681995	0.4686863612890719	ENSG00000197162.10	ZNF785	False
ENST00000326685	33.6	1.8884577	2.6463094	0.7578517	0.43497032	0.842654100473947	0.3615403766466591	ENSG00000173210.21	ABLIM3	False
ENST00000710365	62.816704	3.4303982	4.188203	0.75780463	0.06326192	0.8093544299533921	1.1988576401403785	ENSG00000102393.15	GLA	False
ENST00000357052	30.090921	2.1939497	2.951594	0.7576444	0.32784325	0.8142173533113395	0.48433375517246063	ENSG00000167578.18	RAB4B	False
ENST00000234160	103.0	4.2510796	5.008578	0.75749826	0.09777187	0.8093544299533921	1.0097860867484572	ENSG00000115806.13	GORASP2	False
ENST00000324071	65.61313	3.1425855	3.9000506	0.7574651	0.2683793	0.8093544299533921	0.5712509828427411	ENSG00000197408.10	CYP2B6	False
ENST00000599096	30.259375	2.1523921	2.90971	0.7573178	0.22745804	0.8093544299533921	0.6430986981478707	ENSG00000197937.13	ZNF347	True
ENST00000521022	7.0238085	0.91626745	1.6733094	0.757042	0.30854613	0.8118754707110037	0.5106799022253476	ENSG00000104299.15	INTS9	False
ENST00000560177	63.098198	2.798383	3.5554152	0.75703216	0.3755072	0.8222188782484297	0.42538172476778463	ENSG00000137804.14	NUSAP1	False
ENST00000475087	6.6357107	0.9712263	1.7282526	0.7570264	0.54981893	0.8698453977153369	0.2597803093084101	ENSG00000100473.18	COCH	False
ENST00000541210	162.18785	4.469666	5.2263246	0.75665855	0.2947047	0.8111088466013822	0.5306129298227	ENSG00000088992.18	TESC	False
ENST00000416417	113.92348	3.9426801	4.6992326	0.75655246	0.2967033	0.8111088466013822	0.5276776104254246	ENSG00000114316.13	USP4	False
ENST00000617546	238.22002	4.734192	5.490666	0.756474	0.48654246	0.8529381765683051	0.31287925041467496	ENSG00000139842.15	CUL4A	False
ENST00000355341	60.95103	3.3135939	4.0699186	0.75632477	0.035287924	0.8093544299533921	1.4523738892088316	ENSG00000166140.17	ZFYVE19	False
ENST00000340360	19.631588	1.4565535	2.2124488	0.7558954	0.64948624	0.9059168869193345	0.18743004295533938	ENSG00000166435.17	XRRA1	False
ENST00000705661	19.631588	1.4565535	2.2124488	0.7558954	0.64948624	0.9059168869193345	0.18743004295533938	ENSG00000166435.17	XRRA1	False
ENST00000609261	65.646835	2.9476721	3.7032697	0.7555976	0.47936037	0.850532651973061	0.3193378714449416	ENSG00000161999.13	JMJD8	False
ENST00000684038	78.00731	2.1480525	2.9036357	0.7555833	0.60928893	0.8916964122157857	0.21517671174223177	ENSG00000104133.16	SPG11	False
ENST00000648329	41.645866	2.4504688	3.205886	0.7554171	0.22943856	0.8093544299533921	0.6393335950860846	ENSG00000136280.17	CCM2	False
ENST00000403714	35.19889	2.564206	3.319549	0.7553432	0.21019207	0.8093544299533921	0.6773836740161252	ENSG00000084710.14	EFR3B	False
ENST00000358186	70.33589	3.125487	3.8808026	0.75531554	0.2742023	0.8093544299533921	0.5619289269610122	ENSG00000161267.12	BDH1	False
ENST00000414771	269.6757	4.8991637	5.6543217	0.75515795	0.4799935	0.8506902620804366	0.3187646506435377	ENSG00000112031.16	MTRF1L	False
ENST00000689872	13.25903	1.7798328	2.534945	0.7551122	0.099717885	0.8093544299533921	1.001226940271246	ENSG00000165240.22	ATP7A	False
ENST00000648039	184.81233	4.7945547	5.549546	0.75499105	0.2076219	0.8093544299533921	0.6827268342784517	ENSG00000081923.15	ATP8B1	False
ENST00000566167	32.127296	2.6466024	3.4013853	0.7547829	0.27191693	0.8093544299533921	0.565563758211385	ENSG00000168872.17	DDX19A	False
ENST00000380325	12.3	1.2948695	2.0491107	0.7542411	0.19348055	0.8093544299533921	0.7133626839392703	ENSG00000125901.6	MRPS26	False
ENST00000698780	73.942505	3.1313455	3.8855262	0.75418067	0.29098454	0.8109740254625081	0.5361300826963338	ENSG00000131368.9	MRPS25	False
ENST00000281772	144.21542	4.1070685	4.860855	0.75378656	0.44014648	0.844432897631209	0.3564027709102819	ENSG00000144445.17	KANSL1L	False
ENST00000554502	18.077883	1.3539182	2.1076453	0.7537271	0.48538485	0.8529349174042961	0.31391378162649286	ENSG00000100629.17	CEP128	False
ENST00000324262	260.61722	5.5218015	6.2754574	0.7536559	0.07694754	0.8093544299533921	1.1138052596798411	ENSG00000133313.15	CNDP2	False
ENST00000667214	22.285723	1.8715601	2.6250396	0.7534795	0.27546924	0.8093544299533921	0.5599268836085558	ENSG00000196876.19	SCN8A	False
ENST00000339485	146.92899	4.0179114	4.7710795	0.7531681	0.3237089	0.8142173533113395	0.4898453709204893	ENSG00000187650.4	VMAC	False
ENST00000374732	307.53195	5.44253	6.1954927	0.7529626	0.33056703	0.8142173533113395	0.48074046138624726	ENSG00000090686.16	USP48	False
ENST00000672328	51.075386	2.4074643	3.1604025	0.7529383	0.4009369	0.8298121044971967	0.3969239701640039	ENSG00000164022.18	AIMP1	False
ENST00000505992	18.81328	1.4150467	2.167872	0.75282526	0.34772873	0.81719736681995	0.45875942654866386	ENSG00000151247.13	EIF4E	False
ENST00000641010	19.2	1.1726646	1.9253011	0.75263643	0.4431298	0.8455557222610633	0.35346903559499493	ENSG00000109339.24	MAPK10	False
ENST00000610704	9.8	1.1467193	1.8991995	0.75248015	0.19782859	0.8093544299533921	0.7037109424672255	ENSG00000170265.12	ZNF282	False
ENST00000327877	111.38497	3.583731	4.336108	0.7523773	0.44888446	0.8470024537044705	0.347865431809498	ENSG00000185753.13	CXorf38	False
ENST00000344995	287.07477	5.092609	5.844983	0.7523742	0.4496074	0.8470024537044705	0.34716654739728303	ENSG00000086730.17	LAT2	False
ENST00000329421	59.2	3.3348815	4.0871887	0.7523072	0.14618768	0.8093544299533921	0.8350892321048864	ENSG00000175130.7	MARCKSL1	False
ENST00000639111	35.26213	2.3424156	3.0944405	0.7520249	0.29353496	0.8111088466013822	0.5323401604873771	ENSG00000113327.17	GABRG2	False
ENST00000682755	102.14789	3.940567	4.6924944	0.7519274	0.29082897	0.8109740254625081	0.5363623302370909	ENSG00000136492.10	BRIP1	False
ENST00000337843	87.64169	3.754431	4.5062017	0.75177073	0.16821769	0.8093544299533921	0.774128338241814	ENSG00000133466.14	C1QTNF6	False
ENST00000698513	236.22641	5.1517158	5.9034824	0.7517667	0.14412743	0.8093544299533921	0.8412533618203497	ENSG00000112365.6	ZBTB24	False
ENST00000714062	37.29346	2.430064	3.181756	0.75169206	0.2486276	0.8093544299533921	0.6044506569149064	ENSG00000171298.15	GAA	False
ENST00000495645	39.62344	2.4190416	3.1706567	0.75161505	0.29586637	0.8111088466013822	0.5289043963334844	ENSG00000033100.17	CHPF2	False
ENST00000409573	319.41165	5.5532584	6.3048577	0.7515993	0.0767348	0.8093544299533921	1.1150076140101712	ENSG00000144161.14	ZC3H8	False
ENST00000426947	96.88576	3.0904028	3.8419304	0.75152755	0.53998786	0.867777183814941	0.2676160021730209	ENSG00000184221.13	OLIG1	True
ENST00000511155	167.10432	4.808204	5.55945	0.751246	0.16998231	0.8093544299533921	0.7695962626457684	ENSG00000154767.15	XPC	False
ENST00000375859	157.7	4.759998	5.511235	0.7512374	0.03761433	0.8093544299533921	1.4246466620880198	ENSG00000106723.17	SPIN1	False
ENST00000590757	5.4	0.7467466	1.4976022	0.7508556	0.017334966	0.8093544299533921	1.7610770060875889	ENSG00000153391.16	INO80C	False
ENST00000562884	12.601924	1.442307	2.1931515	0.7508445	0.2609387	0.8093544299533921	0.5834614989259662	ENSG00000083799.18	CYLD	True
ENST00000458721	10.509743	1.1489453	1.8992481	0.7503028	0.40550187	0.8312293045789577	0.39200713620458916	ENSG00000156931.16	VPS8	False
ENST00000453464	44.658405	2.5754545	3.325558	0.7501035	0.3480847	0.81719736681995	0.4583150803707092	ENSG00000237330.3	RNF223	False
ENST00000520908	59.649223	2.761936	3.512023	0.750087	0.6218094	0.8967648830813091	0.20634270089561393	ENSG00000134516.20	DOCK2	False
ENST00000521027	12.285855	1.1315306	1.8816066	0.75007594	0.18929447	0.8093544299533921	0.7228620678570674	ENSG00000156011.19	PSD3	False
ENST00000361024	91.78931	4.1313787	4.8812933	0.74991465	0.15880576	0.8093544299533921	0.7991337555707642	ENSG00000137145.21	DENND4C	False
ENST00000261250	15.544647	1.5332942	2.2831435	0.7498493	0.20220643	0.8093544299533921	0.6942050322587928	ENSG00000047621.12	C12orf4	False
ENST00000447648	438.61768	6.039904	6.7897296	0.7498255	0.07080019	0.8093544299533921	1.149965560551573	ENSG00000205356.10	TECPR1	False
ENST00000448281	73.64615	3.3547533	4.1042604	0.7495072	0.3240982	0.8142173533113395	0.48932338150520593	ENSG00000157014.11	TATDN2	False
ENST00000492720	63.66258	3.4148853	4.164379	0.74949384	0.2170465	0.8093544299533921	0.6634472145138834	ENSG00000146966.13	DENND2A	False
ENST00000409627	24.417725	1.8229271	2.5723705	0.7494434	0.26493087	0.8093544299533921	0.5768674276069915	ENSG00000116030.17	SUMO1	False
ENST00000310624	11.9	0.9938273	1.7430868	0.74925953	0.18560317	0.8093544299533921	0.7314146068296558	ENSG00000100285.10	NEFH	True
ENST00000281830	11.429313	1.0245968	1.7738477	0.7492509	0.18675804	0.8093544299533921	0.7287206893649264	ENSG00000152049.7	KCNE4	False
ENST00000651873	38.660652	2.5052302	3.2544472	0.74921703	0.34449345	0.81719736681995	0.46281903269860075	ENSG00000143549.22	TPM3	True
ENST00000263593	60.96703	3.0703945	3.8192518	0.74885726	0.35628325	0.8175932215882654	0.448204597806187	ENSG00000110013.13	SIAE	False
ENST00000371316	469.4903	5.8992705	6.648063	0.74879265	0.30137545	0.8118754707110037	0.5208921300133303	ENSG00000162390.18	ACOT11	False
ENST00000274629	135.19191	4.192101	4.940731	0.74863005	0.28931516	0.8109740254625081	0.5386288027582707	ENSG00000145936.9	KCNMB1	True
ENST00000276533	73.14107	3.595281	4.343783	0.748502	0.30162227	0.8118754707110037	0.5205365936747712	ENSG00000147536.12	GINS4	False
ENST00000613299	89.176865	3.5487134	4.297169	0.74845576	0.30140257	0.8118754707110037	0.5208530505669936	ENSG00000105392.17	CRX	True
ENST00000637909	11.408615	1.2277299	1.9761491	0.74841917	0.20810974	0.8093544299533921	0.6817076007861476	ENSG00000114859.16	CLCN2	False
ENST00000556726	18.117472	1.8812615	2.6296597	0.7483982	0.3251856	0.8142173533113395	0.4878686983385619	ENSG00000015133.20	CCDC88C	False
ENST00000400877	32.709408	1.4708751	2.2192075	0.7483324	0.47144258	0.8496539504698483	0.32657119499626724	ENSG00000176809.11	LRRC37A3	False
ENST00000340692	34.2	1.8806587	2.6286511	0.7479924	0.53780633	0.8669919443883375	0.26937408871585483	ENSG00000124615.21	MOCS1	False
ENST00000399151	97.66953	3.7541707	4.502084	0.7479131	0.28771594	0.8109740254625081	0.5410360742012812	ENSG00000142197.13	DOP1B	False
ENST00000456783	43.89636	2.9799833	3.7278707	0.7478874	0.10142395	0.8093544299533921	0.9938594839388163	ENSG00000229676.3	ZNF492	False
ENST00000234071	11.0	1.0927422	1.8405495	0.74780726	0.42252746	0.8382654549255093	0.3741450587534671	ENSG00000115718.18	PROC	False
ENST00000371674	281.91412	4.9340544	5.6817865	0.74773216	0.5083349	0.8558786284660064	0.2938500938249919	ENSG00000244687.13	UBE2V1	False
ENST00000320868	75321.95	12.951973	13.699687	0.74771404	0.51979625	0.859630545013045	0.28416685610226394	ENSG00000206172.8	HBA1	False
ENST00000451157	24.441683	1.9135097	2.6612108	0.74770105	0.29135332	0.8109740254625081	0.5355800359985795	ENSG00000127952.17	STYXL1	False
ENST00000521688	17.479362	1.4726537	2.2202792	0.74762547	0.28166163	0.810159386210085	0.5502723122425957	ENSG00000120533.13	ENY2	False
ENST00000620473	26.7887	1.8069979	2.554563	0.74756515	0.41850257	0.836886090598871	0.37830187151694916	ENSG00000100918.14	REC8	False
ENST00000691760	44.873825	2.3074586	3.0549734	0.7475147	0.57797676	0.8794550641073513	0.23808962143385642	ENSG00000265241.8	RBM8A	False
ENST00000377697	138.54335	4.3473125	5.094466	0.74715376	0.085496545	0.8093544299533921	1.0680514360102158	ENSG00000204869.9	IGFL4	False
ENST00000532205	62.067116	2.8933976	3.6405454	0.7471478	0.26306474	0.8093544299533921	0.5799373554208609	ENSG00000181135.16	ZNF707	False
ENST00000618348	13.182277	1.2548214	2.0018857	0.74706423	0.39628583	0.8294450541295973	0.40199145435107686	ENSG00000197978.10	GOLGA6L9	False
ENST00000494552	19.064732	1.5370644	2.284075	0.7470106	0.23024729	0.8093544299533921	0.6378054747220572	ENSG00000128596.17	CCDC136	False
ENST00000355946	68.213066	3.3966131	4.143621	0.74700785	0.072729506	0.8093544299533921	1.1382893646704675	ENSG00000107957.17	SH3PXD2A	False
ENST00000381782	43.089165	2.5056026	3.2526085	0.74700594	0.25545686	0.8093544299533921	0.5926824221287396	ENSG00000179299.17	NSUN7	False
ENST00000600453	34.21899	2.3747933	3.1216893	0.746896	0.39378792	0.8285892554089693	0.4047376100656258	ENSG00000126456.16	IRF3	False
ENST00000651748	81.33923	2.6392422	3.3860269	0.7467847	0.53155756	0.8654163318440087	0.2744497008066174	ENSG00000134900.13	TPP2	False
ENST00000265843	147.34567	4.4562902	5.202948	0.74665785	0.1278724	0.8093544299533921	0.8932231583432595	ENSG00000110723.12	EXPH5	False
ENST00000013070	17.056036	1.229215	1.9757571	0.7465421	0.4308266	0.8410214692507391	0.3656974860316058	ENSG00000012963.15	UBR7	False
ENST00000314045	63.500652	3.4188433	4.16514	0.7462969	0.16131906	0.8093544299533921	0.7923143115838456	ENSG00000123064.13	DDX54	False
ENST00000376356	18.756527	1.8537837	2.5997975	0.74601376	0.38146356	0.823716002720574	0.4185469453645271	ENSG00000185875.13	THNSL1	False
ENST00000675116	55.423206	2.8148584	3.5608222	0.7459638	0.3696482	0.8194459451468774	0.4322114179404354	ENSG00000107890.17	ANKRD26	False
ENST00000674405	152.32109	4.726354	5.472295	0.7459407	0.12234232	0.8093544299533921	0.9124232942010682	ENSG00000140263.15	SORD	False
ENST00000307533	21.322506	1.7688761	2.5146194	0.7457433	0.49677637	0.8537766521893764	0.303839068366226	ENSG00000170846.17	MRFAP1L2	False
ENST00000343200	2963.7056	8.938735	9.68433	0.745595	0.0542808	0.8093544299533921	1.2653537691995151	ENSG00000038427.16	VCAN	False
ENST00000371497	343.5438	5.8557053	6.601241	0.74553585	0.03170036	0.8093544299533921	1.4989357849346654	ENSG00000182463.17	TSHZ2	False
ENST00000696392	256.3588	5.0812383	5.826773	0.7455349	0.12954551	0.8093544299533921	0.8875776355246991	ENSG00000141349.10	G6PC3	False
ENST00000398015	56.3	3.01428	3.7596998	0.74541974	0.3160853	0.8118754707110037	0.500195689100684	ENSG00000154928.19	EPHB1	False
ENST00000402038	49.19627	2.6504226	3.3956423	0.7452197	0.35242346	0.8172002775093227	0.45293519020968115	ENSG00000227345.9	PARG	False
ENST00000601309	29.511774	2.1368415	2.8818579	0.74501634	0.36417484	0.8185742609699567	0.43869005852882675	ENSG00000105323.18	HNRNPUL1	True
ENST00000368045	130.63728	3.7360098	4.480868	0.744858	0.4124427	0.83350652602391	0.38463636403975904	ENSG00000117091.10	CD48	False
ENST00000318410	11.925611	1.3900737	2.1348996	0.74482596	0.47160688	0.8496539504698483	0.3264198674670585	ENSG00000164961.16	WASHC5	False
ENST00000647678	19.006062	1.72048	2.4652293	0.7447493	0.48760244	0.8529381765683051	0.31193412757599476	ENSG00000182093.16	GET1	False
ENST00000675063	29.981312	2.4736521	3.218382	0.74472976	0.24062273	0.8093544299533921	0.6186633518904768	ENSG00000109654.16	TRIM2	False
ENST00000586353	42.11016	1.8839102	2.6286154	0.7447052	0.3625174	0.8185742609699567	0.44067115942159013	ENSG00000198453.15	ZNF568	True
ENST00000193391	48.01664	3.0870163	3.831451	0.7444346	0.2190844	0.8093544299533921	0.6593885514953675	ENSG00000081148.12	IMPG2	False
ENST00000361171	6.663614	0.7808327	1.5249814	0.7441487	0.13668999	0.8093544299533921	0.8642632858515672	ENSG00000196814.15	MVB12B	False
ENST00000314527	333.38297	5.3297167	6.073736	0.7440195	0.28196627	0.8101601987651417	0.549802842234873	ENSG00000157654.19	PALM2AKAP2	False
ENST00000372695	24.90976	2.1041813	2.8477948	0.7436135	0.26817873	0.8093544299533921	0.5715756682719365	ENSG00000102409.10	BEX4	False
ENST00000469112	66.74028	3.1652172	3.9085455	0.74332833	0.22474973	0.8093544299533921	0.6483008231884285	ENSG00000010932.17	FMO1	False
ENST00000630181	13.212543	1.256824	2.0001335	0.7433095	0.20961797	0.8093544299533921	0.6785714842445097	ENSG00000185420.19	SMYD3	False
ENST00000541169	169.87747	4.7846694	5.5278053	0.7431359	0.06555625	0.8093544299533921	1.183385893848557	ENSG00000139719.12	VPS33A	False
ENST00000526761	7.0189133	1.0236305	1.7667009	0.74307036	0.3718968	0.8205267334844837	0.4295775545821457	ENSG00000074201.9	CLNS1A	False
ENST00000374619	16.734753	1.3848928	2.127848	0.7429551	0.30287895	0.8118754707110037	0.518730914601089	ENSG00000179546.5	HTR1D	False
ENST00000681281	23.575243	2.1687953	2.91172	0.7429247	0.13662253	0.8093544299533921	0.8644776664062409	ENSG00000072041.18	SLC6A15	False
ENST00000377038	474.0207	6.08112	6.8240027	0.7428827	0.08440436	0.8093544299533921	1.073635135416223	ENSG00000160049.12	DFFA	False
ENST00000619046	49.084892	3.1947205	3.9374516	0.7427311	0.13265094	0.8093544299533921	0.8772896628718385	ENSG00000071553.18	ATP6AP1	False
ENST00000584454	16.293722	1.2917377	2.034383	0.7426454	0.25300953	0.8093544299533921	0.5968631237020734	ENSG00000169696.16	ASPSCR1	False
ENST00000355083	53.20176	2.8872929	3.6299276	0.7426348	0.30910835	0.8118754707110037	0.509889267738051	ENSG00000213533.13	STIMATE	False
ENST00000358154	113.42824	3.6295614	4.3720503	0.74248886	0.29349902	0.8111088466013822	0.5323933405051	ENSG00000197006.15	METTL9	False
ENST00000546132	108.619095	3.9107847	4.653154	0.7423692	0.41132107	0.8330998809981174	0.38581903912249776	ENSG00000130921.9	MTRFR	False
ENST00000406877	21.887375	2.0771847	2.8195417	0.742357	0.24978416	0.8093544299533921	0.6024351115367972	ENSG00000164649.20	CDCA7L	False
ENST00000372025	61.6	3.1700172	3.9122286	0.74221134	0.27530217	0.8093544299533921	0.5601903626832664	ENSG00000159596.7	TMEM69	False
ENST00000375290	34.33013	2.151736	2.8937335	0.7419975	0.29209176	0.8111088466013822	0.5344806988096094	ENSG00000185920.19	PTCH1	False
ENST00000356495	157.04507	4.2688227	5.01075	0.74192715	0.35720953	0.8177495557578855	0.44707695887986404	ENSG00000162896.6	PIGR	False
ENST00000405141	45.97805	2.185401	2.927274	0.741873	0.64961874	0.9059168869193345	0.18734145195109433	ENSG00000084676.16	NCOA1	False
ENST00000336452	86.10902	3.8317192	4.573563	0.74184394	0.15354985	0.8093544299533921	0.8137506035116118	ENSG00000132507.18	EIF5A	False
ENST00000669573	58.621227	2.0908659	2.8326168	0.74175096	0.6165797	0.8946351618391784	0.21001076983951977	ENSG00000131269.19	ABCB7	False
ENST00000681502	90.8972	3.6875842	4.4293227	0.74173856	0.25837335	0.8093544299533921	0.5877522839667274	ENSG00000123607.16	TTC21B	False
ENST00000310046	14.023188	1.4944367	2.2360623	0.74162555	0.13109271	0.8093544299533921	0.8824214509734828	ENSG00000173914.12	RBM4B	False
ENST00000316059	777.6184	6.8552833	7.596678	0.7413945	0.109456606	0.8093544299533921	0.9607580216368978	ENSG00000186660.15	ZFP91	False
ENST00000674596	12.322588	1.0634266	1.8047752	0.7413486	0.31662488	0.8118754707110037	0.4994549620213626	ENSG00000108641.20	B9D1	False
ENST00000366285	43.279915	2.7659197	3.507163	0.74124336	0.2749557	0.8093544299533921	0.5607372886401262	ENSG00000171792.11	RHNO1	False
ENST00000707130	84.57128	3.7767498	4.5177107	0.74096084	0.08716172	0.8093544299533921	1.059674209221271	ENSG00000132326.13	PER2	False
ENST00000409401	54.524696	2.882602	3.6233213	0.7407193	0.088438414	0.8093544299533921	1.0533590542101983	ENSG00000144535.20	DIS3L2	False
ENST00000699563	10.765515	1.0027426	1.7433966	0.740654	0.31750014	0.8118754707110037	0.4982560730679768	ENSG00000076248.12	UNG	False
ENST00000255858	38.37612	2.5112228	3.2518609	0.740638	0.36166584	0.8185742609699567	0.441692503304576	ENSG00000133488.15	SEC14L4	False
ENST00000489711	34.31267	2.6840374	3.4244447	0.7404072	0.31698763	0.8118754707110037	0.4989576801115143	ENSG00000163406.11	SLC15A2	False
ENST00000451463	50.17826	3.1174316	3.8577728	0.7403412	0.17394505	0.8093544299533921	0.7595879145574389	ENSG00000071051.14	NCK2	True
ENST00000685047	202.9422	4.500444	5.2403164	0.73987246	0.25839525	0.8093544299533921	0.5877154663532703	ENSG00000156531.18	PHF6	False
ENST00000368074	53.066795	2.7045898	3.4443939	0.739804	0.49048004	0.8537766521893764	0.3093786654089577	ENSG00000132716.19	DCAF8	False
ENST00000696279	51.365063	2.7954347	3.5351887	0.73975396	0.30801916	0.8118754707110037	0.511422266112647	ENSG00000106804.10	C5	False
ENST00000412947	99.08498	3.6983767	4.4379663	0.7395897	0.41264853	0.8335096573860776	0.3844196989102961	ENSG00000166526.19	ZNF3	False
ENST00000273598	54.91529	3.087002	3.8265047	0.73950267	0.27144	0.8093544299533921	0.566326154415772	ENSG00000145029.15	NICN1	False
ENST00000635540	2098.7341	8.212903	8.9523945	0.73949146	0.22976707	0.8093544299533921	0.6387122153371514	ENSG00000067900.9	ROCK1	False
ENST00000444411	14.826373	1.625487	2.3648667	0.73937976	0.17782855	0.8093544299533921	0.7499985118744031	ENSG00000155229.21	MMS19	False
ENST00000356341	234.69243	5.0750165	5.8143396	0.73932314	0.25136727	0.8093544299533921	0.5996912698984914	ENSG00000149269.10	PAK1	False
ENST00000396976	207.47375	4.889408	5.6286716	0.73926353	0.13727885	0.8093544299533921	0.8623963522788997	ENSG00000140265.14	ZSCAN29	False
ENST00000676610	174.12997	4.0548463	4.7940927	0.73924637	0.47716808	0.8504371505934152	0.3213286131107295	ENSG00000130816.17	DNMT1	False
ENST00000542754	177.09953	4.892435	5.631647	0.73921204	0.05042627	0.8093544299533921	1.2973431481472182	ENSG00000100478.17	AP4S1	False
ENST00000594617	275.072	5.3646827	6.103573	0.7388902	0.19412304	0.8093544299533921	0.7119229058640485	ENSG00000105650.23	PDE4C	False
ENST00000461393	166.28543	4.8111124	5.5499973	0.7388849	0.08982363	0.8093544299533921	1.0466093813850725	ENSG00000255154.9	HTD2	False
ENST00000333027	149.00012	3.4944088	4.2330456	0.73863673	0.74036574	0.9345775597603275	0.13055368404874265	ENSG00000100330.16	MTMR3	False
ENST00000301395	107.66356	4.175791	4.914254	0.7384634	0.099787064	0.8093544299533921	1.000925755731061	ENSG00000167741.11	GGT6	False
ENST00000335247	102.65979	3.898942	4.6371927	0.73825073	0.24144132	0.8093544299533921	0.6171883953711806	ENSG00000186684.14	CYP27C1	False
ENST00000361314	16.5	1.6778115	2.415949	0.7381376	0.21648614	0.8093544299533921	0.6645699008934809	ENSG00000116157.6	GPX7	False
ENST00000557423	167.19325	4.232282	4.970418	0.7381358	0.43506944	0.842654100473947	0.3614414194094575	ENSG00000198718.13	TOGARAM1	False
ENST00000379378	14.762403	1.6742253	2.4122992	0.7380738	0.10849344	0.8093544299533921	0.9645965210015567	ENSG00000205250.9	E2F4	False
ENST00000644196	18.637672	1.6878662	2.4258943	0.73802805	0.2826457	0.8102614157364052	0.5487576136166765	ENSG00000148288.13	GBGT1	True
ENST00000514139	19.032307	1.5282019	2.2661724	0.7379705	0.27554503	0.8093544299533921	0.5598074166166453	ENSG00000138698.15	RAP1GDS1	False
ENST00000409464	75.30927	3.29435	4.032104	0.7377541	0.26759845	0.8093544299533921	0.5725164061454066	ENSG00000180336.18	MEIOC	False
ENST00000332272	174.02455	4.517925	5.2554007	0.7374759	0.16058476	0.8093544299533921	0.7942956657356178	ENSG00000183196.10	CHST6	False
ENST00000493101	152.95163	3.9124527	4.649872	0.7374191	0.43117395	0.8410214692507391	0.36534748512332416	ENSG00000114013.16	CD86	False
ENST00000399215	127.18829	3.645665	4.38302	0.737355	0.36631575	0.8185742609699567	0.4361444054525542	ENSG00000185917.14	SETD4	False
ENST00000373820	24.99535	2.2941206	3.031434	0.7373135	0.55640954	0.8725429329491033	0.25460543408074227	ENSG00000151150.22	ANK3	False
ENST00000547146	41.751	1.7958478	2.5329967	0.7371489	0.5635655	0.8750364609798353	0.24905560679613634	ENSG00000135164.19	DMTF1	False
ENST00000564928	23.96163	1.5961536	2.3332775	0.73712385	0.38109374	0.8237097077295888	0.4189681845382303	ENSG00000154099.18	DNAAF1	True
ENST00000682831	82.61095	3.2208235	3.9578395	0.73701596	0.34525454	0.81719736681995	0.46186060130383755	ENSG00000119392.16	GLE1	True
ENST00000378426	116.023636	4.010554	4.7475576	0.7370038	0.4349026	0.842654100473947	0.36160798757956125	ENSG00000185753.13	CXorf38	False
ENST00000233535	26.371181	2.0367875	2.7735672	0.7367797	0.17226489	0.8093544299533921	0.763803231654721	ENSG00000115194.11	SLC30A3	False
ENST00000319006	739.8288	6.677386	7.414068	0.7366824	0.30194047	0.8118754707110037	0.520078671921275	ENSG00000177156.11	TALDO1	False
ENST00000509148	24.622509	0.86587507	1.6024735	0.73659843	0.57899666	0.8799660572403326	0.23732394279262595	ENSG00000204628.12	RACK1	True
ENST00000202017	83.1	3.6942499	4.4305534	0.73630357	0.19093123	0.8093544299533921	0.7191230278788429	ENSG00000088356.6	PDRG1	True
ENST00000291900	80.1	3.3878355	4.123919	0.7360835	0.4448324	0.8456860763700531	0.3518035737703911	ENSG00000160445.11	ZER1	False
ENST00000259053	263.71216	3.6794863	4.415404	0.73591757	0.7112406	0.9250055684360596	0.14798346668293938	ENSG00000241399.7	CD302	False
ENST00000375445	31.104511	2.0534432	2.7893553	0.7359121	0.41160184	0.8330998809981174	0.38552269093178454	ENSG00000137656.12	BUD13	False
ENST00000282111	56.9	2.8747394	3.6106014	0.735862	0.30856687	0.8118754707110037	0.5106507071927876	ENSG00000152284.5	TCF7L1	False
ENST00000617556	124.12273	3.9114358	4.6471972	0.7357614	0.42734957	0.8400203226575309	0.36921673132131266	ENSG00000273749.5	CYFIP1	False
ENST00000592189	89.23153	3.774168	4.5098658	0.73569775	0.06597122	0.8093544299533921	1.1806454973155696	ENSG00000198046.13	ZNF667	True
ENST00000395023	1380.3406	7.8967686	8.632342	0.73557377	0.022017166	0.8093544299533921	1.6572385828093714	ENSG00000081059.20	TCF7	False
ENST00000649200	180.92136	4.3207927	5.0562983	0.7355056	0.34941578	0.81719736681995	0.4566574867964015	ENSG00000117139.18	KDM5B	False
ENST00000356198	57.110016	3.1311834	3.8666136	0.73543024	0.26489234	0.8093544299533921	0.5769306006734526	ENSG00000120334.16	CENPL	False
ENST00000447833	317.0014	5.5953794	6.3307314	0.73535204	0.13641426	0.8093544299533921	0.8651402295824331	ENSG00000083642.19	PDS5B	False
ENST00000462775	59.76695	2.7955306	3.5306423	0.7351117	0.2893504	0.8109740254625081	0.5385759272858066	ENSG00000075391.18	RASAL2	False
ENST00000545748	39.29438	2.1414728	2.8765502	0.7350774	0.386435	0.8245805590791475	0.4129235434225622	ENSG00000123358.20	NR4A1	False
ENST00000420218	145.12112	4.100452	4.8353863	0.73493433	0.4346388	0.842654100473947	0.36187150878380425	ENSG00000120899.18	PTK2B	False
ENST00000391743	101.56124	2.0464647	2.7813568	0.73489213	0.6397702	0.9030378888992515	0.19397598623588022	ENSG00000167613.16	LAIR1	False
ENST00000699291	10.12071	1.0787562	1.8136139	0.7348577	0.3367454	0.8158433703746901	0.47269831371190424	ENSG00000005381.9	MPO	False
ENST00000264346	51.13348	3.0405204	3.7750635	0.7345431	0.19604346	0.8093544299533921	0.707647637705741	ENSG00000138642.16	HERC6	False
ENST00000374232	22.432028	1.8487123	2.5830886	0.7343763	0.21853529	0.8093544299533921	0.6604784229791129	ENSG00000148158.17	SNX30	False
ENST00000700726	34.673546	1.823173	2.5574841	0.7343111	0.3433866	0.81719736681995	0.4642166683885554	ENSG00000161649.14	CD300LG	False
ENST00000529064	26.447582	1.6626679	2.3967156	0.7340478	0.27440277	0.8093544299533921	0.5616115129758756	ENSG00000104522.16	GFUS	False
ENST00000285599	528.1994	6.2260613	6.9599404	0.7338791	0.21394886	0.8093544299533921	0.6696900217063723	ENSG00000013288.9	MAN2B2	False
ENST00000398022	67.82791	3.4141781	4.14805	0.7338717	0.04034598	0.8093544299533921	1.3941997126144303	ENSG00000101337.16	TM9SF4	False
ENST00000416464	60.849007	2.8718932	3.6056058	0.7337127	0.25638974	0.8093544299533921	0.59109936291826	ENSG00000221926.13	TRIM16	False
ENST00000372491	12.7	1.3666929	2.1000986	0.7334057	0.10928884	0.8093544299533921	0.9614241777433723	ENSG00000188483.8	IER5L	False
ENST00000424225	53.10797	2.2805202	3.0139062	0.73338604	0.47614464	0.8503458491386693	0.3222610987017654	ENSG00000077097.17	TOP2B	False
ENST00000636039	67.73798	3.4760368	4.2093763	0.73333955	0.24796093	0.8093544299533921	0.6056167520347491	ENSG00000187391.23	MAGI2	False
ENST00000601345	52.152702	2.8968544	3.6301184	0.73326397	0.2961268	0.8111088466013822	0.5285222677916467	ENSG00000127507.18	ADGRE2	False
ENST00000699377	71.129395	3.1822834	3.9155257	0.7332423	0.3159996	0.8118754707110037	0.5003134708173981	ENSG00000145349.20	CAMK2D	False
ENST00000573538	32.675995	2.177505	2.9105442	0.73303914	0.28186002	0.8101601987651417	0.5499665158331877	ENSG00000213398.8	LCAT	False
ENST00000649666	191.11475	4.9022985	5.6352944	0.732996	0.037789002	0.8093544299533921	1.4226345768623254	ENSG00000118058.25	KMT2A	False
ENST00000257749	370.4973	5.94648	6.6794353	0.73295546	0.12691057	0.8093544299533921	0.8965022146121656	ENSG00000112182.16	BACH2	False
ENST00000703940	15.993144	1.4886423	2.2215574	0.73291504	0.4158001	0.8356725866976152	0.3811154161921296	ENSG00000198218.12	QRICH1	False
ENST00000360032	54.088673	2.8500834	3.5829835	0.73290014	0.47148532	0.8496539504698483	0.32653182774589967	ENSG00000197587.12	DMBX1	False
ENST00000285013	59.98725	3.1819737	3.9147773	0.7328036	0.35935524	0.8183252159569281	0.444476016740306	ENSG00000154760.14	SLFN13	False
ENST00000460393	827.04114	5.989786	6.722433	0.73264694	0.5817663	0.8811550578047072	0.23525143426455086	ENSG00000196549.13	MME	False
ENST00000374512	16.293922	1.4225826	2.1552052	0.7326226	0.22736774	0.8093544299533921	0.6432711476592834	ENSG00000112511.18	PHF1	False
ENST00000309880	14.2	1.3055562	2.0381532	0.732597	0.27621046	0.8093544299533921	0.5587598834365247	ENSG00000173825.7	TIGD3	False
ENST00000438998	51.925354	2.742407	3.4748263	0.73241925	0.3086676	0.8118754707110037	0.5105089546203452	ENSG00000180822.12	PSMG4	False
ENST00000269919	576.8689	6.503119	7.2352467	0.73212767	0.07978964	0.8093544299533921	1.098053502459621	ENSG00000130517.14	PGPEP1	False
ENST00000490084	18.60942	1.7468882	2.4788942	0.7320061	0.2915534	0.8109740254625081	0.53528187783489	ENSG00000106327.13	TFR2	False
ENST00000674860	31.563412	2.2017882	2.9337626	0.73197436	0.31561646	0.8118754707110037	0.5008403574385023	ENSG00000076685.19	NT5C2	False
ENST00000199447	25.749256	1.4664797	2.1983879	0.7319082	0.2870206	0.8109740254625081	0.54208694128596	ENSG00000086288.12	NME8	False
ENST00000503332	88.74945	3.5365374	4.2684164	0.731879	0.3509772	0.8172002775093227	0.45472107994766775	ENSG00000113141.19	IK	False
ENST00000431969	20.376686	1.9448247	2.6764812	0.73165655	0.20742251	0.8093544299533921	0.6831441151268769	ENSG00000143178.13	TBX19	False
ENST00000297661	51.337036	1.3917307	2.1230993	0.73136866	0.64753705	0.9056241830737196	0.18873537582903224	ENSG00000165006.14	UBAP1	False
ENST00000345781	28.317368	2.3479476	3.0792155	0.7312679	0.2066956	0.8093544299533921	0.6846687654254829	ENSG00000182872.16	RBM10	False
ENST00000290649	27.034338	1.7330979	2.4642768	0.7311789	0.512809	0.8577892264817722	0.29004437954251666	ENSG00000159461.15	AMFR	False
ENST00000423362	9.571876	0.89219517	1.6231657	0.73097056	0.2070178	0.8093544299533921	0.6839923230789621	ENSG00000171161.13	ZNF672	True
ENST00000289963	34.93132	2.3455298	3.0764081	0.73087835	0.34436172	0.81719736681995	0.4629851285430681	ENSG00000120910.15	PPP3CC	False
ENST00000472967	61.2	3.2625713	3.993408	0.73083663	0.34400415	0.81719736681995	0.46343631284255526	ENSG00000188647.13	PTAR1	False
ENST00000461307	41.5528	2.5813658	3.3121364	0.7307706	0.30161396	0.8118754707110037	0.5205485660743459	ENSG00000243156.9	MICAL3	False
ENST00000323699	51.040596	2.9368217	3.6675737	0.730752	0.26240173	0.8093544299533921	0.5810333063019337	ENSG00000143753.14	DEGS1	False
ENST00000616884	129.52525	3.3110454	4.041788	0.7307427	0.6936773	0.9198108022671709	0.15884251331953345	ENSG00000116138.13	DNAJC16	False
ENST00000241527	53.321552	2.368047	3.0987337	0.73068666	0.46332327	0.8488197498301115	0.33411589158650806	ENSG00000122085.17	MTERF4	False
ENST00000361070	20.700863	1.817428	2.5480018	0.7305738	0.3762705	0.8226842929596185	0.4244998262478423	ENSG00000168411.14	RFWD3	False
ENST00000378152	8.68385	0.987313	1.7176161	0.7303031	0.37046963	0.8198057627961249	0.431247388673262	ENSG00000076928.20	ARHGEF1	False
ENST00000331768	41.96465	2.4383755	3.1683512	0.7299757	0.5165526	0.8587697515903885	0.2868854253757178	ENSG00000183576.13	SETD3	False
ENST00000534820	9.86874	1.2857864	2.0156975	0.7299111	0.2991729	0.8112092915290223	0.5240777370422703	ENSG00000109991.10	P2RX3	True
ENST00000514447	79.354614	3.375826	4.1057305	0.72990465	0.36166427	0.8185742609699567	0.4416944000268353	ENSG00000145826.9	LECT2	True
ENST00000369557	84.51805	3.1726663	3.9025602	0.7298939	0.49211708	0.8537766521893764	0.3079315641126134	ENSG00000164414.19	SLC35A1	False
ENST00000650481	21.59141	1.7752534	2.5050507	0.72979724	0.5080917	0.8558786284660064	0.2940579096310428	ENSG00000092208.19	GEMIN2	False
ENST00000463684	143.66159	4.5425944	5.272311	0.7297168	0.26409113	0.8093544299533921	0.578246178454269	ENSG00000072501.19	SMC1A	False
ENST00000369904	12.6	1.0913994	1.8210919	0.72969246	0.36984983	0.8194459451468774	0.43197457556702257	ENSG00000134222.16	PSRC1	False
ENST00000697867	67.65831	2.9161742	3.645753	0.72957873	0.43602276	0.842654100473947	0.36049084186440433	ENSG00000126524.12	SBDS	False
ENST00000209884	188.4	4.959027	5.6885524	0.72952557	0.029709844	0.8093544299533921	1.5270996297659611	ENSG00000076321.11	KLHL20	False
ENST00000695399	270.43033	4.993611	5.723028	0.7294173	0.35808268	0.8182605935073269	0.4460166824497364	ENSG00000095627.10	TDRD1	False
ENST00000698732	24.323835	0.95774865	1.6870482	0.72929955	0.6085254	0.8910328892792123	0.2157212927846683	ENSG00000148606.15	POLR3A	False
ENST00000336915	14.415705	1.3143064	2.0435243	0.7292179	0.4813293	0.8508696399096464	0.3175577078375687	ENSG00000141293.16	SKAP1	False
ENST00000522652	530.95276	6.501145	7.2300954	0.7289505	0.06025207	0.8093544299533921	1.2200280249431956	ENSG00000008513.17	ST3GAL1	False
ENST00000206513	5.6	0.7055612	1.4343343	0.72877306	0.26823968	0.8093544299533921	0.5714769826104437	ENSG00000092067.7	CEBPE	False
ENST00000424952	62.886005	2.7673483	3.496058	0.7287097	0.35404563	0.8173803121090482	0.45094076237081343	ENSG00000163812.16	ZDHHC3	False
ENST00000399808	618.8497	6.345551	7.074188	0.7286372	0.53148013	0.8654163318440087	0.2745129645518543	ENSG00000142089.17	IFITM3	False
ENST00000375943	74.18666	3.4085512	4.1369724	0.7284212	0.23172592	0.8093544299533921	0.635025391923936	ENSG00000162438.12	CTRC	True
ENST00000396065	146.85803	4.337038	5.0652122	0.7281742	0.25813997	0.8093544299533921	0.5881447482551164	ENSG00000140297.13	GCNT3	False
ENST00000704899	281.12494	5.213999	5.9419794	0.7279806	0.23164298	0.8093544299533921	0.6351808634105819	ENSG00000077157.23	PPP1R12B	False
ENST00000222673	15.625628	1.5114555	2.2393792	0.72792363	0.26841554	0.8093544299533921	0.5711923434239057	ENSG00000105953.16	OGDH	False
ENST00000420057	19.69404	1.9259533	2.6538575	0.7279042	0.2939315	0.8111088466013822	0.5317538483155366	ENSG00000167397.15	VKORC1	False
ENST00000378757	1001.4069	7.3226447	8.050388	0.7277436	0.18295416	0.8093544299533921	0.737657705504593	ENSG00000123240.17	OPTN	False
ENST00000570164	10.670587	1.0029228	1.7306333	0.7277105	0.15624836	0.8093544299533921	0.8061845299382088	ENSG00000140688.18	RUSF1	False
ENST00000405876	94.21704	3.7267392	4.4544096	0.72767043	0.3343198	0.8158433703746901	0.47583790149228417	ENSG00000139437.18	TCHP	False
ENST00000699095	82.77031	3.4202502	4.1477532	0.72750306	0.28092617	0.8093544299533921	0.5514078048587371	ENSG00000101311.17	FERMT1	False
ENST00000443128	34.808285	2.5896842	3.31713	0.72744584	0.1624337	0.8093544299533921	0.7893238662703257	ENSG00000103021.10	CCDC113	False
ENST00000678591	12.5801325	1.0681572	1.7953503	0.7271931	0.3812936	0.823716002720574	0.4187404901635938	ENSG00000150093.20	ITGB1	False
ENST00000434604	88.501205	3.3677492	4.094938	0.7271886	0.43677583	0.8427484754954933	0.359741398978094	ENSG00000111860.14	CEP85L	False
ENST00000409818	10.493849	1.1958106	1.9229695	0.7271589	0.3906423	0.8269280377187227	0.4082207479941522	ENSG00000082126.18	MPP4	False
ENST00000503494	5.649952	0.73262936	1.4596834	0.72705406	0.5186512	0.8594868130311181	0.28512462347687045	ENSG00000204628.12	RACK1	False
ENST00000614556	744.3956	6.7961965	7.523136	0.7269397	0.21075642	0.8093544299533921	0.6762191849067108	ENSG00000136485.16	DCAF7	False
ENST00000256001	23.126175	2.015694	2.7426093	0.72691536	0.22395751	0.8093544299533921	0.6498343720369497	ENSG00000133627.18	ACTR3B	False
ENST00000675851	56.6641	3.244197	3.971086	0.72688913	0.3624239	0.8185742609699567	0.4407831744011861	ENSG00000170445.16	HARS1	False
ENST00000295899	85.39939	3.4443333	4.1712055	0.7268722	0.3891502	0.8259378738446596	0.409882739475523	ENSG00000163634.12	THOC7	False
ENST00000264750	101.631	2.9981492	3.7248573	0.7267082	0.6633261	0.9108073128400928	0.17827292418346577	ENSG00000090316.16	MAEA	False
ENST00000697625	67.4348	2.8426335	3.5692542	0.7266207	0.46479675	0.8492019855291293	0.3327369157024241	ENSG00000285082.3	ENSG00000285082	False
ENST00000361127	236.72119	5.1791883	5.9054427	0.72625446	0.10010416	0.8093544299533921	0.9995478716610395	ENSG00000198799.12	LRIG2	False
ENST00000361421	65.0	3.382165	4.108286	0.72612095	0.2540539	0.8093544299533921	0.5950741497053849	ENSG00000198846.6	TOX	False
ENST00000361479	2920.5042	8.888245	9.614157	0.7259121	0.05018043	0.8093544299533921	1.2994656089065724	ENSG00000196199.14	MPHOSPH8	False
ENST00000356244	177.25322	4.8562503	5.5821624	0.7259121	0.03457847	0.8093544299533921	1.461194243894063	ENSG00000100401.21	RANGAP1	False
ENST00000649731	23.328981	1.7279023	2.4537277	0.7258254	0.539865	0.867777183814941	0.2677148137462944	ENSG00000100722.20	ZC3H14	False
ENST00000496980	14.371152	1.3799251	2.1057174	0.7257923	0.35652864	0.8176176581231089	0.44790557772053763	ENSG00000138036.18	DYNC2LI1	False
ENST00000524726	4.627681	0.65719324	1.3827878	0.7255946	0.21555619	0.8093544299533921	0.6664395024253951	ENSG00000154114.13	TBCEL	False
ENST00000713719	105.11943	3.5173209	4.242813	0.72549224	0.42397866	0.8384024579381989	0.37265600563460316	ENSG00000021574.15	SPAST	False
ENST00000266085	5.5	0.6813183	1.4066472	0.7253289	0.32293627	0.8139175739499288	0.49088317973919077	ENSG00000100234.12	TIMP3	False
ENST00000602279	278.1806	5.3043323	6.029463	0.72513056	0.22240914	0.8093544299533921	0.6528473613067908	ENSG00000141098.13	GFOD2	False
ENST00000613517	424.9759	5.926479	6.6515193	0.72504044	0.08662272	0.8093544299533921	1.0623681710437893	ENSG00000163798.14	SLC4A1AP	False
ENST00000636947	13.583928	1.3365067	2.061529	0.7250222	0.26274252	0.8093544299533921	0.5804696400525898	ENSG00000182389.20	CACNB4	False
ENST00000256682	721.24677	6.6852317	7.410124	0.72489214	0.22230169	0.8093544299533921	0.653057232200603	ENSG00000134287.10	ARF3	False
ENST00000546077	19.399122	1.1607269	1.8855863	0.72485936	0.34649545	0.81719736681995	0.4603024645192517	ENSG00000150967.19	ABCB9	False
ENST00000424634	24.4319	2.0649798	2.789762	0.7247822	0.22376196	0.8093544299533921	0.6502137408235475	ENSG00000093000.19	NUP50	False
ENST00000649690	36.623062	0.82496977	1.5495715	0.72460175	0.5625252	0.8744884066712214	0.24985800740467373	ENSG00000118058.25	KMT2A	False
ENST00000498907	60.4	3.0546513	3.7792497	0.7245984	0.32207257	0.8132758769142434	0.49204626721776323	ENSG00000245848.3	CEBPA	False
ENST00000557658	11.757001	1.1007377	1.8250687	0.724331	0.24249841	0.8093544299533921	0.6152910997239545	ENSG00000151445.16	VIPAS39	False
ENST00000700280	139.15953	4.509857	5.2341733	0.7243161	0.17799884	0.8093544299533921	0.7495828259604946	ENSG00000164134.14	NAA15	False
ENST00000581148	13.980616	1.51449	2.2387464	0.7242564	0.21418758	0.8093544299533921	0.6692057213542478	ENSG00000126858.19	RHOT1	False
ENST00000338909	14.3938675	1.0586361	1.7828665	0.7242304	0.17219143	0.8093544299533921	0.7639884769531647	ENSG00000142661.19	MYOM3	False
ENST00000707072	130.35226	4.103967	4.828004	0.7240367	0.47507256	0.8500118764885034	0.3232400510677298	ENSG00000133816.19	MICAL2	False
ENST00000393387	1539.9661	7.904209	8.628139	0.7239294	0.17581339	0.8093544299533921	0.754948047547954	ENSG00000118482.12	PHF3	False
ENST00000534234	21.834106	1.0089034	1.7327567	0.72385335	0.4409121	0.8446156514523803	0.35564798489104515	ENSG00000129083.13	COPB1	False
ENST00000652181	48.0432	2.8258579	3.5494487	0.72359085	0.2450253	0.8093544299533921	0.6107890580973602	ENSG00000204677.14	FAM153CP	False
ENST00000611150	76.106064	2.1663516	2.889706	0.72335434	0.7269547	0.9302394203585684	0.13849265210833156	ENSG00000248333.9	CDK11B	False
ENST00000526335	37.29789	2.3998501	3.1231484	0.7232983	0.3904859	0.8267710782912285	0.4083946294107524	ENSG00000182919.15	C11orf54	True
ENST00000470180	59.920124	2.4631739	3.1864324	0.7232585	0.5975372	0.8868900645534986	0.2236350381109916	ENSG00000143612.21	C1orf43	False
ENST00000508024	39.046345	2.4359539	3.158966	0.7230122	0.23699518	0.8093544299533921	0.625260494848016	ENSG00000153015.17	CWC27	False
ENST00000342018	14.6	1.4695758	2.1925814	0.72300565	0.24504009	0.8093544299533921	0.6107628586545905	ENSG00000148308.18	GTF3C5	False
ENST00000422982	34.507088	2.6072536	3.3301215	0.72286797	0.31146324	0.8118754707110037	0.5065932074103178	ENSG00000122359.18	ANXA11	False
ENST00000684351	20.893764	1.0425214	1.7653534	0.7228321	0.5625729	0.8744949330002371	0.2498211950156036	ENSG00000179909.16	ZNF154	False
ENST00000374259	64.3	3.2382288	3.960949	0.72272015	0.33338562	0.8149246078324633	0.4770531411356791	ENSG00000184481.17	FOXO4	False
ENST00000468660	110.19841	3.727496	4.450162	0.722666	0.3469277	0.81719736681995	0.45976102004612907	ENSG00000102349.18	KLF8	False
ENST00000561011	80.614845	3.0673256	3.7898962	0.72257066	0.38633317	0.8245805590791475	0.41303800511721056	ENSG00000128891.17	CCDC32	False
ENST00000447079	588.3721	6.513602	7.236021	0.72241926	0.05810211	0.8093544299533921	1.235808106682516	ENSG00000167258.16	CDK12	False
ENST00000477794	15.091639	1.581461	2.3038754	0.7224145	0.30974838	0.8118754707110037	0.5089909543988479	ENSG00000163932.16	PRKCD	False
ENST00000706287	99.70882	3.2187653	3.9411676	0.72240233	0.6947672	0.9202850699236296	0.15816070712032604	ENSG00000085832.18	EPS15	False
ENST00000469185	16.54196	1.1280686	1.8503816	0.72231305	0.5984996	0.8870710539601689	0.2229361383292172	ENSG00000112763.17	BTN2A1	False
ENST00000330953	212.04028	4.791944	5.5140457	0.7221017	0.2718498	0.8093544299533921	0.565670964476483	ENSG00000183813.7	CCR4	False
ENST00000300091	13.862369	1.2854582	2.007331	0.7218727	0.41527364	0.8349482935027013	0.38166563896348066	ENSG00000166845.15	C18orf54	False
ENST00000370132	348.273	5.555733	6.2775416	0.72180843	0.22303477	0.8093544299533921	0.6516274287158762	ENSG00000137992.15	DBT	False
ENST00000318787	67.61457	3.1877015	3.9093266	0.7216251	0.39840737	0.8298121044971967	0.3996726364720313	ENSG00000111906.18	HDDC2	True
ENST00000557490	11.889093	1.0503776	1.771996	0.7216184	0.22307056	0.8093544299533921	0.651557738788749	ENSG00000258947.8	TUBB3	True
ENST00000334270	476.8047	6.2092323	6.930799	0.7215667	0.11275366	0.8093544299533921	0.947869353936742	ENSG00000125482.13	TTF1	False
ENST00000673018	18.083424	1.4378003	2.1591804	0.7213801	0.5147354	0.8587509528528511	0.28841596233101263	ENSG00000164022.18	AIMP1	False
ENST00000522162	21.508055	2.0832045	2.8044288	0.7212243	0.4168652	0.8363922147126204	0.3800043585647211	ENSG00000170873.19	MTSS1	False
ENST00000394570	32.134834	2.2168987	2.937965	0.72106624	0.20175645	0.8093544299533921	0.6951725775862009	ENSG00000141161.12	UNC45B	False
ENST00000265758	41.5914	2.9651766	3.685999	0.72082233	0.101635255	0.8093544299533921	0.9929556192057865	ENSG00000071462.13	BUD23	False
ENST00000409484	29.882465	2.283418	3.0040827	0.72066474	0.45916697	0.847884044482156	0.338029356671748	ENSG00000071967.12	CYBRD1	False
ENST00000555818	387.0568	6.119913	6.8404994	0.7205863	0.13547558	0.8093544299533921	0.8681389940705176	ENSG00000197555.10	SIPA1L1	False
ENST00000429591	313.598	5.472034	6.192559	0.7205248	0.20271333	0.8093544299533921	0.6931177014654397	ENSG00000178665.16	ZNF713	False
ENST00000425030	59.869392	2.8397598	3.5602188	0.720459	0.48998222	0.85373409407385	0.3098196811141921	ENSG00000003402.21	CFLAR	True
ENST00000368008	57.91642	3.2116282	3.9320662	0.720438	0.073541276	0.8093544299533921	1.1334688381183402	ENSG00000158793.14	NIT1	False
ENST00000310483	21.8005	0.6609053	1.381253	0.7203477	0.5104116	0.856842337601094	0.29207944693331295	ENSG00000143570.19	SLC39A1	False
ENST00000603798	99.81648	3.9010203	4.621092	0.72007155	0.3210911	0.8125420389446386	0.4933717514158584	ENSG00000170545.17	SMAGP	True
ENST00000352301	17.763306	1.5936712	2.3134723	0.71980107	0.32767484	0.8142173533113395	0.4845569093669895	ENSG00000138668.20	HNRNPD	True
ENST00000541475	106.4761	3.8541667	4.573653	0.7194865	0.24918234	0.8093544299533921	0.6034827340818175	ENSG00000076053.12	RBM7	True
ENST00000367075	245.10303	3.1627855	3.8822265	0.71944094	0.7311266	0.9323370993023972	0.13600741137613137	ENSG00000092820.19	EZR	False
ENST00000415318	58.294464	2.7994127	3.5188088	0.7193961	0.41211903	0.8334373536331832	0.3849773300354691	ENSG00000248712.8	CCDC153	False
ENST00000376355	15.341141	1.347098	2.0663009	0.7192029	0.32001835	0.8121616658479622	0.49482511685692554	ENSG00000125246.16	CLYBL	False
ENST00000535549	239.13264	5.1780353	5.897214	0.7191787	0.19884619	0.8093544299533921	0.7014827233636212	ENSG00000134954.14	ETS1	False
ENST00000611091	45.326656	2.6952457	3.4143975	0.71915174	0.3068937	0.8118754707110037	0.5130120178496248	ENSG00000167842.16	MIS12	False
ENST00000573901	13.66214	1.4392391	2.1580496	0.71881044	0.110335276	0.8093544299533921	0.9572856161261921	ENSG00000221882.5	OR3A2	False
ENST00000296328	377.61957	5.846432	6.565065	0.7186327	0.21689652	0.8093544299533921	0.6637474178476566	ENSG00000163960.12	UBXN7	False
ENST00000552160	12.2	1.4604284	2.1790092	0.71858084	0.20729078	0.8093544299533921	0.6834200068951771	ENSG00000151746.15	BICD1	False
ENST00000587207	6.6812744	0.49803603	1.2164929	0.71845686	0.2807034	0.8093544299533921	0.5517523337722848	ENSG00000134779.15	TPGS2	True
ENST00000644935	906.3158	7.164036	7.8823624	0.71832657	0.08542721	0.8093544299533921	1.0684037785430271	ENSG00000100106.22	TRIOBP	False
ENST00000347048	18.68454	1.8999882	2.6181293	0.7181411	0.31081992	0.8118754707110037	0.5074911502545963	ENSG00000119383.21	PTPA	False
ENST00000367225	60.307068	2.979905	3.697885	0.71798015	0.16988471	0.8093544299533921	0.7698457029921251	ENSG00000091844.8	RGS17	False
ENST00000369707	81.78471	3.05353	3.7714462	0.71791625	0.5066149	0.8558786284660064	0.29532202124044293	ENSG00000065621.15	GSTO2	False
ENST00000505788	12.004767	1.4328886	2.1507363	0.7178477	0.22480279	0.8093544299533921	0.6481982990902494	ENSG00000138758.12	SEPTIN11	False
ENST00000700003	125.065475	3.7650592	4.4828753	0.7178161	0.5040974	0.8556848333281974	0.29748554072564265	ENSG00000116062.19	MSH6	False
ENST00000484259	223.72014	4.9533806	5.671107	0.71772623	0.19976154	0.8093544299533921	0.699488123241736	ENSG00000165060.15	FXN	False
ENST00000682094	1270.79	6.0078416	6.7255435	0.7177019	0.6232186	0.8975811763367424	0.20535959639502016	ENSG00000169967.17	MAP3K2	False
ENST00000368018	22.233265	1.5957247	2.3134065	0.71768177	0.37291643	0.8211266190763189	0.42838848174150024	ENSG00000186517.14	ARHGAP30	True
ENST00000555188	77.110985	3.6230686	4.340733	0.7176645	0.31427094	0.8118754707110037	0.5026957707577301	ENSG00000169291.10	SHE	True
ENST00000416592	11.493193	1.214323	1.9319301	0.717607	0.17150211	0.8093544299533921	0.7657305239755087	ENSG00000146733.14	PSPH	False
ENST00000474524	17.886866	1.6120566	2.3296037	0.71754706	0.21613061	0.8093544299533921	0.6652837121936278	ENSG00000144893.13	MED12L	False
ENST00000367175	39.45188	2.8251264	3.5423656	0.71723914	0.26534158	0.8093544299533921	0.5761946892852703	ENSG00000170382.12	LRRN2	False
ENST00000641851	16.19808	1.6467733	2.3639016	0.7171283	0.21084513	0.8093544299533921	0.6760364303934325	ENSG00000179626.4	OR6C4	False
ENST00000604604	717.5156	6.752777	7.469787	0.71701	0.11355224	0.8093544299533921	0.9448042845763771	ENSG00000133131.15	MORC4	True
ENST00000453477	65.0687	2.7205315	3.437505	0.71697354	0.4475217	0.8461883854388563	0.34918591426425355	ENSG00000170788.14	DYDC1	False
ENST00000601870	7.3085723	0.55699843	1.2736932	0.7166948	0.2839617	0.8103610639894862	0.546740212126713	ENSG00000268614.1	ENSG00000268614	False
ENST00000318602	312.716	5.2006383	5.917301	0.7166629	0.454665	0.8473426594424552	0.34230847141692233	ENSG00000175899.15	A2M	False
ENST00000581289	8.967966	0.92820436	1.6448361	0.7166317	0.41174313	0.8332650125764488	0.3853736338771613	ENSG00000167525.16	PROCA1	True
ENST00000409792	103.89403	3.4541025	4.170646	0.7165437	0.4755586	0.8500118764885034	0.32279595212923556	ENSG00000181555.22	SETD2	False
ENST00000578812	41.248352	2.3528824	3.0691628	0.71628046	0.4399117	0.8443852393775311	0.35663449384676005	ENSG00000161970.15	RPL26	False
ENST00000005260	10.455297	1.3293735	2.045496	0.7161225	0.0756624	0.8093544299533921	1.121119905159845	ENSG00000006453.14	BAIAP2L1	False
ENST00000519163	21.291468	1.8915514	2.6076565	0.7161051	0.2821355	0.8101884948599599	0.5495422854628446	ENSG00000104218.16	CSPP1	False
ENST00000552123	95.741646	3.453533	4.1695375	0.7160046	0.6859437	0.9173021276178854	0.16371151390346486	ENSG00000169203.18	NPIPB12	False
ENST00000409997	33.66079	2.4248374	3.140802	0.71596456	0.27951103	0.8093544299533921	0.5536010424360586	ENSG00000183513.9	COA5	False
ENST00000547879	357.54248	5.9000287	6.6157813	0.7157526	0.07440038	0.8093544299533921	1.128424844807596	ENSG00000119596.18	YLPM1	False
ENST00000301738	22.169277	1.7354609	2.4512079	0.715747	0.2374339	0.8093544299533921	0.6244572821622448	ENSG00000167977.9	KCTD5	False
ENST00000252674	84.2	3.5048935	4.2203007	0.71540713	0.37174538	0.8205245908391867	0.42975442271872166	ENSG00000130382.9	MLLT1	False
ENST00000262039	216.39006	3.8339527	4.5493174	0.7153647	0.6607598	0.9103157985469302	0.1799563825890008	ENSG00000078142.14	PIK3C3	False
ENST00000650142	152.48047	4.1774116	4.892537	0.71512556	0.43887398	0.843416202945035	0.3576601703761882	ENSG00000285749.3	ENSG00000285749	False
ENST00000519830	76.42903	3.1333897	3.8484964	0.7151067	0.38402736	0.823963789252834	0.4156378311383824	ENSG00000104671.8	DCTN6	True
ENST00000332018	20.0	1.7214583	2.4365354	0.71507704	0.31976235	0.8121593305743525	0.4951726741991204	ENSG00000240654.6	C1QTNF9	False
ENST00000220913	162.10931	4.873764	5.5887194	0.71495533	0.042741198	0.8093544299533921	1.3691533081486635	ENSG00000104472.10	CHRAC1	False
ENST00000313010	4.6031737	0.6437172	1.3584969	0.7147797	0.47391352	0.8500118764885034	0.32430090086555924	ENSG00000137509.12	PRCP	False
ENST00000404933	28.368845	2.1599796	2.8745174	0.71453786	0.20409645	0.8093544299533921	0.6901645462396047	ENSG00000102172.16	SMS	False
ENST00000411769	118.25037	4.055205	4.7695665	0.71436167	0.28465888	0.8106393935615843	0.5456752651857825	ENSG00000099942.13	CRKL	False
ENST00000485972	10.6	1.0855443	1.7997065	0.7141621	0.29394227	0.8111088466013822	0.5317379523276957	ENSG00000164885.13	CDK5	False
ENST00000678938	18.85576	1.4520503	2.166109	0.71405876	0.26237902	0.8093544299533921	0.5810708936331442	ENSG00000136448.13	NMT1	False
ENST00000593829	212.1	5.176915	5.890897	0.7139816	0.0006839261	0.8093544299533921	3.164990819792016	ENSG00000130520.11	LSM4	False
ENST00000443782	47.544018	1.8437897	2.5576122	0.7138225	0.5922312	0.884647864098005	0.22750870648590477	ENSG00000172650.15	AGAP5	False
ENST00000378959	41.29409	2.4905422	3.2042222	0.71368	0.35147414	0.8172002775093227	0.45410662784527195	ENSG00000164967.10	RPP25L	False
ENST00000525866	22.25686	1.8327006	2.5462306	0.71352994	0.26086512	0.8093544299533921	0.5835839826123901	ENSG00000204381.12	LAYN	False
ENST00000334667	12.228412	1.2201508	1.933674	0.71352315	0.29823717	0.8111088466013822	0.5254382234508727	ENSG00000167904.16	TMEM68	False
ENST00000436792	5.8371	0.63318	1.3466246	0.7134446	0.53485245	0.866262584221462	0.27176601443937115	ENSG00000156931.16	VPS8	False
ENST00000697961	71.927055	2.7601917	3.4735322	0.7133405	0.50564533	0.8558786284660064	0.29615399537369136	ENSG00000100906.12	NFKBIA	False
ENST00000564155	23.349869	1.4480662	2.161365	0.7132988	0.39575928	0.8293641072483107	0.4025688878156621	ENSG00000166747.13	AP1G1	False
ENST00000532276	16.211275	1.6527504	2.3660374	0.713287	0.12638474	0.8093544299533921	0.8983053774694106	ENSG00000162222.14	TTC9C	True
ENST00000560202	57.93797	2.6089046	3.3219934	0.71308875	0.49351096	0.8537766521893764	0.30670319663112466	ENSG00000140455.17	USP3	True
ENST00000571307	787.2755	6.7654552	7.4784446	0.71298933	0.21117845	0.8093544299533921	0.6753503984109167	ENSG00000091592.17	NLRP1	False
ENST00000673046	380.94635	4.6278815	5.340529	0.71264744	0.71900433	0.9276433654338391	0.14326849236999245	ENSG00000162434.14	JAK1	False
ENST00000513622	39.56651	2.3600996	3.072703	0.71260333	0.45594704	0.8473426594424552	0.34108559793855825	ENSG00000150712.11	MTMR12	True
ENST00000595796	24.98477	1.9684216	2.6807172	0.71229565	0.3513744	0.8172002775093227	0.4542298981284325	ENSG00000017483.16	SLC38A5	False
ENST00000686682	43.54433	2.8097181	3.5220046	0.7122865	0.28302035	0.8102614157364052	0.5481823403516195	ENSG00000183921.8	SDR42E2	False
ENST00000599380	93.05147	3.7783678	4.490539	0.7121713	0.0898596	0.8093544299533921	1.0464355315909246	ENSG00000130304.17	SLC27A1	False
ENST00000552678	30.868069	2.485359	3.1974201	0.71206117	0.2039235	0.8093544299533921	0.6905327371282732	ENSG00000139567.14	ACVRL1	False
ENST00000675708	17.945324	1.5838267	2.2957556	0.71192896	0.28374717	0.8103610639894862	0.5470684668035035	ENSG00000170558.10	CDH2	False
ENST00000620785	17.420645	1.5922251	2.3040605	0.7118354	0.2500712	0.8093544299533921	0.6019363257799024	ENSG00000113494.17	PRLR	False
ENST00000676404	26.172947	2.0173419	2.7290819	0.71174	0.32940456	0.8142173533113395	0.4822703895415016	ENSG00000121957.15	GPSM2	False
ENST00000318584	47.86324	3.0768616	3.7885985	0.7117369	0.054310817	0.8093544299533921	1.265113661876503	ENSG00000181027.11	FKRP	False
ENST00000373394	127.97035	4.195893	4.9076214	0.7117286	0.2744293	0.8093544299533921	0.5615695356324417	ENSG00000131269.19	ABCB7	False
ENST00000262215	360.9223	5.827255	6.5389643	0.7117095	0.10732113	0.8093544299533921	0.9693147703104561	ENSG00000066777.9	ARFGEF1	False
ENST00000696169	62.63075	3.4034035	4.115036	0.7116325	0.06535835	0.8093544299533921	1.1846989323124295	ENSG00000289701.1	ENSG00000289701	False
ENST00000682203	113.9137	1.555631	2.2670848	0.7114538	0.687712	0.9178436063724108	0.16259338885069657	ENSG00000146872.19	TLK2	False
ENST00000598322	107.50692	4.164173	4.8755183	0.7113452	0.261753	0.8093544299533921	0.5821083439230055	ENSG00000269825.3	ENSG00000269825	False
ENST00000686896	24.388027	1.6882834	2.3993564	0.7110729	0.5098263	0.8568012854819689	0.2925777625343326	ENSG00000165240.22	ATP7A	False
ENST00000393603	15.81904	1.788869	2.4998689	0.71099985	0.33117405	0.8142173533113395	0.4799437063286169	ENSG00000164597.15	COG5	False
ENST00000300619	90.664955	3.8541577	4.5650725	0.71091485	0.15458404	0.8093544299533921	0.8108353600228472	ENSG00000167232.14	ZNF91	False
ENST00000649163	16.859163	1.6218022	2.3326693	0.71086705	0.23611814	0.8093544299533921	0.6268706505335994	ENSG00000143479.18	DYRK3	True
ENST00000456650	19.888834	1.88932	2.6001172	0.7107972	0.19220595	0.8093544299533921	0.716233170879414	ENSG00000139278.10	GLIPR1	False
ENST00000618742	118.30593	3.928704	4.6392837	0.71057963	0.43143636	0.8412700637507535	0.365083256936647	ENSG00000275591.5	XKR5	False
ENST00000592610	140.39517	4.0422006	4.7525473	0.7103467	0.41145283	0.8330998809981174	0.38567994639431713	ENSG00000214456.8	PLIN5	True
ENST00000300006	44.739033	2.425272	3.1354907	0.71021867	0.3111393	0.8118754707110037	0.5070451498470071	ENSG00000166780.11	BMERB1	False
ENST00000366503	21.515831	1.6711427	2.3813312	0.7101885	0.30925682	0.8118754707110037	0.5096807115269124	ENSG00000277462.2	ZNF670	False
ENST00000281950	314.95517	5.352482	6.0624514	0.7099695	0.40699676	0.831725697822197	0.39040905149448574	ENSG00000152147.11	GEMIN6	True
ENST00000328737	23.404621	1.8354479	2.54541	0.709962	0.24529406	0.8093544299533921	0.6103129608852073	ENSG00000065413.20	ANKRD44	False
ENST00000426894	15.916898	1.2469689	1.9569263	0.7099575	0.3555302	0.8175932215882654	0.4491234999310376	ENSG00000114346.14	ECT2	False
ENST00000343932	245.41365	5.1970334	5.906987	0.7099538	0.14082703	0.8093544299533921	0.8513139799336052	ENSG00000140505.7	CYP1A2	False
ENST00000399594	20.70656	1.5672503	2.2770705	0.7098203	0.2270524	0.8093544299533921	0.6438738926634028	ENSG00000125746.18	EML2	False
ENST00000486562	87.67048	3.7143304	4.4241424	0.7098119	0.11065542	0.8093544299533921	0.9560273109398241	ENSG00000169379.17	ARL13B	False
ENST00000331872	670.3684	6.5926976	7.302429	0.7097316	0.15901485	0.8093544299533921	0.7985623137730179	ENSG00000135821.19	GLUL	False
ENST00000688258	40.32312	2.5276568	3.2373612	0.7097044	0.45342153	0.8472077019271466	0.34349785896067864	ENSG00000130713.17	EXOSC2	False
ENST00000379982	84.54073	3.8085403	4.518196	0.70965576	0.2850981	0.8106393935615843	0.5450056683454821	ENSG00000164292.13	RHOBTB3	False
ENST00000693666	243.55403	5.226257	5.9358077	0.70955086	0.17573056	0.8093544299533921	0.7551527162691201	ENSG00000090615.16	GOLGA3	False
ENST00000425117	42.51814	2.4199245	3.1294076	0.70948315	0.27120706	0.8093544299533921	0.5666990021732781	ENSG00000156697.13	UTP14A	False
ENST00000373020	507.88452	5.9522386	6.6616096	0.7093711	0.33746067	0.8159197719302365	0.4717768395617605	ENSG00000000003.16	TSPAN6	False
ENST00000531225	23.2	2.0218563	2.7312021	0.7093458	0.21784627	0.8093544299533921	0.6618498630030365	ENSG00000271698.1	ENSG00000271698	False
ENST00000378425	25.899784	2.0371654	2.7463613	0.70919585	0.28448296	0.8106393935615843	0.545943748130595	ENSG00000157870.17	PRXL2B	False
ENST00000280285	67.614655	3.4379241	4.1471167	0.7091925	0.18735754	0.8093544299533921	0.7273288131545494	ENSG00000150712.11	MTMR12	False
ENST00000644516	15.3911915	1.3698145	2.0789585	0.709144	0.333251	0.8148546909488805	0.4772285394226825	ENSG00000113163.19	CERT1	False
ENST00000617928	12.3890505	1.0485935	1.7577156	0.70912206	0.585473	0.8820984150529122	0.23249312755259974	ENSG00000273749.5	CYFIP1	False
ENST00000540387	114.24619	4.490471	5.199484	0.709013	0.11477151	0.8093544299533921	0.9401659132707147	ENSG00000044115.21	CTNNA1	False
ENST00000327876	21.238483	2.0242345	2.7331996	0.70896506	0.25861436	0.8093544299533921	0.5873473616901402	ENSG00000184261.5	KCNK12	False
ENST00000366843	175.57097	4.5445266	5.253481	0.70895433	0.38354388	0.823835243286134	0.41618494402820355	ENSG00000154380.19	ENAH	False
ENST00000287394	61.880287	2.8544624	3.5630665	0.7086041	0.49525717	0.8537766521893764	0.30516922919034095	ENSG00000156802.13	ATAD2	False
ENST00000475336	61.260643	3.572582	4.281067	0.7084849	0.09936459	0.8093544299533921	1.002768339269906	ENSG00000154310.17	TNIK	False
ENST00000508447	43.203743	2.6379735	3.3464394	0.7084658	0.22000284	0.8093544299533921	0.6575717031356147	ENSG00000058729.11	RIOK2	False
ENST00000377093	298.40103	5.1838136	5.892256	0.7084422	0.26943928	0.8093544299533921	0.5695390906542589	ENSG00000054523.20	KIF1B	False
ENST00000272732	117.34337	3.4615495	4.16968	0.7081306	0.5078152	0.8558786284660064	0.2942943191160318	ENSG00000144306.15	SCRN3	False
ENST00000550977	379.21347	5.8561444	6.5642214	0.70807695	0.13662438	0.8093544299533921	0.8644717928539596	ENSG00000188596.11	CFAP54	False
ENST00000371974	84.9	3.48022	4.1879153	0.70769525	0.37451765	0.8216366408512873	0.4265277110441017	ENSG00000148290.10	SURF1	False
ENST00000261167	283.3261	5.451124	6.1587877	0.70766354	0.12684765	0.8093544299533921	0.8967175584928301	ENSG00000084463.8	WBP11	False
ENST00000677309	34.11097	1.9882008	2.6955676	0.7073668	0.59250236	0.8847213646920881	0.2273099187162813	ENSG00000184432.11	COPB2	False
ENST00000649360	30.708195	1.9383501	2.6456592	0.7073091	0.23788132	0.8093544299533921	0.6236396644079556	ENSG00000122390.19	NAA60	False
ENST00000684999	39.193035	1.948029	2.6552618	0.7072327	0.59035504	0.8838774865141505	0.2288867257325121	ENSG00000172992.13	DCAKD	False
ENST00000269834	80.51253	3.550998	4.2582293	0.7072313	0.31574124	0.8118754707110037	0.5006686884292584	ENSG00000141946.1	ZIM3	False
ENST00000409710	6.4056993	0.5993195	1.3064442	0.70712465	0.2781648	0.8093544299533921	0.5556978218762695	ENSG00000204822.7	MRPL53	False
ENST00000685839	180.58098	4.7653317	5.4722805	0.70694876	0.09512746	0.8093544299533921	1.0216940839512298	ENSG00000119397.19	CNTRL	False
ENST00000593649	89.5761	3.4515016	4.158443	0.70694137	0.28033736	0.8093544299533921	0.5523190154311259	ENSG00000186994.12	KANK3	False
ENST00000533004	98.132454	3.726986	4.433873	0.70688725	0.2708103	0.8093544299533921	0.5673348119768014	ENSG00000203499.12	IQANK1	False
ENST00000481752	15.6382475	1.5216051	2.2283652	0.70676005	0.25675032	0.8093544299533921	0.5904890141826405	ENSG00000158092.7	NCK1	False
ENST00000261900	184.3	4.270367	4.976908	0.70654106	0.48123783	0.8508696399096464	0.3176402413412618	ENSG00000129315.12	CCNT1	False
ENST00000396208	147.79811	3.8289125	4.535343	0.7064307	0.42817208	0.8406951956600023	0.3683816536110452	ENSG00000103540.17	CCP110	False
ENST00000296456	156.4	4.7293944	5.435816	0.7064214	0.036265343	0.8093544299533921	1.4405082054756218	ENSG00000164062.13	APEH	False
ENST00000621775	39.91246	2.653888	3.3603091	0.70642114	0.20955712	0.8093544299533921	0.6786975870334075	ENSG00000273820.2	USP27X	False
ENST00000672401	209.61324	4.2075844	4.9139695	0.70638514	0.48075154	0.8508353095404965	0.3180793120762945	ENSG00000068366.21	ACSL4	False
ENST00000358472	38.862564	2.548653	3.2549539	0.706301	0.3483966	0.81719736681995	0.4579260928021444	ENSG00000176371.14	ZSCAN2	True
ENST00000401406	15.206105	1.0450314	1.7511871	0.70615566	0.50441	0.855803731079597	0.2972162875618419	ENSG00000184076.13	UQCR10	False
ENST00000650532	11.6	0.9905961	1.6967363	0.7061402	0.37415844	0.8216366408512873	0.42694445147924237	ENSG00000273213.4	H3-7	False
ENST00000688230	18.960627	1.7349005	2.4409096	0.70600915	0.1245901	0.8093544299533921	0.9045164695728626	ENSG00000023318.9	ERP44	False
ENST00000323460	261.08115	5.35638	6.062315	0.705935	0.11391368	0.8093544299533921	0.9434241269847763	ENSG00000119231.11	SENP5	False
ENST00000381077	24.1	1.629168	2.3350945	0.7059264	0.3538942	0.8173803121090482	0.4511265502031162	ENSG00000130021.15	PUDP	False
ENST00000379959	103.16901	4.15883	4.86472	0.7058897	0.033599444	0.8093544299533921	1.4736679126514582	ENSG00000134460.19	IL2RA	False
ENST00000715157	776.00653	7.0210495	7.7268496	0.70580006	0.03568237	0.8093544299533921	1.4475463196629084	ENSG00000293268.2	ENSG00000293268	False
ENST00000649114	123.47966	3.9572554	4.6630335	0.7057781	0.3977843	0.8298121044971967	0.4003523698523704	ENSG00000119139.21	TJP2	False
ENST00000597636	178.2676	4.699621	5.4053793	0.7057581	0.13727072	0.8093544299533921	0.8624220921453278	ENSG00000126456.16	IRF3	False
ENST00000431849	123.269	4.227281	4.9330373	0.7057562	0.16679823	0.8093544299533921	0.7778085518651772	ENSG00000117616.18	RSRP1	False
ENST00000497094	38.911343	2.2126956	2.9183953	0.7056997	0.37500957	0.822029190427276	0.4259576532191565	ENSG00000175581.14	MRPL48	False
ENST00000679496	28.298529	1.2310578	1.9367433	0.7056855	0.6249185	0.8981746216663314	0.20417660413671251	ENSG00000139793.21	MBNL2	False
ENST00000620518	12.67777	1.3211579	2.0268176	0.7056596	0.28817862	0.8109740254625081	0.5403382385738722	ENSG00000081692.13	JMJD4	False
ENST00000379254	20.541111	1.2053552	1.910923	0.70556784	0.48505965	0.8528619444606792	0.3142048520553226	ENSG00000130066.17	SAT1	False
ENST00000538168	94.22778	3.92902	4.634288	0.7052679	0.06312017	0.8093544299533921	1.1998318302990374	ENSG00000101638.14	ST8SIA5	False
ENST00000520611	605.0886	6.386371	7.0913925	0.7050214	0.2865565	0.8109740254625081	0.5427897175691345	ENSG00000147526.20	TACC1	True
ENST00000265800	156.2942	4.2762427	4.9811797	0.704937	0.5151426	0.8587509528528511	0.28807251788165594	ENSG00000158856.19	DMTN	False
ENST00000222803	102.53733	3.9742496	4.679077	0.70482755	0.21240366	0.8093544299533921	0.6728380141661938	ENSG00000106080.11	FKBP14	False
ENST00000615433	16.360283	1.4767758	2.1815176	0.70474184	0.28691915	0.8109740254625081	0.5422404693148501	ENSG00000236383.9	CCDC200	False
ENST00000289547	21.92909	1.8835856	2.5882454	0.7046598	0.29873613	0.8111088466013822	0.5247122563388222	ENSG00000015520.15	NPC1L1	False
ENST00000327155	20.07341	0.87355083	1.5781865	0.7046357	0.5521209	0.870835433847764	0.2579657938781607	ENSG00000101773.19	RBBP8	False
ENST00000639422	233.86435	5.07212	5.776679	0.70455885	0.09324812	0.8093544299533921	1.030359908648299	ENSG00000121897.15	LIAS	False
ENST00000508476	11.733591	1.0635939	1.7679672	0.70437336	0.16563879	0.8093544299533921	0.7808379519222445	ENSG00000109332.20	UBE2D3	True
ENST00000526825	205.64934	4.8677897	5.5719705	0.7041807	0.21059924	0.8093544299533921	0.6765431928996941	ENSG00000168056.18	LTBP3	False
ENST00000533839	6.243737	0.8479147	1.5520461	0.70413136	0.40173745	0.8298121044971967	0.3960576797326332	ENSG00000110074.12	FOXRED1	False
ENST00000378823	498.53403	5.9266105	6.630697	0.7040863	0.35468006	0.8173803121090482	0.45016322509800244	ENSG00000113522.14	RAD50	False
ENST00000464553	90.72571	3.401863	4.105941	0.7040777	0.42001384	0.8374027596300101	0.3767363936649079	ENSG00000176101.12	SSNA1	False
ENST00000317091	327.2163	5.6276174	6.331607	0.7039895	0.09241429	0.8093544299533921	1.0342608700825326	ENSG00000172831.14	CES2	False
ENST00000413817	29.640274	2.4005167	3.104488	0.70397115	0.2061308	0.8093544299533921	0.6858571056818447	ENSG00000205593.12	DENND6B	False
ENST00000380840	78.99171	3.2770004	3.9809508	0.7039504	0.35872608	0.8182605935073269	0.44523704310017564	ENSG00000163743.14	RCHY1	False
ENST00000301463	181.1376	4.7640834	5.4678745	0.70379114	0.1696777	0.8093544299533921	0.7703752196574702	ENSG00000167778.9	SPRYD3	False
ENST00000520553	146.34201	4.1357045	4.839476	0.7037716	0.46212763	0.8481416265840513	0.33523806862553357	ENSG00000101336.18	HCK	False
ENST00000375852	146.34201	4.1357045	4.839476	0.7037716	0.46212763	0.8481416265840513	0.33523806862553357	ENSG00000101336.18	HCK	False
ENST00000294172	73.96729	3.7927191	4.496478	0.70375896	0.034947537	0.8093544299533921	1.4565834280621694	ENSG00000162231.14	NXF1	False
ENST00000356840	64.538376	1.2995492	2.0031123	0.7035631	0.6681457	0.9125636621323021	0.17512881172191366	ENSG00000007944.15	MYLIP	False
ENST00000225726	59.69154	3.0099561	3.7135167	0.7035606	0.35296875	0.8172002775093227	0.45226374013001025	ENSG00000108588.15	CCDC47	False
ENST00000355467	48.770947	1.5541204	2.2574656	0.7033452	0.66512275	0.9112769672266469	0.17709819889476697	ENSG00000243943.10	ZNF512	False
ENST00000322776	14.674257	1.3089246	2.0121355	0.70321095	0.4951016	0.8537766521893764	0.3053056693975251	ENSG00000167792.13	NDUFV1	False
ENST00000454397	98.06011	3.6791754	4.382292	0.7031164	0.40777686	0.8320791818024688	0.38957742010891333	ENSG00000146707.15	POMZP3	False
ENST00000532485	297.41193	5.541092	6.2440944	0.70300245	0.10550259	0.8093544299533921	0.9767368764597233	ENSG00000078124.13	ACER3	False
ENST00000698542	28.260418	2.1565225	2.8594933	0.70297074	0.4886771	0.8530497344797782	0.3109779993970787	ENSG00000038382.23	TRIO	False
ENST00000263754	159.9	4.480408	5.18314	0.7027316	0.40971795	0.8323007445595858	0.38751501183743736	ENSG00000114166.8	KAT2B	False
ENST00000407558	15.785792	1.5999342	2.3025036	0.70256937	0.25938317	0.8093544299533921	0.5860582033978977	ENSG00000122390.19	NAA60	False
ENST00000222284	19.83787	1.4742064	2.1763575	0.70215106	0.5268852	0.8628966334781174	0.27828399096619033	ENSG00000105677.12	TMEM147	False
ENST00000322357	3547.6	9.233635	9.935539	0.7019043	0.032779608	0.8093544299533921	1.4843962453475894	ENSG00000178951.9	ZBTB7A	False
ENST00000332397	15.468244	1.8084545	2.510311	0.7018564	0.04758965	0.8093544299533921	1.3224875027777447	ENSG00000214300.7	SPDYE3	False
ENST00000601600	56.904278	3.3954995	4.0973	0.7018006	0.21397373	0.8093544299533921	0.6696395409862268	ENSG00000125755.20	SYMPK	True
ENST00000406606	30.1	2.3027275	3.0044637	0.7017362	0.120499216	0.8093544299533921	0.9190157786430458	ENSG00000160293.17	VAV2	False
ENST00000389757	94.01413	4.1410546	4.8427706	0.70171595	0.06468155	0.8093544299533921	1.1892195656182163	ENSG00000144283.23	PKP4	False
ENST00000381920	199.12706	4.788526	5.490141	0.70161486	0.30047593	0.8118754707110037	0.5221903188976561	ENSG00000067365.15	METTL22	False
ENST00000428457	30.152145	2.2660916	2.967225	0.7011335	0.29348144	0.8111088466013822	0.5324193596357205	ENSG00000136205.18	TNS3	False
ENST00000651388	39.108887	2.5312397	3.2322488	0.70100904	0.34180123	0.81719736681995	0.46622638367357216	ENSG00000141527.19	CARD14	False
ENST00000395276	29.47054	2.4576216	3.1583471	0.70072556	0.26450792	0.8093544299533921	0.5775613203571538	ENSG00000183166.12	CALN1	False
ENST00000678939	56.789894	2.1722233	2.8726337	0.70041037	0.62141675	0.8967200626889682	0.20661704641538486	ENSG00000064601.21	CTSA	False
ENST00000380659	92.2076	3.8216417	4.522031	0.70038915	0.12137608	0.8093544299533921	0.9158668844963619	ENSG00000196664.5	TLR7	False
ENST00000588599	46.301197	2.8465958	3.5468824	0.7002866	0.20309576	0.8093544299533921	0.6922991348157741	ENSG00000125743.11	SNRPD2	False
ENST00000329783	17.84826	1.4914156	2.191685	0.70026934	0.36904836	0.8194459451468774	0.4329167237959916	ENSG00000170190.16	SLC16A5	False
ENST00000600406	107.32894	3.356898	4.0571394	0.7002413	0.46140066	0.8481416265840513	0.3359217905718385	ENSG00000087074.9	PPP1R15A	False
ENST00000304895	31.186987	1.9384714	2.6386468	0.7001754	0.5553528	0.8723568062898063	0.2554310286382758	ENSG00000169919.17	GUSB	False
ENST00000278826	92.39973	3.3441112	4.0442033	0.7000921	0.4658935	0.8494197755236921	0.3317133421211657	ENSG00000149483.13	TMEM138	False
ENST00000394009	59.274574	2.8208017	3.5208292	0.70002747	0.5111091	0.8572790927468692	0.2914863749802076	ENSG00000119636.16	BBOF1	False
ENST00000476916	113.65305	3.7711706	4.471109	0.6999383	0.44294906	0.8455557222610633	0.35364621892073284	ENSG00000114030.13	KPNA1	False
ENST00000347466	123.18794	4.3763156	5.076227	0.6999116	0.11832558	0.8093544299533921	0.9269213447124974	ENSG00000105136.22	ZNF419	False
ENST00000464845	120.462845	4.153706	4.8536158	0.6999097	0.30550522	0.8118754707110037	0.5149813703198859	ENSG00000102030.16	NAA10	False
ENST00000535555	12.027582	0.9714497	1.6712401	0.6997904	0.3795944	0.8231329589941108	0.4206802196129677	ENSG00000111731.13	C2CD5	False
ENST00000437827	30.44569	1.6957778	2.3954973	0.69971955	0.57393277	0.87762699845426	0.24113897984640595	ENSG00000163788.14	SNRK	False
ENST00000361842	733.6676	6.967466	7.667153	0.699687	0.2559927	0.8093544299533921	0.5917724010766423	ENSG00000132530.17	XAF1	False
ENST00000539049	13.151166	1.0569774	1.756533	0.69955564	0.2320495	0.8093544299533921	0.6344193724156949	ENSG00000013573.17	DDX11	False
ENST00000270617	13.543951	1.2969245	1.9964751	0.6995506	0.1669297	0.8093544299533921	0.7774663690834619	ENSG00000142528.16	ZNF473	False
ENST00000529167	39.865192	2.4812706	3.1807811	0.6995106	0.37264097	0.8210406506591547	0.4287094013874647	ENSG00000183644.14	HOATZ	False
ENST00000547844	185.9468	4.3091617	5.0085955	0.6994338	0.48587078	0.8529381765683051	0.3134792196681839	ENSG00000166987.15	MBD6	False
ENST00000434452	24.242817	1.9999801	2.6993256	0.69934547	0.31667557	0.8118754707110037	0.4993854341503951	ENSG00000134762.17	DSC3	False
ENST00000618172	348.5624	5.820423	6.519753	0.69932985	0.009427217	0.8093544299533921	2.0256165036006664	ENSG00000124228.15	DDX27	False
ENST00000357258	958.08984	7.296961	7.996257	0.699296	0.019249998	0.8093544299533921	1.7155693105314285	ENSG00000181722.18	ZBTB20	False
ENST00000489473	23.399998	2.0214083	2.7204418	0.6990335	0.30740824	0.8118754707110037	0.5122844906982299	ENSG00000127314.18	RAP1B	False
ENST00000361851	1857.5	8.148402	8.847399	0.69899654	0.098034255	0.8093544299533921	1.0086221462692022	ENSG00000228253.1	MT-ATP8	False
ENST00000243903	40.3	2.7653954	3.4642563	0.6988609	0.06516928	0.8093544299533921	1.1859570620840227	ENSG00000101442.10	ACTR5	False
ENST00000398245	159.87534	4.464586	5.16339	0.6988044	0.45708686	0.8478682838810522	0.34000126223549254	ENSG00000138867.17	GUCD1	False
ENST00000439502	238.0	4.7154713	5.414228	0.6987567	0.5005997	0.8548764927378353	0.30050943032088495	ENSG00000241878.12	PISD	False
ENST00000317683	29.0	1.9333667	2.6319637	0.6985971	0.41910103	0.8369928622965472	0.3776812722035647	ENSG00000177051.6	FBXO46	False
ENST00000700603	14.545703	1.3930303	2.0915446	0.69851434	0.2983226	0.8111088466013822	0.525313861751804	ENSG00000110713.18	NUP98	False
ENST00000328735	31.453892	2.756797	3.4551718	0.69837475	0.19418547	0.8093544299533921	0.7117832793565295	ENSG00000182240.16	BACE2	False
ENST00000247178	203.58328	4.9709187	5.669275	0.69835615	0.15515877	0.8093544299533921	0.80922366329069	ENSG00000126775.9	ATG14	False
ENST00000003302	185.05624	4.762673	5.460986	0.69831324	0.31156972	0.8118754707110037	0.5064447552865124	ENSG00000048028.12	USP28	False
ENST00000607786	59.31299	3.307661	4.0058055	0.69814444	0.27189627	0.8093544299533921	0.5655967455976696	ENSG00000153015.17	CWC27	False
ENST00000389005	490.80353	6.103846	6.801932	0.6980858	0.30770543	0.8118754707110037	0.5118648367278633	ENSG00000074356.17	NCBP3	False
ENST00000376170	504.12714	5.596275	6.2942967	0.6980219	0.5674057	0.8758872921733283	0.24610630519333743	ENSG00000136754.18	ABI1	False
ENST00000282296	131.57309	4.299974	4.9979134	0.6979394	0.08132544	0.8093544299533921	1.0897735698113544	ENSG00000204519.11	ZNF551	False
ENST00000620438	91.076805	3.7718613	4.4697914	0.6979301	0.21978256	0.8093544299533921	0.6580067702120664	ENSG00000196890.5	H2BC26	False
ENST00000495076	66.93947	3.253445	3.9512177	0.69777274	0.2381059	0.8093544299533921	0.6232298556477451	ENSG00000243156.9	MICAL3	False
ENST00000697790	186.51788	5.0130987	5.710817	0.69771814	0.1137408	0.8093544299533921	0.9440837145315369	ENSG00000134318.16	ROCK2	False
ENST00000526463	13.258324	1.4110184	2.1087098	0.69769144	0.22393402	0.8093544299533921	0.6498799146327263	ENSG00000186166.9	CENATAC	False
ENST00000415142	10.847826	1.3251737	2.0228362	0.6976625	0.34321925	0.81719736681995	0.4644283614828197	ENSG00000144182.17	LIPT1	False
ENST00000704543	6.1740026	0.7474675	1.445107	0.69763947	0.35871902	0.8182605935073269	0.44524559424150617	ENSG00000144815.18	NXPE3	False
ENST00000203001	174.11992	4.8724713	5.5698833	0.697412	0.08163574	0.8093544299533921	1.0881196481861084	ENSG00000089195.15	TRMT6	False
ENST00000248879	44.56552	2.8325703	3.529951	0.6973808	0.31593436	0.8118754707110037	0.5004031390243359	ENSG00000128185.10	DGCR6L	False
ENST00000437932	221.8178	5.319658	6.0169873	0.6973295	0.08298625	0.8093544299533921	1.0809938572389755	ENSG00000163110.15	PDLIM5	False
ENST00000689164	61.826393	2.572182	3.269376	0.6971941	0.450894	0.8472077019271466	0.3459255455525923	ENSG00000064313.13	TAF2	False
ENST00000610992	56.198494	3.1715975	3.8687859	0.6971884	0.22549556	0.8093544299533921	0.6468620011758043	ENSG00000278259.5	MYO19	False
ENST00000534770	42.772106	1.3871824	2.0843174	0.6971351	0.6271816	0.8989111087538206	0.20260669849165458	ENSG00000166012.17	TAF1D	True
ENST00000361546	13.042395	1.4747282	2.171576	0.6968478	0.33570957	0.8158433703746901	0.4740362758585518	ENSG00000143569.20	UBAP2L	False
ENST00000378821	86.92168	3.9078722	4.604701	0.69682884	0.07548055	0.8093544299533921	1.122164940910193	ENSG00000205116.4	TMEM88B	False
ENST00000329524	980.70886	7.233284	7.9299974	0.69671345	0.15074614	0.8093544299533921	0.8217538084937862	ENSG00000072736.19	NFATC3	False
ENST00000510558	23.542978	1.7193483	2.4158704	0.6965221	0.40467402	0.8310603061091208	0.392894672703915	ENSG00000159210.10	SNF8	False
ENST00000610261	60.840706	3.0582733	3.7546766	0.69640326	0.1684911	0.8093544299533921	0.7734230464977658	ENSG00000272602.6	ZNF595	False
ENST00000679182	23.466257	2.177263	2.8735132	0.6962502	0.23737587	0.8093544299533921	0.6245634298959308	ENSG00000048545.18	GUCA1A	False
ENST00000505673	88.51498	3.8434925	4.539455	0.6959624	0.3115274	0.8118754707110037	0.5065037478155939	ENSG00000033178.13	UBA6	False
ENST00000429261	77.34758	3.2152202	3.911024	0.6958039	0.33144742	0.814244767476666	0.4795853539174052	ENSG00000187980.7	PLA2G2C	False
ENST00000512899	99.08176	3.6228416	4.318506	0.69566417	0.3736367	0.8216366408512873	0.4275504807242426	ENSG00000204661.10	C5orf60	False
ENST00000379433	87.30363	3.645439	4.3410273	0.69558835	0.28335992	0.8103610639894862	0.5476615864023903	ENSG00000111859.17	NEDD9	True
ENST00000504673	27.671093	1.9604977	2.6560726	0.6955749	0.3607148	0.8185482386998197	0.4428360465486354	ENSG00000177311.12	ZBTB38	False
ENST00000474629	1969.2799	8.379201	9.074776	0.69557476	0.32260567	0.8134921647164516	0.4913280045532155	ENSG00000173193.15	PARP14	False
ENST00000477657	64.77482	3.2011259	3.8965063	0.69538045	0.2583791	0.8093544299533921	0.5877426159102522	ENSG00000240038.8	AMY2B	False
ENST00000647897	158.2	4.58743	5.2826185	0.6951885	0.2383853	0.8093544299533921	0.6227205200611374	ENSG00000171135.15	JAGN1	False
ENST00000414320	32.256355	2.3066785	3.0014458	0.69476724	0.21851392	0.8093544299533921	0.6605208901404159	ENSG00000114933.16	INO80D	True
ENST00000374151	19.320866	0.9449298	1.6395969	0.69466716	0.5658743	0.8756247794447481	0.24728004619487606	ENSG00000204161.15	TMEM273	False
ENST00000358789	38.39696	2.633444	3.3280306	0.6945865	0.27381733	0.8093544299533921	0.5625390677241359	ENSG00000129451.12	KLK10	False
ENST00000347644	218.63618	4.9937725	5.6881576	0.69438505	0.21270575	0.8093544299533921	0.6722207773767204	ENSG00000137860.12	SLC28A2	False
ENST00000509465	22.9	2.0016673	2.6959891	0.6943219	0.38049945	0.8231329589941108	0.4196459639668594	ENSG00000145214.14	DGKQ	False
ENST00000643538	70.51948	2.5913687	3.2855964	0.6942277	0.643713	0.9041696773142868	0.19130772178920163	ENSG00000111642.16	CHD4	False
ENST00000340417	71.94197	3.3300955	4.024193	0.6940973	0.31848717	0.8118754707110037	0.49690806178298635	ENSG00000189308.11	LIN54	False
ENST00000503114	11.961111	1.2586522	1.9527487	0.69409645	0.19721152	0.8093544299533921	0.7050677220442474	ENSG00000146063.20	TRIM41	True
ENST00000354384	17.630678	1.7610735	2.4550645	0.69399107	0.4853778	0.8529349174042961	0.3139201013737082	ENSG00000230873.9	STMND1	False
ENST00000253031	394.50983	6.2495017	6.943357	0.6938553	0.19618832	0.8093544299533921	0.7073268611597643	ENSG00000130733.11	YIPF2	False
ENST00000382745	42.0	2.932928	3.6266294	0.69370127	0.08434659	0.8093544299533921	1.0739324580700866	ENSG00000103249.19	CLCN7	False
ENST00000635628	71.6	3.0386012	3.7322836	0.69368243	0.3503956	0.81719736681995	0.45544136831919263	ENSG00000102100.16	SLC35A2	True
ENST00000252137	69.17314	3.7356856	4.4293175	0.6936319	0.056121673	0.8093544299533921	1.250869387666146	ENSG00000100056.12	ESS2	False
ENST00000361582	101.96596	3.4545758	4.148195	0.693619	0.4301745	0.840824720967489	0.3663553376632037	ENSG00000198919.13	DZIP3	False
ENST00000612223	1026.8737	7.3747044	8.068303	0.69359875	0.113775335	0.8093544299533921	0.9439518761203793	ENSG00000275066.5	SYNRG	False
ENST00000306954	6.6	0.59326667	1.2867837	0.693517	0.3336273	0.8151257885629049	0.4767384017912647	ENSG00000170270.5	GON7	False
ENST00000646520	356.40698	5.4902782	6.183502	0.69322395	0.592863	0.8847708896745496	0.22704563564889538	ENSG00000079308.21	TNS1	False
ENST00000497933	19.74068	1.3638462	2.0569973	0.6931511	0.37125167	0.8199748637125035	0.43033158115315556	ENSG00000183908.7	LRRC55	False
ENST00000675505	346.4692	5.5512104	6.2443614	0.693151	0.23259734	0.8093544299533921	0.6333952633477529	ENSG00000141627.14	DYM	False
ENST00000563836	25.0757	1.8910075	2.584111	0.69310343	0.21382698	0.8093544299533921	0.6699374893265533	ENSG00000157106.18	SMG1	False
ENST00000347785	50.3	2.9122515	3.6052418	0.6929903	0.33672932	0.8158433703746901	0.47271906938734864	ENSG00000110448.11	CD5	False
ENST00000614697	54.81258	2.721961	3.4149451	0.6929841	0.2608988	0.8093544299533921	0.5835279205830336	ENSG00000198081.11	ZBTB14	False
ENST00000587461	12.812594	1.2327582	1.9256985	0.69294035	0.22851665	0.8093544299533921	0.6410821451753282	ENSG00000081665.14	ZNF506	False
ENST00000343805	33.08364	1.3363158	2.0291445	0.6928288	0.6542578	0.9077159611397232	0.18425110806361075	ENSG00000079263.19	SP140	False
ENST00000332468	34.516747	2.2920196	2.9848254	0.69280577	0.3474947	0.81719736681995	0.45905182538163	ENSG00000099999.15	RNF215	True
ENST00000369442	32.779976	2.1431859	2.835581	0.6923952	0.3417465	0.81719736681995	0.46629591303559303	ENSG00000196505.11	GDAP2	False
ENST00000398812	30.946331	1.7397467	2.432053	0.6923064	0.41366604	0.833681742740497	0.3833501314467468	ENSG00000106070.20	GRB10	False
ENST00000606789	184.97583	4.135799	4.8280187	0.69221973	0.49614465	0.8537766521893764	0.30439168527228244	ENSG00000081320.12	STK17B	False
ENST00000427323	11.202446	1.1932656	1.885304	0.6920384	0.12229427	0.8093544299533921	0.9125938927748096	ENSG00000093217.11	XYLB	True
ENST00000681346	10.30556	1.0288683	1.7208005	0.6919322	0.38466686	0.8242482227560738	0.41491522750677456	ENSG00000111331.14	OAS3	False
ENST00000218364	113.685135	4.305822	4.9976354	0.69181347	0.13679586	0.8093544299533921	0.8639270347964514	ENSG00000102241.12	HTATSF1	False
ENST00000453268	14.654329	1.3734431	2.0652134	0.6917703	0.13798057	0.8093544299533921	0.8601820796961652	ENSG00000167178.17	ISLR2	False
ENST00000661974	91.14038	3.6542895	4.3459992	0.69170976	0.22109611	0.8093544299533921	0.6554188918704236	ENSG00000198690.10	FAN1	False
ENST00000216455	42.41325	1.7485266	2.440202	0.6916754	0.57394075	0.87762699845426	0.24113293611477146	ENSG00000100567.13	PSMA3	False
ENST00000417470	22.20074	1.7157649	2.4072049	0.69144	0.53977466	0.867777183814941	0.2677875104599116	ENSG00000269897.5	COMMD3-BMI1	True
ENST00000610495	94.61394	3.5284603	4.219865	0.6914046	0.41839293	0.836886090598871	0.3784156664632659	ENSG00000288722.1	F8A1	False
ENST00000623361	24.015232	2.079348	2.770595	0.691247	0.32138038	0.8125420389446386	0.4929806443766317	ENSG00000106012.19	IQCE	False
ENST00000313115	14.41481	1.3776709	2.0687761	0.69110525	0.48664138	0.8529381765683051	0.31279096747616003	ENSG00000177556.12	ATOX1	False
ENST00000503937	78.0999	3.3426201	4.033704	0.69108367	0.48790267	0.8529381765683051	0.3116668042688476	ENSG00000138674.17	SEC31A	False
ENST00000322285	6.72342	0.8384032	1.5294755	0.6910722	0.37672168	0.8226842929596185	0.4239793856241757	ENSG00000122012.14	SV2C	False
ENST00000396267	758.1714	6.7110496	7.4020395	0.69099	0.19821155	0.8093544299533921	0.7028710407459492	ENSG00000184619.8	KRBA2	False
ENST00000593360	16.349163	1.6590767	2.3499336	0.69085693	0.17532462	0.8093544299533921	0.7561570966534752	ENSG00000131351.15	HAUS8	False
ENST00000352867	34.462334	1.7022454	2.392989	0.69074357	0.5734438	0.8776220869800272	0.2415091608463853	ENSG00000124508.17	BTN2A2	False
ENST00000373078	107.489235	4.1348653	4.8255634	0.69069815	0.048416078	0.8093544299533921	1.3150103931794055	ENSG00000171169.9	NAIF1	False
ENST00000621074	343.26804	5.8577647	6.548446	0.69068146	0.044582687	0.8093544299533921	1.3508337570234659	ENSG00000269713.9	NBPF9	True
ENST00000369314	80.43366	3.875108	4.5657563	0.6906483	0.26301804	0.8093544299533921	0.5800144598494893	ENSG00000121851.13	POLR3GL	False
ENST00000588885	53.58761	3.0362139	3.7267704	0.6905565	0.33993515	0.81719736681995	0.46860392138816626	ENSG00000132005.9	RFX1	True
ENST00000618469	65.16218	3.396943	4.0873013	0.69035816	0.28926623	0.8109740254625081	0.5387022665105053	ENSG00000012048.26	BRCA1	False
ENST00000527629	20.85156	0.87455606	1.5648632	0.69030714	0.56489307	0.8755018923501372	0.24803375546883322	ENSG00000166801.17	FAM111A	False
ENST00000524674	83.71507	3.5982268	4.2885327	0.69030595	0.40530145	0.8312293045789577	0.3922218407270792	ENSG00000155085.16	AK9	False
ENST00000311381	31.000004	2.3356628	3.025887	0.6902242	0.4724676	0.8497740329244825	0.32562796717453507	ENSG00000130349.10	MTRES1	False
ENST00000439756	145.37961	4.1837735	4.87383	0.6900563	0.2462931	0.8093544299533921	0.6085477589194982	ENSG00000143442.24	POGZ	False
ENST00000272286	57.581825	2.7997568	3.4896026	0.6898458	0.43701568	0.8427680642738807	0.3595029779422837	ENSG00000143921.9	ABCG8	False
ENST00000588072	190.68013	4.18848	4.878243	0.68976307	0.5349747	0.8663131709202851	0.2716667607949181	ENSG00000154889.17	MPPE1	False
ENST00000484535	34.695457	2.269405	2.9591672	0.68976235	0.25960976	0.8093544299533921	0.585678986229355	ENSG00000163689.21	CFAP20DC	True
ENST00000296096	292.23196	5.45058	6.1402903	0.68971014	0.25308904	0.8093544299533921	0.596726660632708	ENSG00000163792.6	TCF23	False
ENST00000640574	162.7753	4.7654796	5.455103	0.68962336	0.13382311	0.8093544299533921	0.873468876129292	ENSG00000113327.17	GABRG2	False
ENST00000519712	95.45909	3.9594898	4.6489954	0.6895056	0.070215546	0.8093544299533921	1.1535667252125383	ENSG00000156831.8	NSMCE2	True
ENST00000367888	1133.5134	7.226246	7.9157405	0.6894946	0.2979267	0.8111088466013822	0.5258905823683185	ENSG00000143198.13	MGST3	False
ENST00000561211	28.178335	1.9509717	2.64039	0.6894182	0.55707043	0.8728453353828223	0.2540898906355003	ENSG00000138592.14	USP8	True
ENST00000649529	61.9	3.34367	4.032876	0.6892061	0.47246245	0.8497740329244825	0.32563270643807624	ENSG00000187608.10	ISG15	False
ENST00000330889	215.85263	5.079576	5.7687035	0.68912745	0.1759154	0.8093544299533921	0.7546961271114812	ENSG00000184060.11	ADAP2	False
ENST00000425032	590.3757	6.658003	7.3471203	0.68911743	0.17091163	0.8093544299533921	0.7672283965322816	ENSG00000138592.14	USP8	False
ENST00000330045	123.59442	4.061517	4.7505836	0.6890669	0.46831977	0.8496539504698483	0.3294575047927393	ENSG00000185515.16	BRCC3	False
ENST00000278174	88.22245	3.3450987	4.033864	0.6887653	0.43043467	0.8408996500740611	0.3660927509778419	ENSG00000148925.11	BTBD10	False
ENST00000643758	171.7547	4.343978	5.0327425	0.6887646	0.44113857	0.8446156514523803	0.35542497335009976	ENSG00000285053.1	ENSG00000285053	True
ENST00000373713	67.0	3.2835922	3.9721398	0.6885476	0.3730138	0.8211409685490637	0.4282751072512437	ENSG00000121769.8	FABP3	False
ENST00000528499	1729.7246	7.986273	8.674792	0.6885195	0.10149609	0.8093544299533921	0.9935506753073761	ENSG00000084234.18	APLP2	False
ENST00000377317	63.9	3.5151129	4.203508	0.688395	0.21628247	0.8093544299533921	0.6649786752713269	ENSG00000160973.8	FOXH1	False
ENST00000334567	249.76236	5.0746207	5.7629795	0.6883588	0.31559303	0.8118754707110037	0.5008725913819808	ENSG00000186329.9	TMEM212	False
ENST00000652175	19.839336	1.6847805	2.372831	0.6880506	0.4954724	0.8537766521893764	0.3049805314147336	ENSG00000286038.2	SPDYE13	False
ENST00000698241	17.398006	1.12246	1.8104426	0.68798256	0.46415243	0.8490460915892519	0.33333937570622363	ENSG00000107960.12	STN1	False
ENST00000292566	102.17256	4.090669	4.778621	0.68795204	0.055517845	0.8093544299533921	1.255567401079976	ENSG00000160993.4	ALKBH4	False
ENST00000317571	111.56209	3.8747816	4.5625896	0.68780804	0.4420801	0.8450789941411054	0.354499024058777	ENSG00000168234.13	TTC39C	False
ENST00000232974	15.01932	1.3369006	2.0246594	0.6877588	0.23222995	0.8093544299533921	0.6340817749871731	ENSG00000114853.15	ZBTB47	False
ENST00000323345	27.918827	1.7476577	2.4353962	0.68773854	0.47864506	0.8504371505934152	0.3199864221825058	ENSG00000148303.17	RPL7A	False
ENST00000540159	84.74197	3.882202	4.5696507	0.68744874	0.099879675	0.8093544299533921	1.000522881156514	ENSG00000176171.12	BNIP3	False
ENST00000380799	11.03492	1.2645438	1.9519668	0.687423	0.43003336	0.840824720967489	0.36649785664423773	ENSG00000164975.16	SNAPC3	True
ENST00000695617	12.215855	1.4388542	2.1262672	0.687413	0.21839418	0.8093544299533921	0.6607589489547421	ENSG00000010671.18	BTK	False
ENST00000423617	19.533405	1.5772139	2.264554	0.68734014	0.51295745	0.8578599976407133	0.28991865511732534	ENSG00000204272.13	NBDY	False
ENST00000355086	438.3606	5.990906	6.6781974	0.6872916	0.16564366	0.8093544299533921	0.7808251762506128	ENSG00000196935.10	SRGAP1	False
ENST00000361923	25.453903	1.6132911	2.3002672	0.6869761	0.40323293	0.8303154186824399	0.39444400622213927	ENSG00000049246.15	PER3	False
ENST00000282869	173.27936	3.5669277	4.2538857	0.6869581	0.54467976	0.8692662506126195	0.2638587618270178	ENSG00000152926.17	ZNF117	False
ENST00000624503	56.773552	2.8296325	3.5164945	0.686862	0.32953936	0.8142173533113395	0.4820927079018917	ENSG00000239900.14	ADSL	False
ENST00000322396	27.67522	2.378736	3.0654655	0.68672943	0.24887101	0.8093544299533921	0.6040256835459482	ENSG00000164169.13	PRMT9	False
ENST00000253023	39.5	2.643223	3.3297787	0.6865556	0.33005795	0.8142173533113395	0.48140980361696434	ENSG00000130725.8	UBE2M	False
ENST00000609879	98.23469	3.7528975	4.4392667	0.6863692	0.29854807	0.8111088466013822	0.5249857282741373	ENSG00000273213.4	H3-7	False
ENST00000368320	87.532394	3.6363208	4.322651	0.6863301	0.3761251	0.8226842929596185	0.42466768693309975	ENSG00000132680.11	KHDC4	False
ENST00000248076	151.85826	4.6486535	5.3348184	0.68616486	0.08456283	0.8093544299533921	1.0728204880339343	ENSG00000127533.4	F2RL3	False
ENST00000219689	40.00037	2.6914065	3.3775241	0.68611765	0.33984125	0.81719736681995	0.4687239118536508	ENSG00000103404.15	USP31	False
ENST00000221486	23.0	1.9311916	2.6171515	0.68595994	0.29883027	0.8111088466013822	0.5245754116715975	ENSG00000104889.7	RNASEH2A	False
ENST00000538010	102.5687	3.8977396	4.5836287	0.685889	0.29893038	0.8111088466013822	0.5244299504928395	ENSG00000110987.9	BCL7A	False
ENST00000545942	21.294563	1.4606428	2.1463985	0.6857557	0.46858338	0.8496539504698483	0.32921312372078015	ENSG00000111642.16	CHD4	False
ENST00000530112	29.162909	2.008106	2.6937895	0.6856835	0.41961464	0.8374027596300101	0.37714936508837094	ENSG00000185670.9	ZBTB3	False
ENST00000422989	281.0601	5.295287	5.980913	0.68562603	0.27296016	0.8093544299533921	0.5639007419861033	ENSG00000167378.10	IRGQ	False
ENST00000492406	89.92537	3.4487064	4.1342797	0.68557334	0.37510553	0.8220437669135772	0.4258465331806024	ENSG00000138459.9	SLC35A5	False
ENST00000651036	8.027745	0.70973784	1.3953093	0.6855715	0.19864444	0.8093544299533921	0.7019235767119641	ENSG00000173599.15	PC	False
ENST00000434466	104.13639	3.7399695	4.4254656	0.6854961	0.4591043	0.847884044482156	0.33808864001539995	ENSG00000006451.8	RALA	False
ENST00000622194	315.87534	5.7362347	6.4212837	0.68504906	0.23578854	0.8093544299533921	0.6274773084327714	ENSG00000103148.17	NPRL3	False
ENST00000392238	39.892937	2.648541	3.3335178	0.6849768	0.37181932	0.8205267334844837	0.42966805082930914	ENSG00000138439.12	FAM117B	False
ENST00000378566	79.17702	3.785093	4.4700623	0.6849692	0.2044094	0.8093544299533921	0.6894991246749593	ENSG00000005238.20	ATOSB	False
ENST00000447762	27.519339	2.5265615	3.2112463	0.68468475	0.17768033	0.8093544299533921	0.750360651552413	ENSG00000138443.17	ABI2	True
ENST00000313552	463.1164	5.7625995	6.4471626	0.68456316	0.3305743	0.8142173533113395	0.4807309079429407	ENSG00000168395.16	ING5	False
ENST00000588648	99.30278	4.09476	4.779321	0.68456125	0.0557486	0.8093544299533921	1.2537660304721243	ENSG00000178904.19	DPY19L3	False
ENST00000361899	3853.5	9.404969	10.089075	0.6841059	0.074035324	0.8093544299533921	1.1305610177587981	ENSG00000198899.2	MT-ATP6	False
ENST00000382368	291.4333	5.3518987	6.035861	0.68396235	0.14635213	0.8093544299533921	0.8346009608142139	ENSG00000155034.21	FBXL18	False
ENST00000541216	21.217585	1.381339	2.065277	0.68393815	0.49682274	0.8537766521893764	0.30379853032019033	ENSG00000127314.18	RAP1B	False
ENST00000447266	154.93318	4.1876626	4.87159	0.68392754	0.2940263	0.8111088466013822	0.5316138427232047	ENSG00000112701.18	SENP6	False
ENST00000714232	8.006853	0.9375229	1.6214187	0.6838958	0.58174527	0.8811550578047072	0.23526714145134758	ENSG00000095951.18	HIVEP1	False
ENST00000301391	38.35659	2.0950532	2.7789078	0.6838546	0.40039995	0.8298121044971967	0.3975059820336947	ENSG00000167740.10	CYB5D2	False
ENST00000508805	102.48757	3.1235504	3.8073783	0.6838279	0.54127526	0.8677958347030249	0.2665818204256008	ENSG00000121067.19	SPOP	False
ENST00000380837	92.938095	3.50994	4.1935616	0.68362164	0.35149792	0.8172002775093227	0.4540772426049954	ENSG00000174796.12	THAP6	False
ENST00000263275	518.5047	6.1946597	6.8781705	0.6835108	0.1483343	0.8093544299533921	0.8287584294486418	ENSG00000125741.6	OPA3	False
ENST00000697217	30.8	2.548796	3.232183	0.68338704	0.14018258	0.8093544299533921	0.85330593725994	ENSG00000167306.21	MYO5B	False
ENST00000367812	41.30617	2.6611433	3.344492	0.68334866	0.28999934	0.8109740254625081	0.5376029964804137	ENSG00000118513.21	MYB	False
ENST00000641116	6.29321	1.0182254	1.7015047	0.6832793	0.2684759	0.8093544299533921	0.5710947089989863	ENSG00000109339.24	MAPK10	True
ENST00000302035	53.7	3.2285147	3.911645	0.68313026	0.25316355	0.8093544299533921	0.5965988293426491	ENSG00000117090.16	SLAMF1	False
ENST00000223114	117.38029	4.2506723	4.9337025	0.6830301	0.17180972	0.8093544299533921	0.7649522749635929	ENSG00000106384.12	MOGAT3	False
ENST00000433028	48.94492	2.728364	3.411382	0.68301797	0.4740888	0.8500118764885034	0.32414031541122795	ENSG00000183765.24	CHEK2	False
ENST00000649100	68.21734	3.001619	3.6843474	0.6827283	0.48433885	0.8524476847822213	0.31485069393165743	ENSG00000182093.16	GET1	False
ENST00000373233	84.25789	3.60705	4.289647	0.68259716	0.2588692	0.8093544299533921	0.5869196168318133	ENSG00000124177.16	CHD6	False
ENST00000310653	136.63033	1.8546048	2.5371919	0.682587	0.73782706	0.9341876364051488	0.1320454194192506	ENSG00000175582.20	RAB6A	False
ENST00000649076	10.15547	1.0214998	1.7040547	0.68255496	0.14208353	0.8093544299533921	0.8474562748575158	ENSG00000110628.16	SLC22A18	False
ENST00000219252	101.06778	3.74941	4.4319334	0.6825235	0.25606406	0.8093544299533921	0.5916513773690316	ENSG00000102978.13	POLR2C	False
ENST00000263239	786.2	7.0575204	7.7400312	0.68251085	0.04826827	0.8093544299533921	1.3163382688751766	ENSG00000088205.13	DDX18	False
ENST00000689605	60.404823	3.0705166	3.7528698	0.68235326	0.3990678	0.8298121044971967	0.3989533248012535	ENSG00000115295.21	CLIP4	False
ENST00000502503	302.36884	3.808819	4.490963	0.6821439	0.74852604	0.9361845475093102	0.12579308855331117	ENSG00000113391.19	ARB2A	False
ENST00000622427	81.28749	3.4101808	4.0922546	0.68207383	0.2574393	0.8093544299533921	0.5893251785611128	ENSG00000151150.22	ANK3	False
ENST00000541960	19.914175	1.8675476	2.549542	0.6819943	0.47897467	0.8504371505934152	0.31968745296437556	ENSG00000139112.11	GABARAPL1	False
ENST00000462112	42.463173	3.0086858	3.6906443	0.68195844	0.24379584	0.8093544299533921	0.6129737057777619	ENSG00000124783.14	SSR1	False
ENST00000674880	13.342662	1.2547686	1.9367082	0.6819396	0.33748487	0.8159197719302365	0.4717456971876725	ENSG00000172795.17	DCP2	True
ENST00000334344	151.656	3.9815407	4.6632853	0.6817446	0.48819363	0.8529381765683051	0.3114078905575441	ENSG00000189079.18	ARID2	False
ENST00000379730	895.29236	7.1796513	7.8612924	0.6816411	0.14867558	0.8093544299533921	0.8277603707097488	ENSG00000145703.17	IQGAP2	False
ENST00000433971	15.304837	1.3221611	2.0037656	0.6816045	0.31342867	0.8118754707110037	0.5038612799598665	ENSG00000188001.10	TPRG1	False
ENST00000222902	65.96602	3.20473	3.886303	0.6815729	0.36820316	0.8194459451468774	0.4339124848939951	ENSG00000106178.7	CCL24	False
ENST00000367731	41.971806	2.1829116	2.864435	0.6815233	0.40298635	0.8303139210724039	0.3947096665876851	ENSG00000197959.15	DNM3	False
ENST00000545908	185.69673	4.8019733	5.483408	0.68143463	0.31488937	0.8118754707110037	0.5018419980562308	ENSG00000100714.18	MTHFD1	False
ENST00000314400	54.18355	2.2351816	2.916367	0.6811855	0.7427903	0.9352336696717043	0.1291337869464433	ENSG00000163608.15	NEPRO	False
ENST00000486211	47.002575	2.8869944	3.568069	0.6810746	0.41322938	0.833681742740497	0.3838088124792777	ENSG00000114127.11	XRN1	False
ENST00000319770	44.22193	2.581116	3.2621655	0.6810496	0.26043016	0.8093544299533921	0.5843087269374618	ENSG00000126746.19	ZNF384	False
ENST00000554775	199.39803	5.020035	5.701041	0.68100643	0.26171544	0.8093544299533921	0.5821706520164307	ENSG00000100603.14	SNW1	False
ENST00000405547	20.36609	1.4210163	2.1019883	0.680972	0.38355163	0.823835243286134	0.4161761702161951	ENSG00000162804.15	SNED1	False
ENST00000447102	101.83458	4.234598	4.915428	0.68083	0.08434303	0.8093544299533921	1.0739507957315928	ENSG00000130005.13	GAMT	False
ENST00000645184	8.450795	1.0571374	1.7378383	0.6807009	0.4881223	0.8529381765683051	0.3114713383815777	ENSG00000159023.23	EPB41	False
ENST00000287859	62.83141	1.825415	2.5059044	0.6804894	0.7269217	0.9302394203585684	0.13851237981928133	ENSG00000157181.16	ODR4	False
ENST00000495530	544.807	6.0074897	6.687855	0.6803651	0.38550586	0.8244231157420382	0.4139690214752038	ENSG00000132334.17	PTPRE	False
ENST00000697744	115.09755	3.9482603	4.6285586	0.6802983	0.36699006	0.8190534610539798	0.4353456989990683	ENSG00000153201.17	RANBP2	False
ENST00000450852	35.02376	1.6548637	2.3350828	0.68021905	0.58761406	0.8826128203198247	0.23090782168412416	ENSG00000164172.20	MOCS2	False
ENST00000311337	66.4	3.238238	3.9183607	0.6801226	0.28839436	0.8109740254625081	0.540013234561409	ENSG00000113552.16	GNPDA1	False
ENST00000421682	69.12361	2.966811	3.6468534	0.6800425	0.5158682	0.8587697515903885	0.2874612537854979	ENSG00000004534.15	RBM6	False
ENST00000223023	68.9	3.3214405	4.0014076	0.67996716	0.4023179	0.8299279309551659	0.3954306319995691	ENSG00000106299.8	WASL	False
ENST00000470941	318.49744	5.3426614	6.022494	0.67983246	0.4068391	0.831725697822197	0.3905773124190572	ENSG00000125944.22	HNRNPR	False
ENST00000531147	17.361362	1.5986089	2.2776737	0.67906487	0.5436522	0.8685822893933551	0.26467886865469814	ENSG00000166801.17	FAM111A	False
ENST00000636106	17.94856	1.8116292	2.4904916	0.67886245	0.23335293	0.8093544299533921	0.6319867429075233	ENSG00000113638.14	TTC33	True
ENST00000522834	14.97621	1.270207	1.9490299	0.6788229	0.35457966	0.8173803121090482	0.4502861840445837	ENSG00000113643.9	RARS1	True
ENST00000640621	158.58174	4.6324883	5.3112674	0.6787791	0.033600125	0.8093544299533921	1.4736591009651263	ENSG00000108433.17	GOSR2	False
ENST00000693262	14.621721	1.6500545	2.3282285	0.678174	0.33276805	0.8148546909488805	0.4778583745433869	ENSG00000172915.20	NBEA	False
ENST00000371199	945.06903	7.085533	7.7636323	0.67809916	0.17806852	0.8093544299533921	0.7494128542034577	ENSG00000101966.14	XIAP	False
ENST00000339464	15.373533	1.761023	2.4391005	0.67807746	0.18795648	0.8093544299533921	0.725942691908185	ENSG00000188064.10	WNT7B	False
ENST00000367023	146.22087	3.9719296	4.649989	0.6780596	0.512622	0.8577892264817722	0.2902027603313156	ENSG00000009790.15	TRAF3IP3	True
ENST00000524470	10.456385	1.0513959	1.7294067	0.6780108	0.49167335	0.8537766521893764	0.3083233306898495	ENSG00000105397.15	TYK2	False
ENST00000508883	10.744961	1.1554383	1.8332266	0.67778826	0.36925632	0.8194459451468774	0.432672065597372	ENSG00000078795.17	PKD2L2	False
ENST00000413299	32.033558	2.1817358	2.8593283	0.6775925	0.38403842	0.823963789252834	0.41562532739912844	ENSG00000187550.9	SBK2	False
ENST00000332780	29.9	1.8565012	2.5337195	0.6772183	0.42288023	0.8383020471972034	0.37378261560707277	ENSG00000185909.15	KLHDC8B	False
ENST00000382172	10.7	1.0596114	1.7368007	0.67718923	0.38162524	0.823716002720574	0.4183629151682831	ENSG00000027001.10	MIPEP	False
ENST00000325212	189.59352	4.8733964	5.5503087	0.6769123	0.19874172	0.8093544299533921	0.7017109578287314	ENSG00000166004.15	CEP295	False
ENST00000260356	117.84385	4.157024	4.833879	0.6768551	0.3298352	0.8142173533113395	0.48170299007160466	ENSG00000137801.11	THBS1	False
ENST00000345714	199.28807	5.0488315	5.7255564	0.6767249	0.003047151	0.8093544299533921	2.5161060203865286	ENSG00000104205.16	SGK3	False
ENST00000679895	54.511578	2.551973	3.2285726	0.6765995	0.65296894	0.9068527311245123	0.1851074743953319	ENSG00000125875.15	TBC1D20	False
ENST00000564657	484.57657	5.960366	6.6369457	0.67657995	0.26615083	0.8093544299533921	0.5748721715766282	ENSG00000065457.11	ADAT1	False
ENST00000642516	15.44359	1.6248446	2.3014076	0.676563	0.30373284	0.8118754707110037	0.5175082458884621	ENSG00000130703.17	OSBPL2	False
ENST00000373703	15.0	1.5666827	2.2431371	0.6764544	0.24421147	0.8093544299533921	0.6122339508677779	ENSG00000162517.13	PEF1	False
ENST00000570582	158.65405	4.3241825	5.000563	0.67638063	0.2414964	0.8093544299533921	0.6170893406331713	ENSG00000268480.4	NFILZ	False
ENST00000642671	19.149632	1.180293	1.8566412	0.6763482	0.3497052	0.81719736681995	0.4562979229097078	ENSG00000090054.16	SPTLC1	False
ENST00000280200	266.98874	4.743188	5.419407	0.676219	0.55857956	0.8732826738662264	0.25291495721955054	ENSG00000150637.9	CD226	False
ENST00000290583	61.126945	2.9793932	3.655406	0.67601275	0.373683	0.8216366408512873	0.42749665263043857	ENSG00000159409.15	CELF3	False
ENST00000496840	10.186822	0.9320708	1.607969	0.67589825	0.42267936	0.8382696293007162	0.37398895402530663	ENSG00000120948.19	TARDBP	False
ENST00000676518	28.143341	1.1732837	1.8489732	0.67568946	0.6255844	0.8983420428423095	0.2037140733337017	ENSG00000075413.19	MARK3	False
ENST00000677604	28.143341	1.1732837	1.8489732	0.67568946	0.6255844	0.8983420428423095	0.2037140733337017	ENSG00000075413.19	MARK3	False
ENST00000393630	162.61575	4.1258683	4.80133	0.67546177	0.49719435	0.8537766521893764	0.3034738154275919	ENSG00000061987.16	MON2	False
ENST00000394631	25.545366	1.9469069	2.6223438	0.67543685	0.39900568	0.8298121044971967	0.3990209205303177	ENSG00000109534.17	GAR1	False
ENST00000437418	739.9	6.4151473	7.090532	0.6753845	0.54450834	0.8692662506126195	0.26399546557099507	ENSG00000124098.10	FAM210B	False
ENST00000215793	552.1	6.4200835	7.0952663	0.6751828	0.14170544	0.8093544299533921	0.848613481700979	ENSG00000099995.19	SF3A1	False
ENST00000294905	972.1873	7.126644	7.8018236	0.6751795	0.25522846	0.8093544299533921	0.5930709002479705	ENSG00000123636.19	BAZ2B	False
ENST00000619360	95.83951	3.688907	4.363973	0.67506623	0.37679967	0.8226842929596185	0.4238894829570918	ENSG00000146232.17	NFKBIE	False
ENST00000276431	78.24299	3.5346916	4.209694	0.67500234	0.32841504	0.8142173533113395	0.48357696729608174	ENSG00000120889.13	TNFRSF10B	False
ENST00000586296	21.191097	1.7523776	2.4269958	0.6746181	0.23067985	0.8093544299533921	0.6369903307179564	ENSG00000104814.13	MAP4K1	False
ENST00000261183	176.88489	3.5793629	4.2537713	0.67440844	0.7253566	0.9293352268139775	0.13944844564045694	ENSG00000091039.17	OSBPL8	False
ENST00000691077	74.64342	2.942773	3.6169837	0.67421055	0.39577103	0.8293641072483107	0.40255600255861457	ENSG00000169032.11	MAP2K1	False
ENST00000615328	35.005512	2.5452192	3.219359	0.67413974	0.34871596	0.81719736681995	0.45752817419939595	ENSG00000276234.5	TADA2A	False
ENST00000396253	40.618187	2.473522	3.1474776	0.6739557	0.6016993	0.8883468743401927	0.22062049905204342	ENSG00000110756.18	HPS5	False
ENST00000295246	516.6963	6.3513627	7.0247526	0.6733899	0.15917443	0.8093544299533921	0.7981267037808649	ENSG00000174501.15	ANKRD36C	False
ENST00000368644	55.57789	3.1437795	3.817148	0.67336845	0.20026465	0.8093544299533921	0.6983957092485877	ENSG00000108010.12	GLRX3	False
ENST00000553342	1161.1265	6.655983	7.32935	0.673367	0.6424283	0.9036259336282183	0.19217535018591606	ENSG00000100906.12	NFKBIA	False
ENST00000422437	318.30096	5.4547234	6.128036	0.67331266	0.32842863	0.8142173533113395	0.4835589965029774	ENSG00000258388.7	PPT2-EGFL8	False
ENST00000342665	58.9	3.5600402	4.233277	0.6732366	0.123361774	0.8093544299533921	0.90881939463354	ENSG00000177732.9	SOX12	False
ENST00000587354	34.169514	2.5209703	3.1940475	0.6730771	0.27544704	0.8093544299533921	0.5599618890112984	ENSG00000153896.19	ZNF599	False
ENST00000431508	601.219	6.5088634	7.1816044	0.67274094	0.041640572	0.8093544299533921	1.3804833107834629	ENSG00000131503.21	ANKHD1	False
ENST00000698743	16.564526	1.4673353	2.1400454	0.67271006	0.36967131	0.8194459451468774	0.4321842476692138	ENSG00000141499.18	WRAP53	False
ENST00000340607	46.573833	2.5555944	3.2282948	0.6727004	0.33672252	0.8158433703746901	0.4727278331925969	ENSG00000148344.11	PTGES	False
ENST00000356327	28.848236	2.062451	2.7351503	0.67269945	0.3151174	0.8118754707110037	0.5015276307117205	ENSG00000075651.17	PLD1	False
ENST00000313135	116.415016	3.5331085	4.205737	0.67262864	0.4431306	0.8455557222610633	0.35346824697674134	ENSG00000181408.5	UTS2R	False
ENST00000357137	457.69897	5.912439	6.58504	0.6726012	0.16063379	0.8093544299533921	0.7941631004831046	ENSG00000196236.13	XPNPEP3	False
ENST00000264028	325.7613	5.716484	6.389051	0.6725669	0.06580438	0.8093544299533921	1.1817452168753153	ENSG00000095139.15	ARCN1	False
ENST00000325233	11.297942	1.5340977	2.20655	0.6724522	0.08069983	0.8093544299533921	1.0931273734369151	ENSG00000165084.16	C8orf34	False
ENST00000316082	42.67478	2.6896467	3.361875	0.67222834	0.37304544	0.8211409685490637	0.4282382591071012	ENSG00000168256.18	NKIRAS2	False
ENST00000426907	51.141167	2.8052206	3.477216	0.6719954	0.49373618	0.8537766521893764	0.3065050494213425	ENSG00000086758.17	HUWE1	False
ENST00000567571	166.85245	4.326357	4.9983034	0.6719465	0.52460116	0.8623991954027461	0.2801707522058736	ENSG00000103653.17	CSK	False
ENST00000443351	136.51015	4.34154	5.013139	0.6715989	0.2816967	0.810159386210085	0.5502182298180179	ENSG00000135720.13	DYNC1LI2	False
ENST00000355377	6.623323	0.91783327	1.589388	0.67155474	0.1806166	0.8093544299533921	0.7432423317823399	ENSG00000103528.17	SYT17	False
ENST00000682022	170.83716	4.664004	5.3354197	0.6714158	0.15017751	0.8093544299533921	0.8233951047854577	ENSG00000135317.14	SNX14	False
ENST00000444129	38.22805	2.0514355	2.7227468	0.6713114	0.6205386	0.8963672800698408	0.2072312038211894	ENSG00000004700.16	RECQL	False
ENST00000372479	460.8919	6.2191625	6.8903646	0.6712022	0.11984459	0.8093544299533921	0.9213815547588994	ENSG00000089682.18	RBM41	False
ENST00000571846	11.918109	1.1236895	1.7947278	0.67103827	0.46868712	0.8496539504698483	0.3291169838584514	ENSG00000182224.12	CYB5D1	False
ENST00000300835	25.4	2.3033538	2.9743333	0.6709795	0.25131518	0.8093544299533921	0.5997812843261274	ENSG00000156858.12	PRR14	False
ENST00000371993	18.180336	1.5453763	2.2161775	0.67080116	0.26355407	0.8093544299533921	0.5791302785954104	ENSG00000077279.21	DCX	False
ENST00000400752	16.633137	1.6069325	2.2777183	0.6707858	0.12032576	0.8093544299533921	0.9196413899739814	ENSG00000174992.8	ZG16	False
ENST00000525593	130.82428	4.5458946	5.2164745	0.6705799	0.025518365	0.8093544299533921	1.5931471514821516	ENSG00000172890.13	NADSYN1	False
ENST00000328600	115.785255	4.215414	4.8858542	0.6704402	0.18135387	0.8093544299533921	0.7414731794146664	ENSG00000182261.5	NLRP10	False
ENST00000519142	35.13782	2.1712763	2.841422	0.67014575	0.5426117	0.8680718729934456	0.2655108315014373	ENSG00000153310.22	CYRIB	False
ENST00000399639	29.450932	2.2210412	2.8911366	0.67009544	0.15141337	0.8093544299533921	0.8198357852715703	ENSG00000143469.21	SYT14	False
ENST00000506997	333.14957	5.5851383	6.2551413	0.67000294	0.18442594	0.8093544299533921	0.7341780057326462	ENSG00000153037.15	SRP19	False
ENST00000246006	641.8769	6.342015	7.0117903	0.6697755	0.31886038	0.8118754707110037	0.4963994381619297	ENSG00000125810.10	CD93	False
ENST00000389124	16.168322	1.2909236	1.9605227	0.66959906	0.50703686	0.8558786284660064	0.2949604635882779	ENSG00000171189.18	GRIK1	False
ENST00000377540	18.26807	1.809507	2.4790049	0.66949785	0.49711436	0.8537766521893764	0.30354369104913664	ENSG00000204815.10	ODAD4	False
ENST00000352940	19.1	2.0680494	2.7375436	0.66949415	0.1559879	0.8093544299533921	0.8069090789366842	ENSG00000213782.7	DDX47	False
ENST00000683659	14.758005	1.025839	1.695111	0.66927207	0.5947826	0.8857079187793583	0.2256417516521698	ENSG00000137073.24	UBAP2	False
ENST00000454349	360.21564	5.122546	5.7918153	0.6692691	0.63175124	0.9002255149083827	0.19945389745628597	ENSG00000100354.22	TNRC6B	False
ENST00000247665	50.51186	2.8261068	3.495223	0.66911626	0.3582276	0.8182605935073269	0.44584094371334304	ENSG00000054148.18	PHPT1	False
ENST00000470116	19.486195	1.5957612	2.2648067	0.66904557	0.3233901	0.8140535395798091	0.49027328416181526	ENSG00000108474.17	PIGL	False
ENST00000677685	64.715965	1.9600054	2.6289911	0.6689857	0.7468175	0.9359070387213771	0.12678549690112953	ENSG00000130816.17	DNMT1	False
ENST00000229634	29.02013	2.2876122	2.9561734	0.6685612	0.5602001	0.8737130051602651	0.2516568217268192	ENSG00000111912.20	NCOA7	False
ENST00000503835	15.491467	1.3342367	2.0027976	0.66856086	0.5215844	0.8613123760021345	0.2826754133383497	ENSG00000152359.15	POC5	False
ENST00000331593	230.32425	5.156246	5.824699	0.66845274	0.17866947	0.8093544299533921	0.7479496567808207	ENSG00000183682.8	BMP8A	False
ENST00000262815	642.7359	6.5523524	7.2206025	0.6682501	0.18812874	0.8093544299533921	0.7255448541344496	ENSG00000129933.21	MAU2	False
ENST00000356442	63.64975	2.895776	3.5639853	0.6682093	0.49930364	0.8548764927378353	0.3016352687863277	ENSG00000115216.14	NRBP1	True
ENST00000598711	11.362291	1.0062472	1.6744405	0.66819334	0.44068205	0.8446156514523803	0.3558746354350914	ENSG00000105447.13	GRWD1	False
ENST00000637537	69.01382	3.2105124	3.878645	0.66813254	0.38569993	0.8244231157420382	0.4137504424227519	ENSG00000102805.16	CLN5	False
ENST00000520960	61.25158	2.6064503	3.2744823	0.66803193	0.4365691	0.8427149638673764	0.35994701185777034	ENSG00000055163.21	CYFIP2	False
ENST00000396879	95.052574	3.8564453	4.5243845	0.6679392	0.106990874	0.8093544299533921	0.9706532655055905	ENSG00000166762.19	CATSPER2	False
ENST00000645007	29.414576	1.2790986	1.946904	0.6678053	0.5572878	0.8728453353828223	0.2539204547687526	ENSG00000257524.6	ENSG00000257524	False
ENST00000332822	70.0296	2.9082317	3.5758169	0.66758513	0.4507577	0.8472077019271466	0.34605683408971627	ENSG00000183691.6	NOG	False
ENST00000354910	13.984337	0.87296873	1.5404084	0.66743964	0.4802158	0.8507787223054524	0.3185635658955224	ENSG00000129055.13	ANAPC13	True
ENST00000497558	255.8392	5.392033	6.0592604	0.66722727	0.09554722	0.8093544299533921	1.0197819371897519	ENSG00000133114.18	GPALPP1	False
ENST00000220751	69.91345	3.3739204	4.0411296	0.66720915	0.5863389	0.8824937645522923	0.23185130861034045	ENSG00000104312.8	RIPK2	False
ENST00000378610	241.86697	5.0261927	5.6933656	0.6671729	0.3433005	0.81719736681995	0.4643255747082286	ENSG00000145996.11	CDKAL1	False
ENST00000675367	67.4	3.3178272	3.9847436	0.6669164	0.4887114	0.8530497344797782	0.31094754184253753	ENSG00000129667.13	RHBDF2	False
ENST00000285679	73.6372	3.5692575	4.236157	0.66689944	0.46136454	0.8481416265840513	0.33595579033015127	ENSG00000155313.16	USP25	False
ENST00000673765	10.261383	1.2256001	1.8924849	0.6668848	0.13611823	0.8093544299533921	0.8660836966228186	ENSG00000119608.15	PROX2	False
ENST00000425018	32.934273	2.216885	2.8837228	0.6668377	0.37296247	0.821138095981004	0.42833486201739124	ENSG00000128159.12	TUBGCP6	False
ENST00000367998	26.100773	1.8871428	2.553979	0.66683614	0.40108505	0.8298121044971967	0.3967635267373453	ENSG00000158850.15	B4GALT3	False
ENST00000688154	143.75581	4.3571	5.023844	0.66674376	0.37553856	0.8222188782484297	0.4253454659404082	ENSG00000140374.17	ETFA	False
ENST00000436636	89.395256	3.8741024	4.540792	0.66668963	0.33981907	0.81719736681995	0.46875224830329115	ENSG00000154310.17	TNIK	False
ENST00000460412	13.873903	1.4634466	2.130129	0.6666825	0.5281385	0.8637495285395624	0.2772521572802387	ENSG00000043093.15	DCUN1D1	False
ENST00000644144	180.1367	4.9345527	5.601168	0.6666155	0.04487683	0.8093544299533921	1.347977839982498	ENSG00000106992.19	AK1	False
ENST00000642071	81.76693	3.2113883	3.8778977	0.6665094	0.68102807	0.9165289327582022	0.16683498859407792	ENSG00000260691.8	ANKRD20A1	False
ENST00000639629	8.9772	0.43343017	1.0997615	0.6663313	0.43328497	0.842654100473947	0.3632263775893781	ENSG00000216937.14	CCDC7	False
ENST00000504668	147.18887	4.2553897	4.921482	0.6660924	0.43888175	0.843416202945035	0.3576524732031697	ENSG00000178950.18	GAK	True
ENST00000512872	6.9900804	0.5722422	1.2382237	0.6659815	0.45116952	0.8472077019271466	0.34566024740052326	ENSG00000145826.9	LECT2	True
ENST00000299952	62.588024	2.94619	3.6119556	0.6657655	0.37195036	0.8205267334844837	0.4295150187716187	ENSG00000140832.11	MARVELD3	False
ENST00000370489	136.18893	4.225717	4.8914437	0.66572666	0.21156369	0.8093544299533921	0.6745588637426512	ENSG00000198018.7	ENTPD7	False
ENST00000613941	20.360966	2.012234	2.6779313	0.66569734	0.19136755	0.8093544299533921	0.7181316993652621	ENSG00000112081.17	SRSF3	False
ENST00000567493	6.511531	0.7270255	1.3926177	0.6655922	0.14861995	0.8093544299533921	0.8279228896724123	ENSG00000213380.16	COG8	False
ENST00000595465	22.758749	1.6241173	2.2894914	0.66537416	0.35614908	0.8175932215882654	0.44836817633384696	ENSG00000011243.19	AKAP8L	False
ENST00000417440	221.18701	4.4526715	5.1180105	0.665339	0.54371655	0.8686161278958618	0.2646274475587389	ENSG00000196954.14	CASP4	False
ENST00000680387	14.527176	1.3749455	2.0400834	0.6651379	0.38481194	0.8242482227560738	0.41475146354651304	ENSG00000100749.9	VRK1	False
ENST00000581400	91.74215	3.7479105	4.4130383	0.66512775	0.11501707	0.8093544299533921	0.939237694864217	ENSG00000141293.16	SKAP1	True
ENST00000566295	55.47641	2.934467	3.5995493	0.6650822	0.27693513	0.8093544299533921	0.5576219487225643	ENSG00000168676.11	KCTD19	True
ENST00000682455	33.21006	1.3875889	2.0525856	0.66499674	0.6542719	0.9077159611397232	0.18424173116584577	ENSG00000135317.14	SNX14	False
ENST00000412272	95.90075	3.3497512	4.0147	0.6649487	0.40754986	0.8319792555329909	0.38981925374547866	ENSG00000148634.16	HERC4	False
ENST00000639284	91.3026	3.945983	4.6108947	0.66491175	0.24409029	0.8093544299533921	0.6124494986279386	ENSG00000113851.16	CRBN	False
ENST00000535113	237.56902	4.9913	5.656168	0.6648679	0.25551382	0.8093544299533921	0.5925856101443744	ENSG00000184949.18	FAM227A	False
ENST00000508471	15.2	1.3591048	2.0237453	0.66464055	0.367006	0.8190534610539798	0.43532683105992864	ENSG00000159733.14	ZFYVE28	False
ENST00000375063	19.172611	1.8757086	2.5402536	0.66454506	0.5403749	0.867777183814941	0.2673048518644836	ENSG00000095383.20	TBC1D2	False
ENST00000527639	9.681378	1.257502	1.9218794	0.66437745	0.38012302	0.8231329589941108	0.4200758299053335	ENSG00000186470.14	BTN3A2	False
ENST00000413543	76.093124	3.428529	4.092881	0.6643522	0.45044363	0.8472077019271466	0.34635955471363655	ENSG00000077684.16	JADE1	False
ENST00000456471	144.94144	3.7542694	4.418544	0.66427445	0.47308832	0.8499990726699249	0.32505777030813265	ENSG00000159322.18	ADPGK	False
ENST00000689330	42.75274	2.6615808	3.3257957	0.66421485	0.327526	0.8142173533113395	0.484754214560022	ENSG00000108094.17	CUL2	False
ENST00000375847	52.59601	1.6059726	2.2699695	0.6639968	0.70290095	0.922182151926897	0.15310587210060314	ENSG00000116138.13	DNAJC16	False
ENST00000343110	93.04046	3.8095005	4.473423	0.66392255	0.18343906	0.8093544299533921	0.7365081812596813	ENSG00000188783.6	PRELP	False
ENST00000682406	11.377274	1.1898981	1.853743	0.6638448	0.23687749	0.8093544299533921	0.6254762145957248	ENSG00000134769.23	DTNA	False
ENST00000330978	7.1153803	0.52292675	1.1867392	0.66381246	0.48419717	0.8524476847822213	0.31497775362982455	ENSG00000183336.9	BOLA2	True
ENST00000706228	37.100697	1.9746605	2.6384015	0.663741	0.4501776	0.8472032355844986	0.346616108912988	ENSG00000165688.14	PMPCA	False
ENST00000297431	11.38814	1.0676559	1.7313945	0.6637386	0.3961336	0.829430883623299	0.4021583174064344	ENSG00000164815.11	ORC5	False
ENST00000647166	34.583366	2.1157756	2.7791352	0.66335964	0.45862627	0.8478742186373767	0.3385410723338581	ENSG00000109670.17	FBXW7	True
ENST00000396703	42.33612	2.625123	3.2884343	0.66331124	0.30839124	0.8118754707110037	0.5108979622536921	ENSG00000182247.11	UBE2E2	False
ENST00000444757	22.271988	1.9595829	2.6224642	0.66288126	0.47932485	0.850532651973061	0.31937005726947804	ENSG00000112473.19	SLC39A7	False
ENST00000395808	53.88374	2.8920572	3.5548553	0.66279817	0.36066967	0.8185482386998197	0.4428903745220726	ENSG00000175221.16	MED16	False
ENST00000554052	35.163128	2.3961456	3.0586882	0.6625426	0.26894632	0.8093544299533921	0.5703343940980847	ENSG00000151327.14	FAM177A1	False
ENST00000377973	33.44585	2.39633	3.0588713	0.66254115	0.28463355	0.8106393935615843	0.5457139150466956	ENSG00000138433.16	CIR1	True
ENST00000514857	46.46926	2.580594	3.2431214	0.6625273	0.30260584	0.8118754707110037	0.5191226982366057	ENSG00000249437.8	NAIP	False
ENST00000382119	14.787176	1.5662884	2.228791	0.66250265	0.31884128	0.8118754707110037	0.496425458018439	ENSG00000205857.2	NANOGNB	True
ENST00000590078	44.503773	1.2315053	1.8939044	0.6623992	0.6475119	0.9056241830737196	0.18875224604635554	ENSG00000108799.13	EZH1	False
ENST00000647833	40.375053	2.4511445	3.113532	0.6623876	0.30675146	0.8118754707110037	0.5132133617790265	ENSG00000175766.13	EIF4E1B	False
ENST00000373027	139.7321	4.300284	4.9623804	0.6620965	0.19915326	0.8093544299533921	0.7008125814145643	ENSG00000204084.14	INPP5B	False
ENST00000491737	930.7051	7.367403	8.029486	0.6620827	0.035449766	0.8093544299533921	1.4503866318248109	ENSG00000125676.20	THOC2	False
ENST00000383165	46.818592	2.596186	3.2580545	0.6618686	0.4250439	0.8384964729269883	0.3715662012255235	ENSG00000206262.9	FOXL2NB	False
ENST00000281543	144.69688	4.2703404	4.93205	0.6617098	0.27731395	0.8093544299533921	0.5570282867615199	ENSG00000151806.14	GUF1	False
ENST00000675873	148.43304	4.577558	5.2392406	0.6616826	0.12025233	0.8093544299533921	0.9199064870812638	ENSG00000132740.10	IGHMBP2	False
ENST00000406921	1661.8379	7.928658	8.590204	0.66154623	0.27076957	0.8093544299533921	0.567400150665641	ENSG00000198399.16	ITSN2	False
ENST00000333486	40.0	2.9157994	3.5769885	0.6611891	0.11464542	0.8093544299533921	0.9406432846307657	ENSG00000182179.13	UBA7	False
ENST00000399139	12.41958	0.9893451	1.6504214	0.6610763	0.39981058	0.8298121044971967	0.3981457149281887	ENSG00000159261.12	CLDN14	False
ENST00000703107	5.283351	0.60735655	1.2682897	0.66093314	0.4774771	0.8504371505934152	0.32104744936669855	ENSG00000103051.21	COG4	False
ENST00000268719	16.597212	1.5762997	2.2370372	0.6607375	0.40125284	0.8298121044971967	0.39658188505431097	ENSG00000141034.10	GID4	False
ENST00000518871	16.581593	1.437755	2.0984647	0.66070974	0.5412531	0.8677958347030249	0.26659961133184856	ENSG00000133943.21	DGLUCY	False
ENST00000548249	399.02307	5.520971	6.18151	0.66053915	0.44622108	0.8459831455694948	0.350449913682155	ENSG00000175203.17	DCTN2	False
ENST00000664217	155.68298	4.659652	5.3201056	0.6604533	0.105973296	0.8093544299533921	0.9748035584947403	ENSG00000006695.12	COX10	False
ENST00000578502	53.345642	2.8752794	3.5355244	0.66024494	0.23931289	0.8093544299533921	0.6210339136491024	ENSG00000141736.14	ERBB2	False
ENST00000470229	14.889978	1.1173596	1.7775908	0.6602311	0.44455993	0.8456860763700531	0.35206968289174456	ENSG00000013374.17	NUB1	False
ENST00000550577	12.115236	1.2867643	1.9468944	0.66013014	0.4427729	0.8455557222610633	0.35381897286509406	ENSG00000182809.11	CRIP2	True
ENST00000479114	29.37887	2.1279082	2.7879949	0.66008663	0.40207306	0.8298121044971967	0.39569502970050563	ENSG00000165209.19	STRBP	False
ENST00000398823	79.88716	3.5030663	4.163144	0.6600778	0.36430153	0.8185742609699567	0.43853900180801875	ENSG00000138036.18	DYNC2LI1	False
ENST00000389617	27.770208	2.4542267	3.114249	0.66002226	0.22043572	0.8093544299533921	0.6567180226504084	ENSG00000172986.13	GXYLT2	False
ENST00000651865	43.799877	2.8680408	3.5279744	0.65993357	0.35664555	0.8176176581231089	0.44776318522305747	ENSG00000140694.18	PARN	False
ENST00000361093	29.033371	2.2819078	2.9417949	0.6598871	0.31986257	0.8121593305743525	0.4950365717600432	ENSG00000159131.17	GART	False
ENST00000366974	40.12125	2.091447	2.7513137	0.6598666	0.5984493	0.8870710539601689	0.2229726440773464	ENSG00000203705.11	TATDN3	False
ENST00000380243	34.662758	2.6646307	3.3243742	0.65974355	0.28299296	0.8102614157364052	0.5482243697608898	ENSG00000205476.9	CCDC85C	False
ENST00000329078	14.5	1.4506911	2.1099553	0.6592642	0.22539224	0.8093544299533921	0.6470610454921268	ENSG00000183018.9	SPNS2	False
ENST00000420747	9.04815	0.84988475	1.5091364	0.6592517	0.19990005	0.8093544299533921	0.6991871059638698	ENSG00000003436.16	TFPI	False
ENST00000312156	561.5	6.135717	6.794724	0.6590071	0.35939687	0.8183252159569281	0.4444257035697668	ENSG00000123405.14	NFE2	False
ENST00000616352	48.760643	2.9657414	3.6245832	0.65884185	0.19729733	0.8093544299533921	0.7048787816788119	ENSG00000278540.5	ACACA	False
ENST00000372797	200.70175	3.8266342	4.485464	0.6588299	0.64071727	0.9030378888992515	0.19333357116693412	ENSG00000131236.18	CAP1	False
ENST00000483930	29.580938	1.6122812	2.2708945	0.6586133	0.5728465	0.8774993431264995	0.24196175706045567	ENSG00000163131.12	CTSS	False
ENST00000402956	37.51167	2.6453035	3.3038783	0.6585748	0.30937323	0.8118754707110037	0.5095172687824248	ENSG00000065357.20	DGKA	False
ENST00000292246	87.22268	3.3463995	4.004898	0.6584985	0.4066661	0.831725697822197	0.3907620291828903	ENSG00000160746.13	ANO10	False
ENST00000674420	6.9638	0.9258658	1.5841885	0.65832263	0.57043296	0.8768692392893742	0.24379538785248692	ENSG00000130119.17	GNL3L	False
ENST00000444303	167.71524	4.4732127	5.131464	0.6582513	0.3204182	0.8125420389446386	0.4942828116485096	ENSG00000133805.16	AMPD3	False
ENST00000413199	32.203884	2.4339988	3.0921159	0.65811706	0.31406108	0.8118754707110037	0.5029858864771767	ENSG00000233701.3	PRR23C	False
ENST00000307635	353.47012	5.721352	6.379427	0.65807486	0.18631122	0.8093544299533921	0.7297610015906589	ENSG00000172000.7	ZNF556	False
ENST00000553362	72.04573	2.9288692	3.5869367	0.65806746	0.46745995	0.8496539504698483	0.33025559462716114	ENSG00000087302.9	RTRAF	False
ENST00000637103	42.99778	2.780884	3.43895	0.65806603	0.3948178	0.8290075231731883	0.4036032765281205	ENSG00000080503.25	SMARCA2	True
ENST00000394095	207.23239	3.3200896	3.9776645	0.6575749	0.7266694	0.930214042416521	0.13866314478870392	ENSG00000138468.16	SENP7	False
ENST00000431660	9.5058155	1.3331789	1.9907235	0.6575446	0.18366116	0.8093544299533921	0.7359826702686839	ENSG00000075142.14	SRI	False
ENST00000703283	190.8635	4.9005647	5.5580926	0.6575279	0.25676805	0.8093544299533921	0.5904590208031234	ENSG00000183495.15	EP400	False
ENST00000442394	35.235996	2.5413733	3.1986985	0.65732527	0.30859435	0.8118754707110037	0.5106120351857765	ENSG00000197448.14	GSTK1	False
ENST00000590211	236.03943	5.2796283	5.93683	0.65720177	0.15232246	0.8093544299533921	0.8172360657875845	ENSG00000126247.11	CAPNS1	True
ENST00000467604	118.79043	4.2868843	4.944021	0.6571369	0.08095455	0.8093544299533921	1.0917587278714451	ENSG00000121578.13	B4GALT4	False
ENST00000367545	1607.9807	8.080814	8.737796	0.65698147	0.16383837	0.8093544299533921	0.7855843770718947	ENSG00000152818.20	UTRN	False
ENST00000257696	27.704922	1.9875845	2.6443248	0.6567403	0.36325473	0.8185742609699567	0.43978872683501974	ENSG00000135245.10	HILPDA	False
ENST00000377713	11.946971	1.4116654	2.0683777	0.6567123	0.29155064	0.8109740254625081	0.5352860064206508	ENSG00000186334.10	SLC36A3	False
ENST00000678762	19.43709	1.5535527	2.2102456	0.65669286	0.27415007	0.8093544299533921	0.5620116333007401	ENSG00000099284.15	MACROH2A2	False
ENST00000671770	18.016832	1.5915745	2.2482574	0.65668285	0.3744563	0.8216366408512873	0.42659887401298896	ENSG00000146143.19	PRIM2	False
ENST00000392350	116.681656	3.3526342	4.0093045	0.65667033	0.7081422	0.9237315579253875	0.14987951126309704	ENSG00000128699.14	ORMDL1	False
ENST00000452621	70.04798	3.3683097	4.024872	0.6565621	0.48664954	0.8529381765683051	0.3127836800812273	ENSG00000117625.14	RCOR3	False
ENST00000551710	46.43257	2.9706357	3.6270735	0.6564379	0.36507738	0.8185742609699567	0.4376150791948416	ENSG00000111596.14	CNOT2	False
ENST00000379858	644.8066	5.940864	6.597098	0.6562338	0.5785926	0.8797442276269066	0.2376271263015513	ENSG00000197579.8	TOPORS	False
ENST00000699581	343.1956	5.5791717	6.235132	0.65596056	0.27218768	0.8093544299533921	0.5651315360999407	ENSG00000081087.16	OSTM1	False
ENST00000295321	762.7809	6.916406	7.572324	0.65591764	0.18691793	0.8093544299533921	0.7283490352077288	ENSG00000163166.15	IWS1	False
ENST00000595811	116.96802	4.057249	4.7130384	0.6557894	0.27593923	0.8093544299533921	0.5591865579847461	ENSG00000183207.15	RUVBL2	True
ENST00000517385	61.31056	3.3906431	4.0463557	0.6557126	0.11754972	0.8093544299533921	0.9297784105232708	ENSG00000085788.14	DDHD2	False
ENST00000303961	17.098185	1.7432947	2.3988976	0.65560293	0.56465095	0.8754680767596784	0.2482199346758398	ENSG00000269858.6	EGLN2	False
ENST00000397797	44366.168	12.510487	13.166067	0.6555805	0.3629861	0.8185742609699567	0.44011001988917275	ENSG00000206172.8	HBA1	True
ENST00000681399	50.24267	2.9615734	3.6171055	0.6555321	0.3523993	0.8172002775093227	0.45296497574136263	ENSG00000124198.10	ARFGEF2	False
ENST00000530128	24.25433	1.7605395	2.4159915	0.655452	0.30832326	0.8118754707110037	0.5109937049243739	ENSG00000205649.9	HTN3	False
ENST00000424307	13.115644	1.0540605	1.7094746	0.6554141	0.4940597	0.8537766521893764	0.3062205593913962	ENSG00000064933.19	PMS1	False
ENST00000586945	7.89814	0.9451261	1.600486	0.6553599	0.39480305	0.8290075231731883	0.40361950400536784	ENSG00000160439.16	RDH13	False
ENST00000373475	91.98742	3.6803377	4.335625	0.6552875	0.23412111	0.8093544299533921	0.6305594180549194	ENSG00000116497.18	S100PBP	False
ENST00000336904	21.586395	1.3069209	1.9620237	0.65510285	0.66208315	0.9104548772915186	0.17908746544661514	ENSG00000145335.17	SNCA	True
ENST00000606389	606.4682	6.52425	7.179233	0.65498304	0.13674863	0.8093544299533921	0.8640770259739275	ENSG00000115977.21	AAK1	False
ENST00000626212	18.733063	1.5847791	2.239605	0.6548258	0.50773203	0.8558786284660064	0.2943654353090021	ENSG00000145388.15	METTL14	True
ENST00000381359	106.4948	3.2287276	3.883349	0.65462136	0.7128419	0.9253601269841094	0.14700676384522657	ENSG00000140264.22	SERF2	False
ENST00000646304	328.11816	4.948412	5.6028714	0.6544595	0.5579018	0.8731262404848221	0.2534422376408721	ENSG00000144747.17	TMF1	False
ENST00000525861	21.420603	1.601349	2.2557635	0.65441453	0.39758298	0.8298121044971967	0.40057221762105194	ENSG00000078124.13	ACER3	False
ENST00000546957	139.46591	4.1482105	4.802359	0.6541486	0.46905452	0.8496539504698483	0.32877667452256426	ENSG00000135392.19	DNAJC14	True
ENST00000468231	45.12119	2.2900846	2.9439847	0.65390015	0.6287495	0.8998400021113475	0.2015223543558631	ENSG00000002016.18	RAD52	True
ENST00000679732	8.381199	1.1528739	1.806754	0.6538801	0.3431599	0.81719736681995	0.4645034496639968	ENSG00000130340.17	SNX9	False
ENST00000626021	77.80793	3.1628716	3.8167076	0.653836	0.4499047	0.8470024537044705	0.34687946017978355	ENSG00000112245.14	PTP4A1	False
ENST00000370651	77.80793	3.1628716	3.8167076	0.653836	0.4499047	0.8470024537044705	0.34687946017978355	ENSG00000285976.4	ENSG00000285976	True
ENST00000457897	23.98531	1.7906108	2.444193	0.6535821	0.43911326	0.843416202945035	0.3574234488883007	ENSG00000206559.8	ZCWPW2	False
ENST00000418664	12.129929	1.185039	1.8384123	0.65337324	0.6311236	0.8999429656150264	0.1998855780312282	ENSG00000096696.17	DSP	False
ENST00000311127	91.157104	3.9049156	4.5582	0.6532843	0.24834286	0.8093544299533921	0.6049483273629351	ENSG00000173706.15	HEG1	False
ENST00000283033	24.179897	2.1051323	2.7583365	0.6532042	0.10731177	0.8093544299533921	0.9693526405256578	ENSG00000153066.13	TXNDC11	False
ENST00000529032	56.10979	2.236332	2.8894725	0.65314054	0.62983364	0.8998400021113475	0.20077414792655782	ENSG00000158636.17	EMSY	False
ENST00000700361	52.087708	2.8231142	3.476186	0.6530719	0.33855474	0.8165573104081602	0.47037110146299543	ENSG00000160223.18	ICOSLG	False
ENST00000481980	28.712688	2.139251	2.7922504	0.6529994	0.30018264	0.811817227206992	0.5226144264506328	ENSG00000139496.18	NUP58	True
ENST00000583355	12.733721	1.6525141	2.3055117	0.6529976	0.27932644	0.8093544299533921	0.5538879553602102	ENSG00000108591.10	DRG2	False
ENST00000588161	24.433636	1.8539572	2.5068724	0.65291524	0.46175233	0.8481416265840513	0.3355909088582604	ENSG00000126254.12	RBM42	False
ENST00000369500	67.19108	2.1645505	2.8174253	0.6528747	0.74756527	0.9359109487048509	0.1263508833603601	ENSG00000173212.5	MAB21L3	False
ENST00000395645	179.55919	4.9046655	5.557443	0.6527777	0.08828229	0.8093544299533921	1.0541264241387853	ENSG00000154025.16	SLC5A10	False
ENST00000409155	48.72802	3.1809645	3.833671	0.6527066	0.0608072	0.8093544299533921	1.216045006403751	ENSG00000148218.16	ALAD	False
ENST00000571456	88.8608	3.5415506	4.19405	0.6524992	0.42184845	0.838029552988072	0.3748435462677688	ENSG00000141252.21	VPS53	True
ENST00000678299	109.7	4.2349906	4.887442	0.6524515	0.040287934	0.8093544299533921	1.39482500040937	ENSG00000144867.13	SRPRB	False
ENST00000368198	23.2	1.7950653	2.4474645	0.6523992	0.3995094	0.8298121044971967	0.3984729976359381	ENSG00000027869.12	SH2D2A	False
ENST00000206423	303.59302	5.5922036	6.244438	0.65223455	0.07106174	0.8093544299533921	1.1483641759193175	ENSG00000091986.16	CCDC80	False
ENST00000416172	37.17438	2.7742407	3.4264064	0.65216565	0.2619902	0.8093544299533921	0.5817149709057063	ENSG00000180357.10	ZNF609	False
ENST00000374525	55.893616	2.648521	3.300675	0.65215397	0.50719243	0.8558786284660064	0.2948272345876821	ENSG00000157654.19	PALM2AKAP2	False
ENST00000356311	116.93974	4.0569177	4.708971	0.65205336	0.1497413	0.8093544299533921	0.8246583807885439	ENSG00000165698.16	SPACA9	False
ENST00000546274	40.812946	2.497324	3.1492207	0.6518967	0.38229725	0.823716002720574	0.4175988286759363	ENSG00000159459.12	UBR1	False
ENST00000398475	118.90891	3.965147	4.617031	0.6518841	0.3701692	0.8196503175243153	0.431599728373939	ENSG00000086730.17	LAT2	False
ENST00000485275	216.57658	4.6055164	5.257156	0.65163946	0.5234326	0.8618517854807809	0.28113922217677334	ENSG00000121931.16	LRIF1	False
ENST00000270112	55.586536	3.2272174	3.8788466	0.6516292	0.33816308	0.8164192321363181	0.47087381237843123	ENSG00000142149.9	HUNK	False
ENST00000696484	77.70885	3.2894857	3.9411116	0.6516259	0.37701932	0.8226842929596185	0.4236363988682524	ENSG00000152223.16	EPG5	False
ENST00000652302	24.8269	1.5615572	2.2131612	0.65160406	0.6854641	0.9173021276178854	0.16401529574652335	ENSG00000134250.21	NOTCH2	True
ENST00000597037	12.282218	1.3167065	1.9682617	0.6515552	0.5342903	0.8660791720879688	0.27222269917621944	ENSG00000196081.10	ZNF724	False
ENST00000328381	22.91546	1.0230223	1.6745164	0.65149415	0.60052556	0.8875914281402532	0.22146850456427716	ENSG00000181481.14	RNF135	False
ENST00000373783	20.85	1.5920144	2.2434912	0.65147674	0.3137171	0.8118754707110037	0.5034618123525275	ENSG00000181915.6	ADO	False
ENST00000710287	20.85	1.5920144	2.2434912	0.65147674	0.3137171	0.8118754707110037	0.5034618123525275	ENSG00000181915.6	ADO	False
ENST00000470495	15.030096	1.2800375	1.9314964	0.65145886	0.5457087	0.8693177891645862	0.26303910972454014	ENSG00000120093.12	HOXB3	False
ENST00000042381	16.212275	1.3781829	2.029295	0.6511121	0.47055236	0.8496539504698483	0.32739204865585625	ENSG00000039523.20	RIPOR1	False
ENST00000378251	385.80222	6.0116143	6.6627216	0.6511073	0.051403593	0.8093544299533921	1.2890065214007485	ENSG00000130764.10	LRRC47	False
ENST00000420796	17.516369	0.9444227	1.5955198	0.65109706	0.56031305	0.8737130051602651	0.25156926557359943	ENSG00000105879.13	CBLL1	False
ENST00000622850	346.59308	5.6373367	6.2882104	0.65087366	0.38332337	0.823835243286134	0.4164347007948934	ENSG00000079459.14	FDFT1	False
ENST00000288937	55.3	3.101044	3.751841	0.6507971	0.27898276	0.8093544299533921	0.5544226358307606	ENSG00000158042.9	MRPL17	False
ENST00000309295	39.80356	2.7519643	3.4025865	0.6506221	0.3622998	0.8185742609699567	0.440931905805492	ENSG00000173442.13	EHBP1L1	False
ENST00000645703	14.71313	1.15787	1.8081088	0.65023875	0.45109302	0.8472077019271466	0.34573389479027195	ENSG00000111913.20	RIPOR2	False
ENST00000396199	22.594454	1.8629466	2.513156	0.6502093	0.35824934	0.8182605935073269	0.44581460529311956	ENSG00000132122.12	SPATA6	False
ENST00000698604	87.230774	3.3612945	4.0114665	0.650172	0.46349376	0.8488943171305734	0.33395610424802447	ENSG00000013375.17	PGM3	False
ENST00000229955	45.024273	2.5962102	3.2463567	0.6501465	0.44551736	0.845708078626981	0.351135367472551	ENSG00000112218.9	GPR63	False
ENST00000606162	66.10908	3.2736528	3.9236584	0.6500056	0.2748407	0.8093544299533921	0.5609189341852686	ENSG00000122378.14	PRXL2A	False
ENST00000536323	80.8867	3.729459	4.379458	0.6499989	0.065160856	0.8093544299533921	1.1860132214472416	ENSG00000141127.15	PRPSAP2	False
ENST00000376943	44.529747	2.7594373	3.409416	0.64997864	0.34112018	0.81719736681995	0.46709258340880666	ENSG00000147118.12	ZNF182	False
ENST00000296214	456.81366	6.026138	6.6761	0.64996195	0.24904959	0.8093544299533921	0.6037141705697092	ENSG00000163875.16	MEAF6	False
ENST00000357183	24.522228	2.1975808	2.847373	0.6497922	0.30692855	0.8118754707110037	0.5129627190551875	ENSG00000164520.12	RAET1E	False
ENST00000319331	18.1	1.22075	1.8705385	0.6497885	0.42555085	0.8388703576585074	0.3710485394733984	ENSG00000175928.6	LRRN1	False
ENST00000392806	26.730648	1.9781351	2.62792	0.6497848	0.26530537	0.8093544299533921	0.5762539592981467	ENSG00000183160.9	TMEM119	False
ENST00000537494	12.68099	1.1916479	1.841348	0.64970016	0.2769832	0.8093544299533921	0.5575465692584699	ENSG00000204323.5	SMIM5	False
ENST00000355011	8.009236	0.9985811	1.6481831	0.649602	0.45902798	0.847884044482156	0.3381608452594646	ENSG00000137948.19	BRDT	False
ENST00000301671	68.3094	3.2876835	3.937206	0.64952254	0.38266927	0.823716002720574	0.41717641205956896	ENSG00000167925.17	GHDC	False
ENST00000600092	79.59801	3.7138653	4.36334	0.6494746	0.33720985	0.8158433703746901	0.4720997472830841	ENSG00000099783.13	HNRNPM	False
ENST00000530529	15.493625	1.7684392	2.4178793	0.64944017	0.23476604	0.8093544299533921	0.6293647324948939	ENSG00000178202.14	POGLUT3	False
ENST00000421239	89.78363	3.8212917	4.470537	0.6492455	0.16994147	0.8093544299533921	0.7697006293344536	ENSG00000258405.11	ZNF578	False
ENST00000370508	54.2	3.0547445	3.7039394	0.64919496	0.4016943	0.8298121044971967	0.396104333206555	ENSG00000120053.12	GOT1	False
ENST00000585031	11.43071	1.2393575	1.8885231	0.64916563	0.3287302	0.8142173533113395	0.4831604016380266	ENSG00000177302.16	TOP3A	False
ENST00000526794	65.118904	3.4412267	4.0901327	0.648906	0.36254314	0.8185742609699567	0.4406403130633295	ENSG00000178105.12	DDX10	False
ENST00000397554	22.102749	1.8979479	2.546708	0.6487602	0.326743	0.8142173533113395	0.4857936988702739	ENSG00000101019.22	UQCC1	False
ENST00000316409	117.98611	3.6318176	4.2804294	0.6486118	0.53508085	0.8663131709202851	0.27158059160496417	ENSG00000176973.8	FAM89B	False
ENST00000557852	349.74384	5.965723	6.614274	0.648551	0.18882105	0.8093544299533921	0.7239495973104607	ENSG00000170776.22	AKAP13	True
ENST00000330173	201.60666	4.5940247	5.242497	0.6484723	0.4881137	0.8529381765683051	0.31147900153344465	ENSG00000171827.11	ZNF570	False
ENST00000299084	41.102577	2.8379564	3.486186	0.6482296	0.2261984	0.8093544299533921	0.6455104617016584	ENSG00000166068.13	SPRED1	False
ENST00000534763	43.31018	2.519394	3.167348	0.647954	0.44407988	0.8455994575468359	0.35253890699657875	ENSG00000173992.9	CCS	False
ENST00000552881	21.355038	1.9687357	2.6166892	0.6479535	0.32992062	0.8142173533113395	0.48159054061272705	ENSG00000196511.15	TPK1	False
ENST00000361835	20.818237	1.8910002	2.5387518	0.6477517	0.1795097	0.8093544299533921	0.7459120804670065	ENSG00000143297.19	FCRL5	False
ENST00000651137	11.033298	1.1760057	1.8235297	0.647524	0.44875497	0.8470024537044705	0.3479907321585915	ENSG00000179262.10	RAD23A	False
ENST00000393077	71.90663	3.3027098	3.9501896	0.6474798	0.42676976	0.8394307451663723	0.36980635805494105	ENSG00000151532.15	VTI1A	False
ENST00000382974	91.7689	3.8637705	4.5112267	0.64745617	0.3406321	0.81719736681995	0.4677144142103667	ENSG00000099917.17	MED15	False
ENST00000456699	43.70113	2.7590315	3.406403	0.64737153	0.41081813	0.8326499284250893	0.38635039884115374	ENSG00000075711.21	DLG1	False
ENST00000372406	5.6439505	0.69275206	1.3401109	0.64735883	0.52172416	0.8614348844550122	0.28255904777089813	ENSG00000148358.21	GPR107	False
ENST00000389672	130.536	4.3122272	4.9595623	0.64733505	0.2742102	0.8093544299533921	0.5619163713253341	ENSG00000080224.18	EPHA6	False
ENST00000463468	30.690777	1.932779	2.5799828	0.6472038	0.38249895	0.823716002720574	0.4173697529584368	ENSG00000108021.22	TASOR2	True
ENST00000355857	85.97778	3.2854462	3.9326415	0.64719534	0.466886	0.8496539504698483	0.3307891358010431	ENSG00000155368.18	DBI	True
ENST00000299300	168.51912	3.9961739	4.6433578	0.6471839	0.5452871	0.8692662506126195	0.2633747981862975	ENSG00000166226.13	CCT2	False
ENST00000373014	869.8688	6.8657475	7.5129294	0.647182	0.3777945	0.8230751633283137	0.4227443641163887	ENSG00000183520.12	UTP11	False
ENST00000672114	14.813275	1.4250011	2.0721695	0.6471684	0.36265188	0.8185742609699567	0.44051006134282383	ENSG00000100997.20	ABHD12	False
ENST00000652389	74.36899	3.4793656	4.126472	0.6471064	0.30575034	0.8118754707110037	0.5146330510307613	ENSG00000183735.11	TBK1	False
ENST00000635206	126.27295	4.1671047	4.8140783	0.6469736	0.21967861	0.8093544299533921	0.6582122269509542	ENSG00000181982.20	CCDC149	False
ENST00000334805	9.121843	1.0052735	1.6519471	0.6466737	0.26553	0.8093544299533921	0.5758864205667792	ENSG00000214530.10	STARD10	False
ENST00000567289	45.360054	2.766248	3.412619	0.6463711	0.2967657	0.8111088466013822	0.5275862742044923	ENSG00000169375.17	SIN3A	False
ENST00000577222	7.0599213	0.8995984	1.5459608	0.64636236	0.19319654	0.8093544299533921	0.714000666719156	ENSG00000130255.13	RPL36	False
ENST00000581312	70.74063	3.5649557	4.2110953	0.6461396	0.1065911	0.8093544299533921	0.972279064036788	ENSG00000264522.6	OTUD7B	False
ENST00000497876	7.3779097	1.20411	1.8499694	0.64585936	0.23483884	0.8093544299533921	0.6292300673245315	ENSG00000131061.15	ZNF341	False
ENST00000388798	96.93344	3.4650097	4.110666	0.6456561	0.4428501	0.8455557222610633	0.35374324025258874	ENSG00000104450.13	SPAG1	False
ENST00000538582	28.058191	1.9176735	2.5632558	0.6455823	0.39385802	0.8285892554089693	0.4046603116313042	ENSG00000121350.16	PYROXD1	False
ENST00000368322	11.73847	0.8303445	1.4756987	0.6453542	0.53271323	0.865635036834895	0.2735065137160621	ENSG00000143622.12	RIT1	False
ENST00000343958	45.704147	2.8156328	3.460897	0.64526415	0.23075543	0.8093544299533921	0.6368480641468227	ENSG00000180263.14	FGD6	False
ENST00000538936	22.836243	1.9152807	2.5604122	0.64513147	0.28683063	0.8109740254625081	0.5423744673208063	ENSG00000185813.11	PCYT2	False
ENST00000454694	20.620117	1.2081155	1.8532242	0.6451087	0.4862224	0.8529381765683051	0.31316504950569396	ENSG00000111325.16	OGFOD2	False
ENST00000303372	36.22057	2.9016602	3.5467317	0.6450715	0.33512855	0.8158433703746901	0.4747885780181288	ENSG00000168778.13	TCTN2	False
ENST00000395132	9.1875	1.0350603	1.6797111	0.6446508	0.3100344	0.8118754707110037	0.5085901241961015	ENSG00000140464.20	PML	False
ENST00000654846	13.371925	1.4483261	2.0928273	0.6445012	0.20178702	0.8093544299533921	0.6951067631067888	ENSG00000078747.17	ITCH	True
ENST00000420166	155.08826	4.9057465	5.5501723	0.64442587	0.019041445	0.8093544299533921	1.7203000949293734	ENSG00000100281.14	HMGXB4	False
ENST00000454497	171.23303	4.8265815	5.4709334	0.64435196	0.015664674	0.8093544299533921	1.8050786293863033	ENSG00000164164.17	OTUD4	False
ENST00000248668	157.23416	4.0660357	4.7103667	0.644331	0.4028258	0.830273436445602	0.39488271897111327	ENSG00000128011.5	LRFN1	False
ENST00000249053	22.41398	1.8028908	2.4472167	0.644326	0.31194884	0.8118754707110037	0.50591663075799	ENSG00000128322.7	IGLL1	False
ENST00000382760	16.317677	1.6025697	2.2466702	0.64410055	0.3629891	0.8185742609699567	0.44010641855010185	ENSG00000100024.15	UPB1	False
ENST00000586834	469.5522	6.2940726	6.937999	0.64392614	0.294805	0.8111088466013822	0.530465169260205	ENSG00000141664.10	ZCCHC2	False
ENST00000345330	26.549702	2.367154	3.0110788	0.64392495	0.19099243	0.8093544299533921	0.7189838460425692	ENSG00000156642.17	NPTN	False
ENST00000638745	64.66623	3.4004323	4.0440936	0.64366126	0.36989075	0.8194459451468774	0.4319265297581437	ENSG00000124155.19	PIGT	False
ENST00000275364	184.7901	5.1181407	5.761776	0.6436353	0.14051992	0.8093544299533921	0.8522621153670747	ENSG00000146535.15	GNA12	False
ENST00000431889	394.1968	6.116081	6.759576	0.6434946	0.16400284	0.8093544299533921	0.7851486425609513	ENSG00000073584.20	SMARCE1	False
ENST00000507089	12.196519	1.3541222	1.9973766	0.6432544	0.37523583	0.8220930881769858	0.4256957038896865	ENSG00000109814.12	UGDH	False
ENST00000616305	171.87473	4.759449	5.402701	0.6432519	0.19189642	0.8093544299533921	0.7169331189744113	ENSG00000274070.2	CASTOR2	False
ENST00000412692	99.7	4.0800743	4.7231174	0.64304304	0.3075259	0.8118754707110037	0.5121182976110854	ENSG00000131149.19	GSE1	False
ENST00000683735	3.24013	0.45863077	1.1014779	0.64284706	0.453376	0.8472077019271466	0.34354147813518665	ENSG00000213614.11	HEXA	True
ENST00000455824	462.81064	6.3653083	7.0080895	0.64278126	0.27350667	0.8093544299533921	0.5630320761832592	ENSG00000100380.15	ST13	False
ENST00000445217	222.60527	4.757443	5.4000154	0.6425724	0.38533255	0.8242780206977225	0.4141642983405498	ENSG00000188227.14	ZNF793	False
ENST00000587228	560.8004	6.61184	7.2543497	0.64250994	0.12808882	0.8093544299533921	0.8924887853765285	ENSG00000186566.13	GPATCH8	True
ENST00000629305	29.319117	1.5750755	2.2175217	0.64244616	0.70804715	0.9237315579253875	0.1499378200180359	ENSG00000204120.16	GIGYF2	False
ENST00000575298	15.1	1.150818	1.7931097	0.64229167	0.45058298	0.8472077019271466	0.34622521596275346	ENSG00000185722.18	ANKFY1	False
ENST00000262374	183.9638	4.9174266	5.5597043	0.6422777	0.037454233	0.8093544299533921	1.42649909707127	ENSG00000033011.14	ALG1	False
ENST00000597391	40.701874	2.4482963	3.0905733	0.642277	0.379025	0.8231329589941108	0.4213321295417565	ENSG00000105732.13	ZNF574	True
ENST00000354241	114.54253	3.8575675	4.4997454	0.6421778	0.25652218	0.8093544299533921	0.5908750802641832	ENSG00000146833.16	TRIM4	False
ENST00000421794	71.985085	3.6181705	4.260185	0.64201427	0.23306574	0.8093544299533921	0.6325215631924641	ENSG00000186919.13	ZACN	False
ENST00000293648	636.504	6.426886	7.068742	0.6418557	0.30542943	0.8118754707110037	0.5150891200085398	ENSG00000171466.10	ZNF562	False
ENST00000540052	96.1	3.5392911	4.1811466	0.6418555	0.46639946	0.8494197755236921	0.33124196011742824	ENSG00000085185.16	BCORL1	False
ENST00000263646	336.2704	5.7743897	6.416206	0.64181614	0.16584621	0.8093544299533921	0.7802944390595895	ENSG00000078902.16	TOLLIP	False
ENST00000423108	11.5	0.99627763	1.6379337	0.6416561	0.3316679	0.8143884579631726	0.4792965589006452	ENSG00000156990.14	RPUSD3	True
ENST00000676617	23.17081	1.5318524	2.173504	0.64165175	0.366281	0.8185742609699567	0.43618560552459745	ENSG00000168615.13	ADAM9	False
ENST00000472870	44.96118	2.6698647	3.3114789	0.6416142	0.27354693	0.8093544299533921	0.5629681483653528	ENSG00000198715.13	GLMP	False
ENST00000589691	125.15873	4.4867244	5.128208	0.6414838	0.018264035	0.8093544299533921	1.738403274899589	ENSG00000167895.16	TMC8	False
ENST00000510092	32.8	1.6125913	2.2540176	0.6414263	0.611117	0.8922290531111089	0.2138756311449533	ENSG00000053900.11	ANAPC4	False
ENST00000644772	27.2	1.9108902	2.5522878	0.6413976	0.3768941	0.8226842929596185	0.4237806764995021	ENSG00000006071.16	ABCC8	False
ENST00000372813	31.7	2.3654141	3.0067663	0.6413522	0.31717262	0.8118754707110037	0.4987043147991623	ENSG00000025772.8	TOMM34	False
ENST00000442677	40.6	2.615692	3.2569227	0.6412308	0.28992358	0.8109740254625081	0.5377164635123284	ENSG00000107736.22	CDH23	False
ENST00000337851	5.2	0.55471635	1.195825	0.64110863	0.35020074	0.81719736681995	0.4556829374759069	ENSG00000170624.14	SGCD	False
ENST00000361278	27.7	2.0195615	2.66065	0.6410885	0.35281497	0.8172002775093227	0.452452993004458	ENSG00000136270.14	TBRG4	False
ENST00000425075	41.423973	2.3461049	2.9871852	0.6410804	0.4916302	0.8537766521893764	0.30836145002977455	ENSG00000031003.11	FAM13B	False
ENST00000529223	848.9152	7.169274	7.810318	0.64104414	0.10009858	0.8093544299533921	0.9995720828559106	ENSG00000147548.17	NSD3	False
ENST00000601736	38.94174	2.1842706	2.8249886	0.640718	0.502277	0.8551707956010974	0.2990566939784474	ENSG00000006015.18	REX1BD	False
ENST00000490612	5.56722	0.7138688	1.3543968	0.640528	0.5640382	0.8750816652701604	0.24869146889020066	ENSG00000204120.16	GIGYF2	True
ENST00000425953	129.89139	4.575229	5.2156777	0.6404486	0.15259369	0.8093544299533921	0.8164634328361345	ENSG00000233757.7	ZNF892	False
ENST00000325590	13.127828	0.91740006	1.557733	0.640333	0.3960521	0.829430883623299	0.40224768802262695	ENSG00000078053.17	AMPH	False
ENST00000317749	18.2	1.2270955	1.8673623	0.6402668	0.47096494	0.8496539504698483	0.3270114232856404	ENSG00000189269.13	DRICH1	False
ENST00000261951	75.96855	3.4326363	4.072881	0.64024496	0.21954344	0.8093544299533921	0.6584795309542704	ENSG00000113300.13	CNOT6	False
ENST00000555640	209.90132	4.9212537	5.561466	0.64021254	0.42096734	0.8376899436219433	0.3757515963356636	ENSG00000165792.18	METTL17	False
ENST00000436427	2641.827	8.72831	9.368431	0.64012146	0.22541034	0.8093544299533921	0.6470261616505557	ENSG00000065978.19	YBX1	False
ENST00000374706	557.7185	5.9535427	6.5936165	0.6400738	0.6243885	0.8979799081555747	0.2045450932869688	ENSG00000108100.18	CCNY	False
ENST00000537914	36.486977	2.3102593	2.9503114	0.6400521	0.36093977	0.8185742609699567	0.44256526161786464	ENSG00000196187.12	TMEM63A	True
ENST00000413272	221.19048	5.150574	5.790209	0.6396346	0.04641292	0.8093544299533921	1.3333611197368358	ENSG00000189233.12	NUGGC	False
ENST00000491768	60.51925	2.1622937	2.8018394	0.6395457	0.6491884	0.9059168869193345	0.18762924941042036	ENSG00000204386.12	NEU1	False
ENST00000426541	46.93149	3.226776	3.8663077	0.63953185	0.18214701	0.8093544299533921	0.739577950675151	ENSG00000131381.12	RBSN	True
ENST00000509564	4.666875	0.5959031	1.235318	0.63941485	0.4680692	0.8496539504698483	0.32968993942615776	ENSG00000073578.18	SDHA	False
ENST00000253577	53.591297	3.1507494	3.789922	0.63917255	0.261531	0.8093544299533921	0.5824768332976686	ENSG00000131269.19	ABCB7	False
ENST00000614918	19.167141	0.9289461	1.5680381	0.639092	0.4785358	0.8504371505934152	0.3200855653690001	ENSG00000214575.10	CPEB1	False
ENST00000204549	339.71823	5.889654	6.5287447	0.63909054	0.040520374	0.8093544299533921	1.392326557661897	ENSG00000090470.15	PDCD7	False
ENST00000512439	114.41203	4.1569896	4.7959332	0.6389437	0.3991884	0.8298121044971967	0.39882208809292935	ENSG00000179909.16	ZNF154	True
ENST00000545394	106.5	4.2709594	4.9096813	0.63872194	0.005024374	0.8093544299533921	2.2989180406901952	ENSG00000129691.16	ASH2L	False
ENST00000040877	40.6	1.9090124	2.5476077	0.6385952	0.52492845	0.8626551557777656	0.27989988827782736	ENSG00000059588.10	TARBP1	False
ENST00000468957	8.808456	1.1725696	1.8111017	0.63853204	0.5016105	0.8548764927378353	0.29963336602677815	ENSG00000112651.12	MRPL2	False
ENST00000446349	74.7416	3.1121037	3.7506108	0.6385071	0.471977	0.8496539504698483	0.32607916870642084	ENSG00000070159.14	PTPN3	False
ENST00000371646	1836.6566	8.433101	9.071254	0.6381531	0.10137245	0.8093544299533921	0.9940800546901274	ENSG00000096384.20	HSP90AB1	False
ENST00000380189	56.215965	3.1604254	3.7984915	0.63806605	0.31694007	0.8118754707110037	0.49902285158979137	ENSG00000139624.14	CERS5	False
ENST00000681524	1257.6664	7.5921826	8.230246	0.63806295	0.12543432	0.8093544299533921	0.9015836058724717	ENSG00000100749.9	VRK1	False
ENST00000468812	420.4851	5.7679524	6.405962	0.63800955	0.49889386	0.8547972620188646	0.3019918435982939	ENSG00000196262.15	PPIA	False
ENST00000169551	75.283104	3.388067	4.025839	0.63777184	0.40777528	0.8320791818024688	0.3895791023512188	ENSG00000075336.12	TIMM21	False
ENST00000290130	33.9	2.5122578	3.1498473	0.63758945	0.31566146	0.8118754707110037	0.5007784388903209	ENSG00000159055.4	MIS18A	False
ENST00000406659	26.5	2.2175295	2.8550518	0.6375222	0.2854203	0.8106393935615843	0.5445151438835278	ENSG00000119772.19	DNMT3A	False
ENST00000261192	69.85092	3.414869	4.0522814	0.6374123	0.35467204	0.8173803121090482	0.4501730415564599	ENSG00000060982.15	BCAT1	False
ENST00000373030	64.7	2.6496115	3.286853	0.6372416	0.5324768	0.865635036834895	0.2736993237055639	ENSG00000101052.13	IFT52	False
ENST00000611621	13.2	1.3801519	2.0172207	0.63706887	0.32397434	0.8142173533113395	0.48948938465900244	ENSG00000275074.2	NUDT18	False
ENST00000619757	91.085724	3.9924424	4.6294627	0.63702035	0.05551711	0.8093544299533921	1.2555731419925127	ENSG00000177374.13	HIC1	False
ENST00000458128	8.590937	1.0310326	1.6679499	0.63691735	0.3864526	0.8245805590791475	0.41290378282405016	ENSG00000226784.3	PGAM4	False
ENST00000514618	117.418625	3.5891411	4.2257576	0.63661647	0.50190526	0.8548764927378353	0.2993782507219933	ENSG00000145416.14	MARCHF1	False
ENST00000289371	1554.2297	8.116971	8.753309	0.63633823	0.07955221	0.8093544299533921	1.0993477461975145	ENSG00000158417.12	EIF5B	False
ENST00000510089	129.80405	4.3681083	5.0044312	0.636323	0.15899478	0.8093544299533921	0.7986171366401629	ENSG00000164180.14	TMEM161B	False
ENST00000391857	7.1112604	0.8972419	1.5335512	0.6363093	0.33766085	0.8159671882845638	0.4715192917719257	ENSG00000142541.18	RPL13A	False
ENST00000366584	610.541	6.1683936	6.8046484	0.6362548	0.60987544	0.8920263818920305	0.21475885512848453	ENSG00000116977.19	LGALS8	False
ENST00000394752	152.9	4.7285457	5.3646836	0.63613796	0.0069916695	0.8093544299533921	2.155419107009959	ENSG00000163935.14	SFMBT1	False
ENST00000449103	35.505795	2.5670717	3.2031672	0.6360955	0.36101258	0.8185742609699567	0.44247766661119053	ENSG00000196576.16	PLXNB2	False
ENST00000265056	8.2	0.9486174	1.5845553	0.63593787	0.42010534	0.8374027596300101	0.37664180003502296	ENSG00000073111.15	MCM2	False
ENST00000558809	29.328854	2.0647042	2.7005503	0.63584614	0.42356747	0.8383801082574476	0.37307739713193555	ENSG00000229474.8	PATL2	True
ENST00000377705	298.0188	5.632505	6.2682285	0.6357236	0.06439485	0.8093544299533921	1.1911488873099045	ENSG00000162408.11	NOL9	False
ENST00000443024	70.66726	2.7499049	3.385372	0.63546705	0.6714495	0.9132738921569098	0.17298665659532675	ENSG00000196305.19	IARS1	False
ENST00000369833	7.262445	0.91442746	1.549463	0.6350356	0.3880258	0.8256479363039856	0.4111394077069098	ENSG00000168765.19	GSTM4	False
ENST00000706141	219.63518	3.8848975	4.5198936	0.6349962	0.7412266	0.9350245071241121	0.13004899585871643	ENSG00000153922.12	CHD1	False
ENST00000366784	25.468391	2.0965855	2.7315047	0.63491917	0.20093386	0.8093544299533921	0.6969468754454915	ENSG00000143772.11	ITPKB	False
ENST00000294702	48.8	2.8146589	3.449569	0.6349101	0.38770622	0.8256304087777617	0.41149723134989824	ENSG00000162676.13	GFI1	False
ENST00000257663	27.9	2.2381642	2.8730733	0.63490915	0.3287753	0.8142173533113395	0.4831008348797584	ENSG00000135211.6	TMEM60	False
ENST00000592173	222.93782	5.228376	5.86325	0.63487387	0.12334058	0.8093544299533921	0.908894024627797	ENSG00000153391.16	INO80C	False
ENST00000291568	137.11063	3.7677097	4.4025764	0.6348667	0.6488641	0.9058007019088778	0.18784625998230498	ENSG00000160213.10	CSTB	True
ENST00000175756	268.59674	5.366077	6.0009184	0.63484144	0.15037867	0.8093544299533921	0.8228137482131185	ENSG00000072135.13	PTPN18	False
ENST00000374298	27.774927	2.3627675	2.9975953	0.63482785	0.32602784	0.8142173533113395	0.48674531279900857	ENSG00000127423.11	AUNIP	False
ENST00000285930	100.3	3.7011988	4.3359995	0.6348007	0.48602465	0.8529381765683051	0.31334170563949715	ENSG00000085662.14	AKR1B1	False
ENST00000265769	85.43147	3.8588746	4.493663	0.6347883	0.15065107	0.8093544299533921	0.8220277866212532	ENSG00000042980.14	ADAM28	False
ENST00000465582	127.44902	3.7296507	4.3644257	0.6347749	0.5841441	0.8819641855083519	0.2334799939449454	ENSG00000106028.11	SSBP1	False
ENST00000345097	2993.839	8.969665	9.604279	0.634614	0.10534425	0.8093544299533921	0.9773891611924542	ENSG00000053254.16	FOXN3	False
ENST00000604957	6.9619436	1.117733	1.7523415	0.6346085	0.35223562	0.8172002775093227	0.4531667337576049	ENSG00000125962.16	ARMCX5	False
ENST00000445776	36.2876	2.457815	3.09226	0.63444495	0.4997843	0.8548764927378353	0.3012173987301686	ENSG00000159352.16	PSMD4	True
ENST00000394729	198.46675	4.4375815	5.0720243	0.6344428	0.5434053	0.8685822893933551	0.26487613454995274	ENSG00000163932.16	PRKCD	False
ENST00000644535	309.9035	4.5755706	5.209872	0.6343012	0.5468558	0.8693177891645862	0.2621271715592203	ENSG00000130703.17	OSBPL2	False
ENST00000476371	19.398518	1.773018	2.4072847	0.63426673	0.30403522	0.8118754707110037	0.5170761089038519	ENSG00000120333.4	MRPS14	False
ENST00000591812	40.251244	2.6845093	3.318592	0.6340828	0.35896513	0.8183252159569281	0.4449477385136668	ENSG00000187994.14	RINL	False
ENST00000367380	50.91648	2.9945695	3.6285439	0.6339743	0.4494807	0.8470024537044705	0.34728893946352146	ENSG00000120265.21	PCMT1	False
ENST00000339363	316.4494	5.058866	5.6928115	0.63394547	0.5846032	0.8819641855083519	0.23313881884701562	ENSG00000156313.15	RPGR	False
ENST00000628752	90.19438	3.5481093	4.1820016	0.6338923	0.4360718	0.842654100473947	0.3604419844293387	ENSG00000198646.14	NCOA6	False
ENST00000419534	34.858448	1.8542261	2.488019	0.6337929	0.58348227	0.881844908962138	0.23397233948925011	ENSG00000134108.14	ARL8B	False
ENST00000512620	111.6757	4.077221	4.7109294	0.6337085	0.5320869	0.865635036834895	0.274017426093793	ENSG00000153113.24	CAST	False
ENST00000315596	127.8297	4.059506	4.6931014	0.63359547	0.3954172	0.8290075231731883	0.4029444287520852	ENSG00000083642.19	PDS5B	False
ENST00000370274	41.0	2.8040552	3.4376273	0.6335721	0.3253145	0.8142173533113395	0.4876965895005125	ENSG00000147383.11	NSDHL	False
ENST00000681879	7.8061395	0.6091802	1.242739	0.63355875	0.43011472	0.840824720967489	0.36641569789040257	ENSG00000066279.19	ASPM	False
ENST00000544748	7.3285475	0.9678726	1.6011848	0.6333122	0.10020256	0.8093544299533921	0.9991211810220967	ENSG00000116833.14	NR5A2	False
ENST00000306052	22.722486	1.8114653	2.44461	0.63314486	0.41994423	0.8374027596300101	0.37680838490372665	ENSG00000157193.18	LRP8	False
ENST00000535902	531.35803	6.091456	6.7244873	0.63303137	0.3698186	0.8194459451468774	0.43201125212878655	ENSG00000111261.14	MANSC1	False
ENST00000533815	95.158844	2.4047687	3.0376313	0.63286257	0.7040358	0.9222985764678387	0.15240524509859313	ENSG00000113303.12	BTNL8	False
ENST00000356986	116.44077	3.8178985	4.4506655	0.63276696	0.5124159	0.8577892264817722	0.29037741471433515	ENSG00000139187.10	KLRG1	True
ENST00000397863	2110.8918	8.144269	8.776875	0.63260555	0.2716954	0.8093544299533921	0.5659177060564938	ENSG00000197971.16	MBP	False
ENST00000429529	21.458138	1.9450744	2.5776453	0.63257086	0.603822	0.8899335403414427	0.21909107281352308	ENSG00000002746.15	HECW1	True
ENST00000578189	15.186127	1.6467868	2.2792373	0.63245046	0.40926623	0.8323007445595858	0.3879940853908594	ENSG00000286219.2	NOTCH2NLC	True
ENST00000268699	7.5702944	0.7616506	1.394078	0.6324274	0.20660615	0.8093544299533921	0.6848567557616952	ENSG00000141013.17	GAS8	False
ENST00000282185	21.434841	1.3323513	1.9646719	0.6323205	0.53887504	0.8673735641566814	0.26851192916708044	ENSG00000152348.16	ATG10	False
ENST00000450619	16.33558	1.6222343	2.25451	0.6322756	0.3507382	0.8172002775093227	0.4550169341801427	ENSG00000105793.16	GTPBP10	False
ENST00000261819	247.74002	5.4532037	6.085425	0.6322212	0.1524923	0.8093544299533921	0.8167520861052704	ENSG00000089053.13	ANAPC5	False
ENST00000361671	202.65291	5.1186676	5.7508874	0.6322198	0.06681522	0.8093544299533921	1.1751245984412901	ENSG00000135040.16	NAA35	False
ENST00000375490	119.40367	3.7778378	4.4100537	0.632216	0.4247171	0.8384964729269883	0.37190025461175014	ENSG00000076053.12	RBM7	True
ENST00000518281	54.418865	2.8676605	3.4997663	0.6321058	0.46281418	0.8485544709786854	0.3345933414042104	ENSG00000173273.17	TNKS	False
ENST00000561667	11.547354	1.040399	1.6723247	0.6319257	0.45195514	0.8472077019271466	0.3449046704430086	ENSG00000187741.16	FANCA	False
ENST00000573320	45.84541	2.5542362	3.1860178	0.6317816	0.5612225	0.8740674714696558	0.2508649308873259	ENSG00000185359.14	HGS	True
ENST00000475359	13.165749	1.3409538	1.9724193	0.63146544	0.40885717	0.8323007445595858	0.3884283851929462	ENSG00000204120.16	GIGYF2	True
ENST00000696949	245.47493	5.2861624	5.9175987	0.63143635	0.15271112	0.8093544299533921	0.8161293284927822	ENSG00000128908.19	INO80	False
ENST00000394600	108.32939	3.5927439	4.2241282	0.6313844	0.47144622	0.8496539504698483	0.3265678456212958	ENSG00000085760.15	MTIF2	False
ENST00000541638	220.79263	4.775064	5.4062023	0.6311383	0.4591897	0.847884044482156	0.33800784978437326	ENSG00000067221.14	STOML1	False
ENST00000526995	137.6407	4.540532	5.1715884	0.6310563	0.10368983	0.8093544299533921	0.984263850010718	ENSG00000175104.15	TRAF6	False
ENST00000649717	180.59186	4.3423424	4.973381	0.63103867	0.5334984	0.8656930641736459	0.27286687349964756	ENSG00000159023.23	EPB41	False
ENST00000510726	50.3301	3.0014312	3.6323838	0.6309526	0.23488784	0.8093544299533921	0.6291394688260165	ENSG00000177311.12	ZBTB38	False
ENST00000369603	316.93207	5.5398726	6.170788	0.63091516	0.06775953	0.8093544299533921	1.1690296230332966	ENSG00000119953.14	SMNDC1	False
ENST00000483386	15.866544	1.377947	2.0086546	0.6307076	0.25354943	0.8093544299533921	0.5959373669361102	ENSG00000176273.15	SLC35G1	False
ENST00000538714	233.89551	5.313643	5.9443145	0.6306715	0.15607606	0.8093544299533921	0.8066637103404914	ENSG00000052126.17	PLEKHA5	False
ENST00000258455	39.858692	2.4848607	3.1154675	0.6306069	0.5219917	0.8615368600257558	0.2823363777608212	ENSG00000135972.9	MRPS9	False
ENST00000289228	84.1	3.7771838	4.4076385	0.6304548	0.21484675	0.8093544299533921	0.6678712213671446	ENSG00000115073.8	ACTR1B	False
ENST00000313486	730.517	6.819114	7.4494667	0.6303525	0.10681522	0.8093544299533921	0.9713668650558215	ENSG00000174238.16	PITPNA	False
ENST00000245543	13.132589	1.2795578	1.9096944	0.6301366	0.27765664	0.8093544299533921	0.556491928994609	ENSG00000125449.7	ARMC7	False
ENST00000611884	64.07131	3.2729557	3.9030507	0.630095	0.14506328	0.8093544299533921	0.8384425038367795	ENSG00000174891.14	RSRC1	False
ENST00000699333	120.78192	4.2820897	4.91205	0.62996006	0.30153883	0.8118754707110037	0.5206567617561929	ENSG00000251369.10	ZNF550	False
ENST00000337508	83.66521	3.6747608	4.304663	0.62990236	0.17129716	0.8093544299533921	0.7662498302802885	ENSG00000053702.15	NRIP2	False
ENST00000431567	151.92082	4.618014	5.2479043	0.62989044	0.21526021	0.8093544299533921	0.6670362451134265	ENSG00000155066.16	PROM2	False
ENST00000270747	10.8	1.3520409	1.9819112	0.6298703	0.1613255	0.8093544299533921	0.7922969817731965	ENSG00000142632.17	ARHGEF19	False
ENST00000394904	12.1857815	0.7416992	1.3714654	0.6297662	0.52761155	0.8634658483303307	0.2776857028153185	ENSG00000110911.17	SLC11A2	False
ENST00000434143	7.480006	1.1577764	1.7874743	0.6296979	0.34997818	0.81719736681995	0.4559590332166929	ENSG00000161267.12	BDH1	False
ENST00000526092	172.76201	4.4282928	5.057819	0.62952614	0.42067158	0.837574130271926	0.37605682504274135	ENSG00000130270.16	ATP8B3	False
ENST00000672817	10.824135	0.6299409	1.2593949	0.62945396	0.5010394	0.8548764927378353	0.3001281336908858	ENSG00000138190.17	EXOC6	False
ENST00000373202	175.54556	4.904256	5.5337048	0.6294489	0.07273238	0.8093544299533921	1.1382721918151388	ENSG00000166224.18	SGPL1	False
ENST00000627802	6.7318406	0.644878	1.2742627	0.6293847	0.49482468	0.8537766521893764	0.3055486495356647	ENSG00000104129.10	DNAJC17	False
ENST00000597370	12.8962755	1.4831771	2.1123977	0.6292206	0.24490929	0.8093544299533921	0.6109947469340127	ENSG00000161558.11	TMEM143	False
ENST00000469023	34.442593	2.5948946	3.224098	0.6292033	0.3359917	0.8158433703746901	0.47367143737605155	ENSG00000132681.17	ATP1A4	False
ENST00000375180	23.436787	2.2388961	2.8680854	0.62918925	0.50454295	0.855803731079597	0.2971018606041815	ENSG00000184083.12	FAM120C	False
ENST00000679587	7.033539	0.7546668	1.383668	0.62900114	0.5713026	0.8771043619672497	0.2431338049673556	ENSG00000169379.17	ARL13B	False
ENST00000613151	516.75183	6.388842	7.017823	0.6289811	0.22709478	0.8093544299533921	0.6437928399829446	ENSG00000047410.14	TPR	False
ENST00000582611	29.442974	2.0061853	2.6351447	0.6289594	0.59672534	0.8865304657230172	0.22422551601660767	ENSG00000108599.15	AKAP10	False
ENST00000591537	573.2284	6.0961685	6.725071	0.62890244	0.23869681	0.8093544299533921	0.622153378447767	ENSG00000196263.8	ZNF471	False
ENST00000475435	64.84473	3.1829116	3.8117466	0.62883496	0.44727245	0.8459831455694948	0.3494278518786104	ENSG00000132879.14	FBXO44	True
ENST00000354618	629.4132	6.4628487	7.0915647	0.628716	0.28852192	0.8109740254625081	0.5398211929245877	ENSG00000054118.15	THRAP3	False
ENST00000588412	49.691578	2.9716184	3.600319	0.6287005	0.65235376	0.9066856165319152	0.18551682772605685	ENSG00000082805.21	ERC1	False
ENST00000600293	12.718756	1.1199064	1.7485349	0.6286285	0.31997705	0.8121593305743525	0.4948811765604177	ENSG00000161652.13	IZUMO2	False
ENST00000362011	79.3	3.7940881	4.4226894	0.6286013	0.37804186	0.8230751633283137	0.4224601047793827	ENSG00000198892.7	SHISA4	False
ENST00000396594	92.01643	3.9411707	4.569682	0.6285114	0.1755665	0.8093544299533921	0.7555583623332746	ENSG00000159921.20	GNE	False
ENST00000261015	244.45193	5.3121433	5.9405694	0.6284261	0.089873604	0.8093544299533921	1.0463678401181757	ENSG00000138442.11	WDR12	False
ENST00000481530	45.090813	2.92074	3.5491238	0.6283839	0.31361577	0.8118754707110037	0.5036021083545426	ENSG00000163507.15	CIP2A	True
ENST00000496930	480.581	5.427466	6.0557923	0.6283264	0.51113486	0.8572790927468692	0.2914644961751993	ENSG00000176681.15	LRRC37A	False
ENST00000357081	452.80313	5.155416	5.783523	0.6281071	0.60326576	0.88967985336156	0.2194913218798159	ENSG00000135049.16	AGTPBP1	False
ENST00000379328	523.5	6.481898	7.1100044	0.6281066	0.050228845	0.8093544299533921	1.2990468053841833	ENSG00000107485.18	GATA3	False
ENST00000376980	301.0309	5.7379627	6.3658676	0.6279049	0.08773462	0.8093544299533921	1.0568290140125514	ENSG00000136770.11	DNAJC1	False
ENST00000267260	16.787285	1.4289435	2.056571	0.6276275	0.26865202	0.8093544299533921	0.570809886566872	ENSG00000139767.10	SRRM4	False
ENST00000628067	14.4	1.6690736	2.2966673	0.62759376	0.23644651	0.8093544299533921	0.6262670831988129	ENSG00000177542.11	SLC25A22	False
ENST00000376874	131.72253	4.2871585	4.9146166	0.6274581	0.29087737	0.8109740254625081	0.5362900621365158	ENSG00000188026.13	RILPL1	False
ENST00000507384	36.2	2.5752585	3.2025728	0.6273143	0.3660553	0.8185742609699567	0.43645328915703807	ENSG00000131446.17	MGAT1	False
ENST00000492450	25.620998	1.695281	2.3225389	0.6272578	0.40310544	0.8303139210724039	0.39458134332222594	ENSG00000197841.15	ZNF181	False
ENST00000354650	1008.80096	7.4727283	8.099801	0.6270728	0.031988986	0.8093544299533921	1.4949995283620012	ENSG00000010810.18	FYN	False
ENST00000300651	681.692	6.802874	7.429785	0.6269107	0.10023072	0.8093544299533921	0.9989991342256193	ENSG00000125686.12	MED1	False
ENST00000593437	56.401875	2.6998212	3.3267205	0.62689924	0.6147042	0.8936063025630898	0.21133382540307577	ENSG00000142227.11	EMP3	False
ENST00000483704	22.8	2.1429331	2.7698207	0.62688756	0.34633282	0.81719736681995	0.4605063530415435	ENSG00000205309.14	NT5M	True
ENST00000281017	128.87483	3.9746523	4.6014895	0.62683725	0.5130642	0.8578599976407133	0.28982828320556697	ENSG00000151353.15	TMEM18	False
ENST00000674794	86.59274	3.6285963	4.2552037	0.6266074	0.3099553	0.8118754707110037	0.50870093468385	ENSG00000185344.15	ATP6V0A2	True
ENST00000711098	413.1539	6.05683	6.683189	0.626359	0.1477193	0.8093544299533921	0.8305627771465697	ENSG00000197312.13	DDI2	False
ENST00000540418	10.249653	0.71051365	1.3367939	0.62628025	0.5863387	0.8824937645522923	0.23185144105579097	ENSG00000111554.15	MDM1	False
ENST00000714187	43.58737	2.7810566	3.4072804	0.6262238	0.46348283	0.8488943171305734	0.3339663527812271	ENSG00000091972.19	CD200	True
ENST00000344683	92.026985	4.0304775	4.6566343	0.6261568	0.19463833	0.8093544299533921	0.710771637535103	ENSG00000147316.15	MCPH1	False
ENST00000678010	159.59409	4.5324726	5.1584	0.62592745	0.5693771	0.8766690123164264	0.2445999853550408	ENSG00000173540.14	GMPPB	False
ENST00000261531	71.85444	2.4241626	3.0500672	0.62590456	0.66356957	0.9108073128400928	0.17811353835467597	ENSG00000100603.14	SNW1	False
ENST00000482041	35.2	2.0848753	2.7107234	0.62584805	0.47202107	0.8496539504698483	0.3260386121116032	ENSG00000135249.8	RINT1	False
ENST00000367580	213.5938	5.0424333	5.6682763	0.62584305	0.18069077	0.8093544299533921	0.7430640424950591	ENSG00000153029.16	MR1	False
ENST00000523241	173.64328	4.8780847	5.503884	0.6257992	0.27383378	0.8093544299533921	0.5625129761957838	ENSG00000196092.14	PAX5	False
ENST00000621332	302.46863	5.741256	6.366683	0.62542677	0.033048365	0.8093544299533921	1.4808500179904942	ENSG00000275023.5	MLLT6	False
ENST00000309415	24.2	1.9737645	2.5991836	0.625419	0.31761894	0.8118754707110037	0.49809361302844307	ENSG00000172985.11	SH3RF3	False
ENST00000481939	24.305912	2.166855	2.7922173	0.62536216	0.34008536	0.81719736681995	0.46841206646566885	ENSG00000091127.14	PUS7	False
ENST00000524775	11.953381	1.146613	1.7719452	0.62533224	0.5599289	0.8736417902867227	0.25186712100359715	ENSG00000176102.13	CSTF3	True
ENST00000463777	17.333317	1.0109111	1.6357534	0.6248423	0.6078006	0.8907962838808695	0.21623887345381054	ENSG00000188313.13	PLSCR1	True
ENST00000528634	6.1021852	0.65879273	1.2835722	0.62477946	0.5138244	0.858410482638302	0.2891852734430382	ENSG00000110696.10	C11orf58	False
ENST00000355522	61.44526	3.2133539	3.8380814	0.6247275	0.40723848	0.831725697822197	0.39015118855162284	ENSG00000198535.5	C2CD4A	False
ENST00000650969	23.892036	2.0912256	2.715934	0.6247084	0.3709157	0.8199748637125035	0.43072477081270905	ENSG00000286239.1	ENSG00000286239	False
ENST00000714530	7.548777	1.1674066	1.7920911	0.6246846	0.5582911	0.8731262404848221	0.25313931281595514	ENSG00000145901.17	TNIP1	False
ENST00000569591	9.1	1.0100143	1.6345222	0.6245079	0.2534007	0.8093544299533921	0.5961921671135615	ENSG00000260314.3	MRC1	False
ENST00000652253	287.55078	5.6355195	6.260013	0.6244936	0.113788694	0.8093544299533921	0.9439008865797899	ENSG00000101882.10	NKAP	False
ENST00000670598	6.7234373	0.75108504	1.3755289	0.6244439	0.47168335	0.8496539504698483	0.32634945075702343	ENSG00000113712.19	CSNK1A1	False
ENST00000376854	22.4	1.9807692	2.6051056	0.6243365	0.42366838	0.8384024579381989	0.3729739431901804	ENSG00000135045.7	C9orf40	False
ENST00000379177	14.668997	1.395156	2.0194774	0.62432134	0.548113	0.8693177891645862	0.2611299064574907	ENSG00000005889.16	ZFX	False
ENST00000334241	139.37474	4.368951	4.993023	0.6240721	0.23825021	0.8093544299533921	0.6229667062845347	ENSG00000186300.12	ZNF555	False
ENST00000683292	56.89441	3.0645149	3.6885507	0.62403584	0.40579972	0.8312293045789577	0.39168826048373045	ENSG00000106462.12	EZH2	False
ENST00000463624	464.24472	5.5677547	6.191783	0.6240282	0.64871615	0.9058007019088778	0.18794528888481998	ENSG00000164091.12	WDR82	False
ENST00000417478	28.119678	1.994317	2.6182845	0.6239674	0.4815257	0.8508696399096464	0.3173805383396718	ENSG00000018189.13	RUFY3	False
ENST00000558855	20.220251	1.3995608	2.0233438	0.623783	0.44054747	0.8446156514523803	0.35600729217345245	ENSG00000104142.11	VPS18	True
ENST00000416985	13.234799	1.3134679	1.9370441	0.6235763	0.5095363	0.8566665741098184	0.292824848773844	ENSG00000011275.19	RNF216	False
ENST00000644371	1281.453	7.2422485	7.8654513	0.6232028	0.3787958	0.8231329589941108	0.42159484202541075	ENSG00000011198.10	ABHD5	False
ENST00000252512	102.6	4.14101	4.76401	0.62300014	0.2757422	0.8093544299533921	0.5594967590080343	ENSG00000130227.17	XPO7	False
ENST00000478286	41.552223	2.0598054	2.6826947	0.6228893	0.52683216	0.8628966334781174	0.27832771903289355	ENSG00000122417.16	ODF2L	True
ENST00000427358	128.0726	4.4406567	5.063534	0.6228771	0.1175435	0.8093544299533921	0.9298013683285696	ENSG00000180185.13	FAHD1	False
ENST00000678286	14.595535	1.2640153	1.8867836	0.6227683	0.23397428	0.8093544299533921	0.6308318842493905	ENSG00000082701.17	GSK3B	False
ENST00000251372	247.15764	5.1668096	5.789545	0.6227355	0.15193914	0.8093544299533921	0.8183303396169501	ENSG00000104974.12	LILRA1	False
ENST00000242728	11.9	1.4295324	2.0521793	0.6226469	0.31087625	0.8118754707110037	0.5074124550940071	ENSG00000123095.6	BHLHE41	False
ENST00000649490	45.45785	2.8455474	3.468122	0.62257457	0.3278154	0.8142173533113395	0.48437063029638794	ENSG00000149257.16	SERPINH1	False
ENST00000240364	45.037712	3.0082505	3.6301236	0.62187314	0.29533288	0.8111088466013822	0.5296882011936354	ENSG00000121104.8	FAM117A	False
ENST00000438313	136.15866	3.7460518	4.367741	0.6216893	0.7394773	0.9345775597603275	0.13107516678013517	ENSG00000138795.10	LEF1	False
ENST00000648911	25.509472	1.514135	2.1356897	0.62155473	0.59807384	0.8869755502331795	0.223245193292201	ENSG00000149557.14	FEZ1	False
ENST00000323929	537.4125	6.243645	6.864992	0.62134695	0.24858885	0.8093544299533921	0.6045183632468134	ENSG00000020922.13	MRE11	False
ENST00000342620	63.269432	3.432315	4.0536323	0.62131715	0.34971485	0.81719736681995	0.45628593146920216	ENSG00000138835.24	RGS3	False
ENST00000331222	196.33142	4.7255993	5.346897	0.62129784	0.42822728	0.8406951956600023	0.3683256741045351	ENSG00000182372.10	CLN8	False
ENST00000575707	60.20457	3.2134526	3.8347101	0.62125754	0.4467118	0.8459831455694948	0.3499725671747191	ENSG00000126602.11	TRAP1	False
ENST00000346246	47.351196	2.703865	3.324833	0.62096786	0.41305435	0.8335697861454682	0.3839928029052953	ENSG00000179361.18	ARID3B	True
ENST00000405198	213.17154	5.1005692	5.7215157	0.6209464	0.22152486	0.8093544299533921	0.6545775205426919	ENSG00000100280.17	AP1B1	False
ENST00000432560	213.17154	5.1005692	5.7215157	0.6209464	0.22152486	0.8093544299533921	0.6545775205426919	ENSG00000100280.17	AP1B1	False
ENST00000399613	51.046227	3.1613302	3.7821136	0.6207833	0.44430378	0.8455994575468359	0.3523199911231903	ENSG00000152520.14	PAN3	False
ENST00000525208	56.5093	2.7729511	3.3937078	0.6207566	0.44377866	0.8455994575468359	0.3528335817450117	ENSG00000104518.11	GSDMD	False
ENST00000567367	119.67855	4.4287457	5.0494385	0.62069273	0.06497675	0.8093544299533921	1.1872420028818553	ENSG00000103550.14	KNOP1	False
ENST00000595766	19.057106	1.7051487	2.3258102	0.6206615	0.336567	0.8158433703746901	0.47292844968460485	ENSG00000196466.10	ZNF799	True
ENST00000264664	50.80968	3.0245552	3.6452048	0.6206496	0.33683515	0.8158433703746901	0.4725825997854029	ENSG00000070193.5	FGF10	False
ENST00000678879	473.96857	5.6898036	6.310422	0.62061834	0.63288254	0.9007526731184061	0.1986768886184524	ENSG00000162923.18	WDR26	False
ENST00000366923	289.766	5.612814	6.2334285	0.6206145	0.10358228	0.8093544299533921	0.984714542575457	ENSG00000136628.18	EPRS1	False
ENST00000289316	24.58567	1.8544827	2.4750652	0.6205826	0.47079355	0.8496539504698483	0.32716950012598417	ENSG00000158373.9	H2BC5	False
ENST00000492987	42.161034	2.6062024	3.2264526	0.6202502	0.35059538	0.8172002775093227	0.45519380516568386	ENSG00000116539.14	ASH1L	False
ENST00000508775	312.38623	5.3314586	5.951668	0.6202092	0.3888134	0.8259378738446596	0.41025876907778513	ENSG00000026297.17	RNASET2	False
ENST00000323019	63.486977	3.2668982	3.8870797	0.62018156	0.31239003	0.8118754707110037	0.5053028359742047	ENSG00000177427.13	MIEF2	False
ENST00000420341	73.094696	3.2166355	3.8366094	0.6199739	0.42925045	0.840824720967489	0.36728924194919743	ENSG00000135926.15	TMBIM1	False
ENST00000338316	13.059931	1.4133816	2.033316	0.6199343	0.31775466	0.8118754707110037	0.4979080769864284	ENSG00000078295.17	ADCY2	False
ENST00000479764	42.657738	2.7026062	3.3224897	0.61988354	0.40489239	0.8310603061091208	0.39266039112734996	ENSG00000143450.19	OAZ3	True
ENST00000373116	50.1	2.8629196	3.482712	0.61979246	0.40344432	0.8303154186824399	0.39421639452608437	ENSG00000116898.12	MRPS15	False
ENST00000498286	952.21045	7.0828385	7.7025514	0.6197128	0.19690254	0.8093544299533921	0.7057486742286648	ENSG00000135297.17	MTO1	False
ENST00000475179	68.73625	3.3759782	3.9956155	0.61963725	0.31351095	0.8118754707110037	0.503747279893276	ENSG00000203326.12	ZNF525	True
ENST00000247226	1022.8236	7.1357274	7.7553215	0.6195941	0.28779522	0.8109740254625081	0.5409164298203296	ENSG00000126822.18	PLEKHG3	False
ENST00000680072	38.63352	1.4468738	2.0662398	0.61936605	0.7148262	0.9259359362044772	0.1457995220590177	ENSG00000127914.19	AKAP9	False
ENST00000543605	84.116325	3.6127205	4.2320185	0.619298	0.3471808	0.81719736681995	0.45944428349321165	ENSG00000080189.15	SLC35C2	False
ENST00000433972	28.819757	2.2188206	2.83788	0.6190593	0.43354005	0.842654100473947	0.3629707804324058	ENSG00000156990.14	RPUSD3	False
ENST00000411650	77.59353	3.5370026	4.156022	0.6190195	0.27552512	0.8093544299533921	0.5598387952473514	ENSG00000153560.12	UBP1	True
ENST00000680674	14.957626	1.7131063	2.332045	0.6189388	0.39042386	0.826726746085921	0.40846364453614614	ENSG00000186868.18	MAPT	False
ENST00000679129	27.296818	2.1739469	2.792765	0.61881804	0.33277893	0.8148546909488805	0.4778441781325056	ENSG00000168280.18	KIF5C	False
ENST00000410049	87.317184	3.6501043	4.2686834	0.61857915	0.3172708	0.8118754707110037	0.4985699160804987	ENSG00000135974.10	C2orf49	False
ENST00000373816	409.5945	6.104023	6.7225046	0.61848164	0.06281007	0.8093544299533921	1.2019707169677074	ENSG00000162419.13	GMEB1	False
ENST00000650997	83.64874	3.6221228	4.240554	0.6184311	0.2702604	0.8093544299533921	0.5682175950441662	ENSG00000183735.11	TBK1	False
ENST00000405617	53.490074	3.2616444	3.8799343	0.61828995	0.1413347	0.8093544299533921	0.8497512059634347	ENSG00000219607.4	PPP1R3G	False
ENST00000379380	1038.2415	7.3402047	7.958271	0.6180663	0.06104571	0.8093544299533921	1.2143448508004093	ENSG00000186687.16	LYRM7	False
ENST00000291572	507.08276	6.4407024	7.058555	0.6178527	0.052865587	0.8093544299533921	1.2768269397476733	ENSG00000160216.21	AGPAT3	False
ENST00000475153	103.27385	4.098083	4.715872	0.6177888	0.15119117	0.8093544299533921	0.8204735578269727	ENSG00000197024.9	ZNF398	False
ENST00000409394	51.74295	2.1023164	2.7199688	0.6176524	0.65453786	0.9078421300177295	0.18406523004854713	ENSG00000135930.15	EIF4E2	False
ENST00000335606	37.313164	2.2821665	2.8997636	0.6175971	0.48249662	0.8514557166319144	0.3165057253404313	ENSG00000242110.9	AMACR	False
ENST00000618847	130.14706	4.3886733	5.0062184	0.6175451	0.3146849	0.8118754707110037	0.5021240992214618	ENSG00000154080.14	CHST9	False
ENST00000635248	26.764297	2.2444944	2.86176	0.61726546	0.25228512	0.8093544299533921	0.5981083588576013	ENSG00000152061.24	RABGAP1L	False
ENST00000649156	56.6	2.9967816	3.6136131	0.61683154	0.45418927	0.8472077019271466	0.3427631292878243	ENSG00000151611.17	MMAA	False
ENST00000542393	368.7201	5.773121	6.3898287	0.6167078	0.46638578	0.8494197755236921	0.33125469794701157	ENSG00000100325.15	ASCC2	False
ENST00000652051	61.653107	3.2554047	3.8720794	0.61667466	0.28396177	0.8103610639894862	0.5467401209666574	ENSG00000140694.18	PARN	False
ENST00000565442	104.40755	4.1843133	4.800892	0.6165786	0.30063906	0.8118754707110037	0.5219545906313113	ENSG00000177200.18	CHD9	False
ENST00000492996	307.98657	5.5053687	6.1218257	0.616457	0.16354348	0.8093544299533921	0.7863667714727325	ENSG00000148634.16	HERC4	False
ENST00000345093	315.33017	5.4104486	6.0268	0.6163516	0.2538028	0.8093544299533921	0.595503580492131	ENSG00000181852.18	RNF41	False
ENST00000389993	207.7008	5.1842294	5.800578	0.61634874	0.20937319	0.8093544299533921	0.6790789279416231	ENSG00000068878.15	PSME4	False
ENST00000650311	72.975296	3.3426893	3.958951	0.6162617	0.3793239	0.8231329589941108	0.4209897932033863	ENSG00000156795.8	NTAQ1	False
ENST00000610552	13.6069	1.6383387	2.2545533	0.61621463	0.2541728	0.8093544299533921	0.5948709234345556	ENSG00000136856.18	SLC2A8	False
ENST00000641669	75.30591	3.497743	4.1137834	0.61604047	0.29852545	0.8111088466013822	0.5250186345229269	ENSG00000174667.4	OR7D4	False
ENST00000337554	24.19553	1.8817624	2.4977608	0.6159984	0.4545663	0.8473426594424552	0.34240276461485275	ENSG00000100300.18	TSPO	False
ENST00000402508	68.51532	2.152797	2.7687418	0.61594486	0.6391724	0.9030065409848047	0.1943820033381718	ENSG00000138081.22	FBXO11	False
ENST00000356128	58.1	3.1926088	3.8084798	0.61587095	0.45279503	0.8472077019271466	0.34409834998644295	ENSG00000173626.10	TRAPPC3L	False
ENST00000254436	9.04019	1.0014592	1.6172433	0.61578405	0.4985407	0.8546366691640166	0.30229938130634393	ENSG00000132109.10	TRIM21	False
ENST00000693604	22.680042	1.8120404	2.4277704	0.6157299	0.277462	0.8093544299533921	0.5567964787804559	ENSG00000137601.18	NEK1	False
ENST00000381524	116.488914	4.059644	4.6752796	0.6156354	0.31918958	0.8118754707110037	0.4959512970298581	ENSG00000198223.18	CSF2RA	False
ENST00000711137	116.488914	4.059644	4.6752796	0.6156354	0.31918958	0.8118754707110037	0.4959512970298581	ENSG00000292357.1	CSF2RA	False
ENST00000621781	368.6985	6.0023065	6.617862	0.61555576	0.06519112	0.8093544299533921	1.185811558210531	ENSG00000126067.12	PSMB2	False
ENST00000436233	666.20245	6.7130284	7.328321	0.61529255	0.10103741	0.8093544299533921	0.9955177826578006	ENSG00000129657.16	SEC14L1	False
ENST00000525073	77.666794	2.9640129	3.5791984	0.6151855	0.5353663	0.8664446928154447	0.2713489726864755	ENSG00000064687.13	ABCA7	False
ENST00000360465	38.369865	2.4872782	3.1021142	0.614836	0.34383175	0.81719736681995	0.46365402513330267	ENSG00000167555.14	ZNF528	True
ENST00000369604	18.56467	2.094508	2.7091036	0.61459565	0.24585754	0.8093544299533921	0.6093164738194804	ENSG00000116793.16	PHTF1	False
ENST00000276520	816.4411	6.956962	7.571492	0.6145301	0.15716848	0.8093544299533921	0.8036345530912088	ENSG00000147526.20	TACC1	False
ENST00000703203	40.366158	2.4769943	3.0914154	0.6144211	0.35360077	0.8173803121090482	0.4514867976508403	ENSG00000117682.18	DHDDS	True
ENST00000360565	13.910541	1.4062678	2.0205035	0.61423576	0.34302223	0.81719736681995	0.46467773746318713	ENSG00000126461.15	SCAF1	False
ENST00000367725	43.1	2.8444283	3.4586418	0.61421347	0.46066123	0.8481416265840513	0.33661833481080833	ENSG00000180999.11	C1orf105	False
ENST00000409185	65.0	3.3893602	4.0035553	0.6141951	0.062942386	0.8093544299533921	1.201056800265962	ENSG00000152102.18	FAM168B	False
ENST00000285071	72.695335	3.3967943	4.010974	0.6141796	0.42432272	0.8384889416362945	0.37230370923688283	ENSG00000154803.13	FLCN	False
ENST00000319670	129.36578	4.0720277	4.6858907	0.613863	0.49743977	0.8540375487251681	0.3032594944538645	ENSG00000104880.19	ARHGEF18	False
ENST00000367425	25.915213	2.069889	2.6837437	0.61385465	0.32057744	0.8125420389446386	0.4940670399326359	ENSG00000116785.15	CFHR3	False
ENST00000473578	25.902338	2.3107126	2.9245524	0.61383986	0.33206674	0.8147910346358502	0.478774615442458	ENSG00000171735.21	CAMTA1	True
ENST00000446166	14.6393175	1.5277249	2.1413805	0.6136557	0.3837164	0.823835243286134	0.4159896336799224	ENSG00000185917.14	SETD4	False
ENST00000674665	99.638115	2.4075997	3.020835	0.61323524	0.77841437	0.9445930724984782	0.10878915609159155	ENSG00000136167.15	LCP1	False
ENST00000324787	163.1485	4.6628513	5.2760444	0.61319304	0.16561817	0.8093544299533921	0.7808920280398468	ENSG00000090263.16	MRPS33	False
ENST00000679559	33.769264	2.3997533	3.0129125	0.6131592	0.2749919	0.8093544299533921	0.5606800987330348	ENSG00000159063.14	ALG8	False
ENST00000373327	8.27401	1.1811422	1.7942955	0.61315334	0.6491009	0.9059168869193345	0.18768778890786952	ENSG00000204104.12	TRAF3IP1	False
ENST00000582693	730.50653	7.0123143	7.625248	0.61293364	0.051603593	0.8093544299533921	1.287320059296897	ENSG00000265491.5	RNF115	False
ENST00000305768	339.4261	5.441405	6.054241	0.61283636	0.36913118	0.8194459451468774	0.43281927174958695	ENSG00000121289.18	CEP89	False
ENST00000355417	539.5634	6.4627643	7.0755973	0.612833	0.06049021	0.8093544299533921	1.218314910582885	ENSG00000198624.13	CCDC69	False
ENST00000713954	19.52434	1.3075771	1.9202298	0.61265266	0.33549353	0.8158433703746901	0.4743158445747682	ENSG00000116147.19	TNR	False
ENST00000263390	76.5	3.8060458	4.4186373	0.6125915	0.11747137	0.8093544299533921	0.9300679769397063	ENSG00000105085.11	MED26	False
ENST00000569122	41.46444	3.0663502	3.678919	0.61256886	0.47455022	0.8500118764885034	0.3237178233179834	ENSG00000157106.18	SMG1	False
ENST00000612754	68.1071	3.2873552	3.8997493	0.6123941	0.3573735	0.8177495557578855	0.4468776474039734	ENSG00000145362.21	ANK2	False
ENST00000611864	385.4338	5.91061	6.5229454	0.6123352	0.16151845	0.8093544299533921	0.7917778494809671	ENSG00000182050.14	MGAT4C	False
ENST00000617275	378.8528	5.941454	6.55378	0.61232615	0.120161794	0.8093544299533921	0.9202335958756979	ENSG00000169499.15	PLEKHA2	False
ENST00000225296	76.060074	3.8081958	4.420458	0.612262	0.15468535	0.8093544299533921	0.8105508205335268	ENSG00000005100.13	DHX33	False
ENST00000659993	287.69693	5.4198318	6.0320563	0.6122246	0.24898717	0.8093544299533921	0.6038230343436368	ENSG00000157193.18	LRP8	False
ENST00000317376	106.06578	2.203841	2.8159473	0.6121063	0.76335764	0.940089844663147	0.11727194384089475	ENSG00000107742.14	SPOCK2	False
ENST00000624761	37.998005	1.3220717	1.9340143	0.61194265	0.5778721	0.8794550641073513	0.23816827490152195	ENSG00000178913.9	TAF7	False
ENST00000259056	28.233881	2.5759428	3.1878672	0.6119244	0.053784005	0.8093544299533921	1.2693468586023537	ENSG00000136542.9	GALNT5	False
ENST00000373209	29.301294	2.4255354	3.0371153	0.6115799	0.43051165	0.8408996500740611	0.3660150882313714	ENSG00000180644.8	PRF1	False
ENST00000355773	163.01997	4.6725883	5.284107	0.61151886	0.12729755	0.8093544299533921	0.8951799533039125	ENSG00000119899.13	SLC17A5	False
ENST00000317829	17.108957	1.1747512	1.7862039	0.6114527	0.475244	0.8500118764885034	0.32308337054726466	ENSG00000166025.18	AMOTL1	False
ENST00000371941	88.63957	2.8739207	3.4853384	0.6114178	0.7048172	0.922584894924629	0.1519235210367347	ENSG00000124126.14	PREX1	False
ENST00000366812	435.4	6.310143	6.9214454	0.6113024	0.10952198	0.8093544299533921	0.9604987228862534	ENSG00000182827.9	ACBD3	False
ENST00000305494	59.747192	2.654042	3.265292	0.6112499	0.51260734	0.8577892264817722	0.29021518281668784	ENSG00000166575.17	TMEM135	False
ENST00000301785	607.1	6.4589267	7.070101	0.6111741	0.3308249	0.8142173533113395	0.48040179488543056	ENSG00000214753.4	HNRNPUL2	False
ENST00000321233	106.555565	3.9654105	4.576456	0.6110456	0.48201928	0.8510524967817804	0.3169355944496492	ENSG00000010244.19	ZNF207	False
ENST00000548852	11.021593	1.0092033	1.6202178	0.6110145	0.40409282	0.8303453948335059	0.3935188677314152	ENSG00000111144.10	LTA4H	True
ENST00000487068	47.199203	3.1023114	3.7132683	0.6109569	0.318369	0.8118754707110037	0.49706922512040674	ENSG00000114904.13	NEK4	True
ENST00000580018	25.55753	2.1155508	2.7264373	0.6108866	0.41086748	0.8326660356285662	0.3862982290538825	ENSG00000265354.4	TIMM23	False
ENST00000361243	415.0401	5.681803	6.2925663	0.6107631	0.38382757	0.823950936634453	0.41586383676652644	ENSG00000170776.22	AKAP13	False
ENST00000330263	188.2535	4.911001	5.5216227	0.61062145	0.07242414	0.8093544299533921	1.1401166318163076	ENSG00000053372.5	MRTO4	False
ENST00000458134	93.51248	3.5478983	4.158406	0.6105075	0.45337328	0.8472077019271466	0.3435440760122114	ENSG00000103415.12	HMOX2	False
ENST00000375712	201.48405	5.0448303	5.655309	0.6104789	0.12874468	0.8093544299533921	0.8902707189751247	ENSG00000101350.8	KIF3B	False
ENST00000651750	12.666027	1.1112714	1.7217455	0.6104741	0.61873984	0.8956206902858378	0.20849191695567573	ENSG00000116127.20	ALMS1	False
ENST00000714123	101.70312	3.8394482	4.449846	0.6103976	0.28533491	0.8106393935615843	0.5446450827750894	ENSG00000142208.19	AKT1	False
ENST00000647567	481.69556	5.9948983	6.6052494	0.6103511	0.32478938	0.8142173533113395	0.4883981864054695	ENSG00000123066.9	MED13L	False
ENST00000252329	29.849453	2.280455	2.8906004	0.61014533	0.34602293	0.81719736681995	0.46089511606663436	ENSG00000157778.9	PSMG3	True
ENST00000500893	39.6	2.4934332	3.103314	0.6098807	0.37972775	0.8231329589941108	0.42052766287342164	ENSG00000247315.4	ZCCHC3	False
ENST00000238936	82.819435	3.48832	4.098045	0.60972476	0.4317592	0.8415547706803203	0.3647583911493374	ENSG00000138111.14	MFSD13A	False
ENST00000266025	17.7	1.5481439	2.1578565	0.6097126	0.51727706	0.8587697515903885	0.2862767794569227	ENSG00000126062.4	TMEM115	False
ENST00000520313	46.598038	2.761368	3.3709068	0.6095388	0.24094826	0.8093544299533921	0.618076205900442	ENSG00000055147.19	FAM114A2	False
ENST00000713737	141.07822	4.7381682	5.3476734	0.6095052	0.10098524	0.8093544299533921	0.9957421132474313	ENSG00000173898.16	SPTBN2	False
ENST00000611618	94.67341	3.5578833	4.1672916	0.6094084	0.51313424	0.8578599976407133	0.2897690041978437	ENSG00000183718.6	TRIM52	False
ENST00000613503	77.7	3.716718	4.3261194	0.60940146	0.13528194	0.8093544299533921	0.8687601923784252	ENSG00000005206.17	SPPL2B	False
ENST00000455996	12.236789	1.1565906	1.7659662	0.6093756	0.59533465	0.8857731799485989	0.22523884032924468	ENSG00000187824.9	TMEM220	False
ENST00000341048	14.3760805	1.6153334	2.2247043	0.6093708	0.55469674	0.8719910230509131	0.2559443875015459	ENSG00000164512.18	ANKRD55	False
ENST00000531427	21.081133	0.98217416	1.591515	0.6093408	0.6618661	0.9104548772915186	0.179229843728189	ENSG00000166266.14	CUL5	False
ENST00000357505	96.582985	2.4737792	3.0829964	0.60921717	0.782885	0.9464414659333293	0.1063020195683033	ENSG00000244754.9	N4BP2L2	False
ENST00000517768	16.314497	1.4964753	2.1055255	0.60905015	0.44301414	0.8455557222610633	0.35358240706622324	ENSG00000164591.14	MYOZ3	False
ENST00000291582	20.74599	1.4936556	2.1025622	0.6089066	0.36159965	0.8185742609699567	0.44177199380411236	ENSG00000160224.17	AIRE	False
ENST00000354283	465.79623	6.422745	7.0316443	0.6088991	0.035192955	0.8093544299533921	1.4535442622863561	ENSG00000145833.16	DDX46	False
ENST00000550156	23.322989	1.8225161	2.4313357	0.6088196	0.39740962	0.8298121044971967	0.4007616265298757	ENSG00000122970.16	IFT81	False
ENST00000699421	26.19576	2.0236595	2.632328	0.60866857	0.3155014	0.8118754707110037	0.5009987204521802	ENSG00000145349.20	CAMK2D	False
ENST00000700497	24.553385	2.0332792	2.641728	0.60844874	0.63910145	0.9030065409848047	0.1944302000575779	ENSG00000141279.18	NPEPPS	False
ENST00000552217	331.57062	5.8002815	6.408682	0.60840034	0.2601693	0.8093544299533921	0.5847439557830998	ENSG00000198015.14	MRPL42	False
ENST00000448410	14.902453	1.4103956	2.0187404	0.6083448	0.5364403	0.8666569343588499	0.2704785928714602	ENSG00000127948.17	POR	True
ENST00000253063	125.2	4.324592	4.9325957	0.6080036	0.2932598	0.8111088466013822	0.5327474667173853	ENSG00000130766.5	SESN2	False
ENST00000274093	35.427837	2.8809643	3.48894	0.6079757	0.047075834	0.8093544299533921	1.3272019760845932	ENSG00000145451.13	GLRA3	False
ENST00000501493	17.5631	1.6837908	2.291644	0.6078533	0.36870122	0.8194459451468774	0.4333254258689454	ENSG00000109814.12	UGDH	False
ENST00000686461	16.94619	1.7313942	2.3391333	0.6077391	0.18181139	0.8093544299533921	0.7403789073562055	ENSG00000179364.15	PACS2	False
ENST00000543802	59.723167	3.0112927	3.6190064	0.6077137	0.42489886	0.8384964729269883	0.37171443121577835	ENSG00000196418.13	ZNF124	False
ENST00000264658	781.5588	6.8120117	7.419491	0.6074791	0.19659424	0.8093544299533921	0.7064292144760453	ENSG00000108306.13	FBXL20	False
ENST00000238508	96.70731	3.787572	4.394989	0.6074171	0.32636952	0.8142173533113395	0.4862904019269703	ENSG00000242550.7	SERPINB10	False
ENST00000616936	27.51146	1.9986362	2.6058893	0.6072531	0.59737176	0.8867753771228387	0.22375531413189434	ENSG00000151849.16	CENPJ	False
ENST00000448666	16.89574	1.7125605	2.3196163	0.6070558	0.5294506	0.8643652762679973	0.27617455898496207	ENSG00000115275.15	MOGS	False
ENST00000429719	214.60078	5.083223	5.6901135	0.6068907	0.1841983	0.8093544299533921	0.7347143704901213	ENSG00000188732.11	FAM221A	False
ENST00000317757	108.820885	3.8697526	4.476573	0.60682034	0.36932498	0.8194459451468774	0.43259131447193355	ENSG00000196083.11	IL1RAP	False
ENST00000539888	60.143158	2.670167	3.2768283	0.6066613	0.75916684	0.938790070041057	0.11966277178204085	ENSG00000057252.13	SOAT1	False
ENST00000375577	8.687409	0.98812103	1.5946809	0.6065599	0.17559731	0.8093544299533921	0.7554821412336964	ENSG00000187144.11	SPATA21	False
ENST00000383790	87.895386	3.751716	4.3581114	0.6063955	0.31622165	0.8118754707110037	0.5000083935088291	ENSG00000206562.12	METTL6	False
ENST00000455903	14.1	1.698537	2.3048167	0.60627973	0.21674491	0.8093544299533921	0.66405108330944	ENSG00000155636.16	RBM45	False
ENST00000432264	48.62844	2.4238617	3.0301342	0.60627246	0.51714045	0.8587697515903885	0.2863914925957916	ENSG00000177873.14	ZNF619	False
ENST00000356221	13.219327	0.78957987	1.3956769	0.606097	0.5524916	0.8710701841073433	0.25767431638941424	ENSG00000130177.16	CDC16	False
ENST00000284037	451.5848	5.429016	6.035047	0.60603094	0.6168941	0.8947523168136701	0.20978936508537405	ENSG00000112851.16	ERBIN	False
ENST00000398606	251.21558	5.389982	5.9959908	0.6060085	0.019382173	0.8093544299533921	1.712597529973993	ENSG00000084207.18	GSTP1	False
ENST00000369888	18.6	1.6389961	2.2449498	0.6059537	0.43203327	0.8415612999809857	0.364482807165393	ENSG00000196700.9	ZNF512B	False
ENST00000551568	149.72047	4.395211	5.001154	0.6059427	0.2917365	0.8111088466013822	0.5350092117235964	ENSG00000135678.12	CPM	False
ENST00000361050	1027.571	7.367603	7.9735355	0.6059327	0.07218327	0.8093544299533921	1.1415634700710557	ENSG00000197629.6	MPEG1	False
ENST00000541774	8.616854	1.0844687	1.6903894	0.6059207	0.239157	0.8093544299533921	0.6213168918761193	ENSG00000141736.14	ERBB2	False
ENST00000699644	528.7291	6.132147	6.738062	0.60591507	0.34939766	0.81719736681995	0.4566800087856449	ENSG00000091592.17	NLRP1	False
ENST00000373173	148.37724	4.6703024	5.2762103	0.6059079	0.04880983	0.8093544299533921	1.3114927040633249	ENSG00000155008.16	APOOL	False
ENST00000177694	8.8	0.9839315	1.5895728	0.6056413	0.4141278	0.8341336995288618	0.38286561801230595	ENSG00000073861.3	TBX21	False
ENST00000320578	17.035938	1.5707784	2.1763701	0.6055918	0.351134	0.8172002775093227	0.45452711340958724	ENSG00000179331.3	RAB39A	False
ENST00000377663	198.17227	4.951018	5.556444	0.6054263	0.15012652	0.8093544299533921	0.8235425916270459	ENSG00000162413.17	KLHL21	False
ENST00000688696	81.20003	3.4853766	4.090785	0.60540843	0.461937	0.8481416265840513	0.33541724078432295	ENSG00000144741.19	SLC25A26	False
ENST00000549219	11.902792	1.2483974	1.8537912	0.6053939	0.33562416	0.8158433703746901	0.4741467860001859	ENSG00000166783.22	MARF1	False
ENST00000218981	3.5681381	0.4634498	1.0688083	0.6053585	0.44060263	0.8446156514523803	0.3559529144600435	ENSG00000102796.12	DHRS12	False
ENST00000337827	47.7354	2.6797097	3.2850578	0.6053481	0.40894827	0.8323007445595858	0.38833162207339406	ENSG00000100626.17	GALNT16	False
ENST00000362063	423.65643	6.08123	6.6864686	0.60523844	0.30607498	0.8118754707110037	0.5141721745820593	ENSG00000198740.9	ZNF652	False
ENST00000362003	240.78818	4.9422336	5.547365	0.6051316	0.18061633	0.8093544299533921	0.743242976722741	ENSG00000185619.19	PCGF3	False
ENST00000521072	71.28356	3.4459076	4.050976	0.6050682	0.24983768	0.8093544299533921	0.6023420587602432	ENSG00000185250.16	PPIL6	False
ENST00000369454	32.4	2.1661952	2.7712355	0.6050403	0.3660298	0.8185742609699567	0.43648355666094896	ENSG00000155961.5	RAB39B	False
ENST00000485330	169.21661	4.5721283	5.1768827	0.60475445	0.36071357	0.8185482386998197	0.44283751769220747	ENSG00000163607.18	GTPBP8	False
ENST00000369682	299.60333	5.6230354	6.2276053	0.6045699	0.09954962	0.8093544299533921	1.0019603875571372	ENSG00000130827.6	PLXNA3	False
ENST00000424702	410.93848	5.9881577	6.592724	0.6045661	0.06239764	0.8093544299533921	1.2048318344868427	ENSG00000128534.8	LSM8	True
ENST00000563281	124.48987	4.257117	4.8616314	0.6045146	0.36264348	0.8185742609699567	0.44052012599154594	ENSG00000259956.2	RBM15B	False
ENST00000474141	314.353	5.5939918	6.1983266	0.60433483	0.19825922	0.8093544299533921	0.7027666078100605	ENSG00000188186.11	LAMTOR4	True
ENST00000426306	12.33436	1.217556	1.821779	0.604223	0.59944504	0.8872137205946347	0.22225062532522735	ENSG00000160908.15	ZNF394	False
ENST00000326961	17.973377	1.9375323	2.5416522	0.6041199	0.3416721	0.81719736681995	0.4663904923505096	ENSG00000165996.14	HACD1	False
ENST00000345716	88.80355	3.974677	4.5787334	0.60405636	0.06937504	0.8093544299533921	1.1587967650654452	ENSG00000010322.16	NISCH	False
ENST00000404739	16.450085	1.2053345	1.8092479	0.6039133	0.49128214	0.8537766521893764	0.3086690280577221	ENSG00000076685.19	NT5C2	False
ENST00000368139	16.830631	1.6073006	2.2111294	0.6038288	0.6465628	0.9052122393073937	0.18938927626257432	ENSG00000198945.8	L3MBTL3	False
ENST00000451136	151.69916	4.5632973	5.1670856	0.6037884	0.21200527	0.8093544299533921	0.6736533381631732	ENSG00000030419.17	IKZF2	False
ENST00000040738	423.76602	5.6401544	6.243846	0.6036916	0.48778665	0.8529381765683051	0.3117700892724901	ENSG00000038219.13	BOD1L1	False
ENST00000360790	15.738602	0.9377074	1.5412883	0.60358083	0.59640545	0.8865180359421667	0.2244583991109643	ENSG00000101773.19	RBBP8	False
ENST00000350763	37.219513	2.291017	2.894256	0.60323906	0.38438597	0.8240478925900143	0.41523246873092867	ENSG00000041982.17	TNC	False
ENST00000695818	100.99774	3.9254065	4.5285983	0.60319185	0.34067017	0.81719736681995	0.467665894804827	ENSG00000102575.14	ACP5	False
ENST00000549832	115.51001	4.067298	4.6704655	0.60316753	0.23061767	0.8093544299533921	0.6371074158313038	ENSG00000065361.17	ERBB3	False
ENST00000570791	131.5722	4.3998394	5.0027995	0.6029601	0.14527816	0.8093544299533921	0.8377996818280058	ENSG00000183914.15	DNAH2	False
ENST00000576582	74.37015	3.2239256	3.8267078	0.60278225	0.42641535	0.8391468018325449	0.370167165981341	ENSG00000136436.15	CALCOCO2	True
ENST00000253115	288.35004	5.430744	6.033404	0.6026597	0.31761178	0.8118754707110037	0.49810339314801455	ENSG00000130818.12	ZNF426	False
ENST00000278353	82.19411	3.3945913	3.9969964	0.6024051	0.4308332	0.8410214692507391	0.36569084675351465	ENSG00000149084.13	HSD17B12	False
ENST00000395476	13.007935	1.3435274	1.9457877	0.60226023	0.5219083	0.8614935217785892	0.28240581037941953	ENSG00000137764.20	MAP2K5	False
ENST00000424814	141.7991	2.741348	3.34355	0.60220194	0.7354167	0.9332952846121519	0.13346650617512845	ENSG00000113851.16	CRBN	False
ENST00000460034	42.236748	1.7205935	2.3226075	0.60201406	0.6257053	0.8983420428423095	0.2036301651182689	ENSG00000114491.14	UMPS	False
ENST00000358441	8.93218	0.59327114	1.1952318	0.60196066	0.5480982	0.8693177891645862	0.26114161901830657	ENSG00000114098.18	ARMC8	False
ENST00000266079	521.2	6.4792094	7.0811195	0.6019101	0.079185426	0.8093544299533921	1.1013547412392912	ENSG00000101161.8	PRPF6	False
ENST00000255390	306.82144	5.5200443	6.121911	0.6018667	0.116596654	0.8093544299533921	0.9333139122289179	ENSG00000133028.12	SCO1	False
ENST00000456524	24.793428	1.9597653	2.5615118	0.60174644	0.32720175	0.8142173533113395	0.48518437710524004	ENSG00000135917.16	SLC19A3	False
ENST00000552914	30.04367	2.1225946	2.7242844	0.6016898	0.5573931	0.8728453353828223	0.25383843197504496	ENSG00000166986.15	MARS1	False
ENST00000378555	23.40931	1.7460761	2.347745	0.60166883	0.4094202	0.8323007445595858	0.38783074212568364	ENSG00000128567.17	PODXL	False
ENST00000582330	14.430403	1.4295987	2.0311317	0.60153306	0.46367392	0.8489313290250275	0.3337873314540609	ENSG00000109066.14	TMEM104	False
ENST00000641258	33.72685	2.3276856	2.9291942	0.6015086	0.39089563	0.8272389386574068	0.4079391792836476	ENSG00000279486.6	OR2AG1	False
ENST00000647928	216.38867	5.2068286	5.8083315	0.6015029	0.10827987	0.8093544299533921	0.9654522784816759	ENSG00000204178.11	MACO1	False
ENST00000359543	119.95038	4.1879005	4.7892914	0.60139084	0.16454594	0.8093544299533921	0.7837128332974862	ENSG00000213853.10	EMP2	False
ENST00000235345	94.41492	4.2027164	4.8040776	0.6013613	0.13517576	0.8093544299533921	0.8691011653546767	ENSG00000116704.8	SLC35D1	False
ENST00000549143	74.27469	3.7492828	4.350586	0.6013031	0.0012920061	0.8093544299533921	2.8887354316370417	ENSG00000062485.19	CS	True
ENST00000580465	301.25635	5.4974823	6.0986404	0.60115814	0.50693566	0.8558786284660064	0.2950471609562113	ENSG00000171634.19	BPTF	False
ENST00000571405	85.4816	3.2721093	3.872923	0.6008136	0.48641187	0.8529381765683051	0.3129958358596849	ENSG00000122299.12	ZC3H7A	False
ENST00000527372	310.115	5.5774274	6.178215	0.60078764	0.2858804	0.8106393935615843	0.5438156389195837	ENSG00000196535.20	MYO18A	False
ENST00000522126	17.31043	1.6101035	2.2107677	0.60066426	0.43014902	0.840824720967489	0.366381063454078	ENSG00000197948.11	FCHSD1	False
ENST00000622371	77.29504	3.2953568	3.8958797	0.600523	0.42759365	0.840169088369937	0.3689687545172566	ENSG00000150403.18	TMCO3	False
ENST00000371625	3.9	0.43074226	1.0312479	0.6005056	0.45418346	0.8472077019271466	0.34276868621798745	ENSG00000107317.13	PTGDS	False
ENST00000456923	21.182682	1.5808554	2.1812658	0.60041046	0.54885805	0.8697044944691829	0.26053996443814353	ENSG00000115414.21	FN1	False
ENST00000409547	21.789785	1.0874485	1.6875663	0.6001178	0.688353	0.9178952902098975	0.16218878918386176	ENSG00000204120.16	GIGYF2	False
ENST00000679510	240.72083	5.259916	5.8600073	0.60009146	0.42003483	0.8374027596300101	0.37671470001507973	ENSG00000137628.18	DDX60	False
ENST00000651641	349.7889	5.816452	6.416469	0.6000171	0.17708963	0.8093544299533921	0.7518068656264051	ENSG00000143549.22	TPM3	False
ENST00000665077	39.960854	2.95253	3.5525436	0.60001373	0.28663763	0.8109740254625081	0.542666789575688	ENSG00000182150.20	ERCC6L2	False
ENST00000421367	39.5142	2.2246046	2.824592	0.5999875	0.47788987	0.8504371505934152	0.320672179239976	ENSG00000107566.14	ERLIN1	False
ENST00000547586	8.630191	1.0838811	1.6837753	0.59989417	0.43277937	0.8423531906368471	0.36373344788686934	ENSG00000139531.13	SUOX	True
ENST00000292599	85.6	3.7626965	4.362561	0.5998647	0.18706903	0.8093544299533921	0.7279981088900768	ENSG00000161021.13	MAML1	False
ENST00000538490	17.850058	1.6474212	2.2472792	0.5998579	0.23915546	0.8093544299533921	0.6213197060832706	ENSG00000196666.6	FAM180B	False
ENST00000536719	46.81636	2.3057137	2.9055476	0.59983397	0.4967967	0.8537766521893764	0.30382129993938495	ENSG00000074319.13	TSG101	False
ENST00000483083	44.691486	2.81872	3.4184818	0.5997617	0.39619902	0.8294360032497087	0.4020866054773757	ENSG00000080603.17	SRCAP	False
ENST00000355356	81.739235	2.5835543	3.1832902	0.599736	0.7211739	0.9285152025899402	0.1419600097620003	ENSG00000198160.15	MIER1	False
ENST00000233557	11.552481	0.9220381	1.5216417	0.59960365	0.60444856	0.8899892143002557	0.218640654944048	ENSG00000115216.14	NRBP1	False
ENST00000343526	148.21002	4.361765	4.9613037	0.5995388	0.42528015	0.8387156900990602	0.3713248837270137	ENSG00000122779.18	TRIM24	False
ENST00000247668	10.9	1.1648363	1.7642794	0.5994431	0.22314413	0.8093544299533921	0.6514145352710298	ENSG00000127191.18	TRAF2	False
ENST00000319340	11.4	0.807147	1.4065671	0.5994201	0.42102033	0.8377084017177359	0.3756969337160008	ENSG00000180767.11	CHST13	False
ENST00000372043	19.371618	1.9072748	2.5065715	0.5992967	0.29377893	0.8111088466013822	0.5319793610029573	ENSG00000148288.13	GBGT1	False
ENST00000690920	38.935738	2.492057	3.0911446	0.5990875	0.45723802	0.8478742186373767	0.3398576659761685	ENSG00000165678.22	GHITM	False
ENST00000444569	173.3444	4.3071804	4.9062057	0.59902525	0.4742642	0.8500118764885034	0.3239796528599639	ENSG00000147459.18	DOCK5	False
ENST00000390645	321.7254	4.9790883	5.578046	0.59895754	0.6373211	0.9020275416548701	0.1956416930431983	ENSG00000188042.8	ARL4C	False
ENST00000530496	20.17525	1.7489271	2.3477366	0.5988095	0.18100223	0.8093544299533921	0.7423160757783511	ENSG00000110768.12	GTF2H1	False
ENST00000393276	68.67552	3.246354	3.844953	0.59859896	0.39112136	0.8273686668756721	0.407688468197601	ENSG00000175984.16	DENND2C	False
ENST00000297494	8.398572	1.2724689	1.8709865	0.59851754	0.48332888	0.8517872013204533	0.3157572550094057	ENSG00000164867.11	NOS3	False
ENST00000614994	42.18891	2.7817914	3.3802252	0.59843373	0.18935469	0.8093544299533921	0.7227239384092211	ENSG00000267508.6	ZNF285	False
ENST00000678203	760.8413	6.9685836	7.5670166	0.598433	0.26315305	0.8093544299533921	0.5797915980433269	ENSG00000005844.19	ITGAL	False
ENST00000505140	23.676022	1.9273005	2.5256402	0.5983398	0.29022983	0.8109740254625081	0.537257956792237	ENSG00000154122.14	ANKH	False
ENST00000675379	121.427284	4.154508	4.752839	0.598331	0.17029235	0.8093544299533921	0.7688048672431227	ENSG00000153944.12	MSI2	True
ENST00000245539	49.827904	2.9327517	3.530911	0.5981593	0.41806212	0.836886090598871	0.3787591807553223	ENSG00000125445.11	MRPS7	False
ENST00000272067	71.32536	3.4456913	4.043441	0.5977495	0.5454185	0.8693177891645862	0.26327013463307203	ENSG00000143727.16	ACP1	False
ENST00000695740	10.45	1.1725802	1.7703216	0.59774137	0.36614785	0.8185742609699567	0.4363435164369465	ENSG00000173372.18	C1QA	False
ENST00000374642	10.45	1.1725802	1.7703216	0.59774137	0.36614785	0.8185742609699567	0.4363435164369465	ENSG00000173372.18	C1QA	False
ENST00000686968	17.96954	1.6389599	2.2366986	0.59773874	0.39688554	0.8298121044971967	0.4013347193054486	ENSG00000167548.18	KMT2D	False
ENST00000354115	18.286829	1.2047166	1.802366	0.59764946	0.6618594	0.9104548772915186	0.17923426324624278	ENSG00000136689.20	IL1RN	False
ENST00000588657	200.91518	4.9899516	5.5868907	0.5969391	0.12869339	0.8093544299533921	0.8904437693447727	ENSG00000129351.18	ILF3	False
ENST00000519676	16.13628	0.8223951	1.4192673	0.5968722	0.5640144	0.8750816652701604	0.2487098268770554	ENSG00000174032.17	SLC25A30	False
ENST00000221132	208.65317	5.1367717	5.7335405	0.59676886	0.21725774	0.8093544299533921	0.6630247462482131	ENSG00000104689.10	TNFRSF10A	False
ENST00000230431	19.681301	2.0038128	2.6004393	0.5966265	0.34051085	0.81719736681995	0.4678690513614719	ENSG00000112667.13	DNPH1	False
ENST00000534378	18.0	1.0119201	1.6083641	0.596444	0.6199935	0.8962923551817317	0.20761285810566785	ENSG00000105135.16	ILVBL	False
ENST00000373062	245.8	5.4012623	5.997332	0.5960698	0.0019802628	0.8093544299533921	2.7032771689768422	ENSG00000134697.13	GNL2	False
ENST00000372187	58.503967	3.105113	3.7011507	0.5960376	0.34443086	0.81719736681995	0.4628979390931519	ENSG00000122378.14	PRXL2A	False
ENST00000647930	185.60696	5.078852	5.6748757	0.59602356	0.031290643	0.8093544299533921	1.504585513475578	ENSG00000141576.16	RNF157	False
ENST00000252996	31.28686	1.7380677	2.3340716	0.5960039	0.41855544	0.836886090598871	0.378247010674044	ENSG00000130699.20	TAF4	False
ENST00000310496	13.8	1.5267783	2.1227462	0.5959679	0.27677917	0.8093544299533921	0.5578665898209553	ENSG00000169733.12	RFNG	False
ENST00000587834	13.061458	1.0549222	1.6508237	0.5959015	0.47495487	0.8500118764885034	0.32334765184382314	ENSG00000166562.9	SEC11C	False
ENST00000378421	81.13654	3.462887	4.0587873	0.5959003	0.4623261	0.8481461467087824	0.3350515795184217	ENSG00000185753.13	CXorf38	False
ENST00000586549	294.73712	5.4289327	6.024516	0.59558344	0.25581563	0.8093544299533921	0.5920729323871985	ENSG00000129353.15	SLC44A2	False
ENST00000345514	918.1945	7.234162	7.8296566	0.59549475	0.22167714	0.8093544299533921	0.6542790914760372	ENSG00000127152.18	BCL11B	False
ENST00000615564	95.611855	3.4377816	4.033224	0.59544253	0.48511007	0.8528619444606792	0.31415970628608253	ENSG00000133275.16	CSNK1G2	False
ENST00000610417	261.12238	5.2305646	5.8260026	0.595438	0.2651504	0.8093544299533921	0.5765077166275896	ENSG00000179134.16	SAMD4B	False
ENST00000316763	69.046364	2.4915056	3.086936	0.5954304	0.6785457	0.9156795930024131	0.16842088872741995	ENSG00000105053.11	VRK3	False
ENST00000307050	19.7	1.6169533	2.2123008	0.5953475	0.43444866	0.842654100473947	0.3620615385432638	ENSG00000169918.10	OTUD7A	False
ENST00000361428	206.2	5.1308794	5.726203	0.59532356	0.15733008	0.8093544299533921	0.803188234112243	ENSG00000171467.16	ZNF318	False
ENST00000695799	713.7326	6.937491	7.532756	0.5952649	0.019693904	0.8093544299533921	1.705668191694707	ENSG00000070831.18	CDC42	False
ENST00000615923	312.4039	5.398873	5.993946	0.5950732	0.31099418	0.8118754707110037	0.5072477410744756	ENSG00000277758.6	SYT15B	False
ENST00000305135	41.692924	2.7011063	3.2961366	0.5950303	0.43421334	0.842654100473947	0.36229683790128625	ENSG00000163872.16	YEATS2	False
ENST00000453507	77.34163	3.105174	3.7001805	0.59500647	0.50026536	0.8548764927378353	0.30079956814285613	ENSG00000074416.16	MGLL	False
ENST00000257189	56.620476	3.024683	3.6195974	0.59491444	0.18729988	0.8093544299533921	0.7274625068867865	ENSG00000134757.5	DSG3	False
ENST00000483793	344.6893	5.873146	6.46768	0.5945339	0.15229441	0.8093544299533921	0.8173160308150627	ENSG00000173200.13	PARP15	False
ENST00000398004	1658.4463	7.954597	8.549128	0.5945306	0.2393511	0.8093544299533921	0.6209645835704273	ENSG00000175782.11	SLC35E3	False
ENST00000382247	239.20215	5.2108493	5.805208	0.5943589	0.10399593	0.8093544299533921	0.9829836708534627	ENSG00000163257.11	DCAF16	False
ENST00000561419	49.56246	3.3331897	3.927514	0.59432435	0.0635145	0.8093544299533921	1.1971271105668895	ENSG00000259522.3	ENSG00000259522	False
ENST00000256366	159.41014	4.8917713	5.4860682	0.59429693	0.05959172	0.8093544299533921	1.2248140666169658	ENSG00000213463.5	SYNJ2BP	False
ENST00000713756	50.833557	2.8680952	3.462359	0.5942638	0.40214574	0.829876952198238	0.3956165238548366	ENSG00000135956.10	TMEM127	False
ENST00000376557	10.7	0.98608804	1.5803391	0.59425104	0.41757244	0.8367259608007798	0.3792681740579564	ENSG00000204576.12	PRR3	False
ENST00000649442	16.291714	1.7193035	2.313129	0.59382546	0.40034074	0.8298121044971967	0.3975702168351144	ENSG00000156650.14	KAT6B	False
ENST00000650372	18.213182	1.5510491	2.1448438	0.5937947	0.3803622	0.8231329589941108	0.4198026348715669	ENSG00000073734.10	ABCB11	False
ENST00000447771	33.40752	2.1249018	2.7185726	0.59367085	0.65267926	0.9067753778781373	0.18530018451030691	ENSG00000086589.12	RBM22	False
ENST00000403657	91.3844	3.6012566	4.1948824	0.5936258	0.3920952	0.8283469520179724	0.4066084652205769	ENSG00000035115.22	SH3YL1	False
ENST00000575801	8.938311	1.1379544	1.7314827	0.5935284	0.38187894	0.823716002720574	0.41807428903763894	ENSG00000167693.17	NXN	False
ENST00000444712	38.9816	1.7134848	2.3069994	0.5935147	0.6504752	0.9062377297493507	0.186769254021932	ENSG00000071189.21	SNX13	False
ENST00000398226	6.2887793	1.0273739	1.6208869	0.593513	0.29817596	0.8111088466013822	0.525527372693155	ENSG00000131871.15	SELENOS	False
ENST00000398571	489.6828	6.365317	6.9587984	0.59348154	0.035527848	0.8093544299533921	1.4494311014655825	ENSG00000115464.15	USP34	False
ENST00000307063	334.0588	5.079978	5.673446	0.5934682	0.47775564	0.8504371505934152	0.3207941809674901	ENSG00000170234.13	PWWP2A	False
ENST00000447527	50.05203	3.0361626	3.6295922	0.59342957	0.4290362	0.8407629197723834	0.36750606255377016	ENSG00000018625.15	ATP1A2	False
ENST00000414041	21.003485	1.5204176	2.113528	0.59311044	0.42938212	0.840824720967489	0.36715604852786177	ENSG00000059377.19	TBXAS1	True
ENST00000466178	69.04886	3.1776083	3.7704716	0.5928633	0.4681008	0.8496539504698483	0.3296606294429706	ENSG00000135052.16	GOLM1	False
ENST00000268261	8.745197	1.2019846	1.7948302	0.59284556	0.2729226	0.8093544299533921	0.5639604916657754	ENSG00000140650.13	PMM2	False
ENST00000177742	26.30476	2.0557292	2.6485448	0.59281564	0.63016754	0.8998400021113475	0.2005439684633308	ENSG00000074071.15	MRPS34	False
ENST00000523879	36.969566	2.3357575	2.9285326	0.5927751	0.5361353	0.86662496605177	0.2707255843188159	ENSG00000133943.21	DGLUCY	False
ENST00000636752	16.860533	1.6667026	2.2592976	0.592595	0.4143494	0.834214748032089	0.3826332784088287	ENSG00000261873.3	SMIM36	False
ENST00000378387	88.56481	3.861436	4.4539413	0.59250546	0.4311009	0.8410214692507391	0.36542106549982806	ENSG00000137135.18	ARHGEF39	False
ENST00000321105	197.68515	4.948776	5.541239	0.592463	0.15201582	0.8093544299533921	0.8181112130787864	ENSG00000177302.16	TOP3A	False
ENST00000416918	25.303127	2.3818038	2.9742193	0.5924156	0.38513467	0.8242482227560738	0.4143873874332285	ENSG00000171853.16	TRAPPC12	False
ENST00000590851	138.87521	4.179105	4.771444	0.59233904	0.39517993	0.8290075231731883	0.40320512294807076	ENSG00000129990.15	SYT5	False
ENST00000676954	12.951947	1.0172747	1.6095791	0.59230435	0.61082697	0.8922117430324958	0.21408179628320556	ENSG00000092108.22	SCFD1	False
ENST00000228510	26.08183	2.1085508	2.7007523	0.5922015	0.38877705	0.8259378738446596	0.4102993828497628	ENSG00000110921.14	MVK	False
ENST00000380821	162.60962	4.675396	5.267487	0.5920911	0.14011633	0.8093544299533921	0.8535112341942332	ENSG00000164975.16	SNAPC3	False
ENST00000400925	7.1167574	0.8319867	1.4240746	0.5920879	0.28468147	0.8106393935615843	0.5456408015050357	ENSG00000214530.10	STARD10	True
ENST00000229829	163.22318	4.6018143	5.193627	0.5918126	0.28684366	0.8109740254625081	0.5423547485216049	ENSG00000204252.14	HLA-DOA	False
ENST00000320805	1036.009	7.4564176	8.048104	0.5916867	0.033686005	0.8093544299533921	1.4725504966521048	ENSG00000176953.13	NFATC2IP	False
ENST00000361813	41.8	3.0737324	3.665265	0.5915327	0.16341658	0.8093544299533921	0.7867038843899891	ENSG00000198952.8	SMG5	False
ENST00000524913	11.568845	1.5620309	2.1535177	0.5914868	0.009502465	0.8093544299533921	2.022163725663552	ENSG00000119703.15	ZC2HC1C	False
ENST00000592388	13.347775	1.4203154	2.0117688	0.59145343	0.2861692	0.8109740254625081	0.5433771088592556	ENSG00000108828.16	VAT1	False
ENST00000639171	101.59035	3.971989	4.5634356	0.59144664	0.2677074	0.8093544299533921	0.5723396117013755	ENSG00000283761.1	ENSG00000283761	False
ENST00000559719	47.38964	2.936095	3.5275397	0.59144473	0.41983145	0.8374027596300101	0.3769250261769579	ENSG00000092098.18	RNF31	False
ENST00000378954	105.498924	3.9749126	4.566338	0.5914254	0.24792574	0.8093544299533921	0.6056783757637024	ENSG00000119787.14	ATL2	False
ENST00000544612	12.287809	1.3645011	1.955913	0.5914118	0.39458552	0.8290075231731883	0.40385885594864585	ENSG00000168876.9	ANKRD49	False
ENST00000371804	187.05988	4.707257	5.2985787	0.59132195	0.5005144	0.8548764927378353	0.3005834335176289	ENSG00000185745.10	IFIT1	False
ENST00000555547	68.857704	3.4556246	4.046924	0.59129953	0.26244938	0.8093544299533921	0.5809544426730092	ENSG00000100650.16	SRSF5	False
ENST00000536950	130.30685	3.959678	4.5506883	0.59101033	0.45201448	0.8472077019271466	0.34484765639949694	ENSG00000167595.16	PROSER3	False
ENST00000686903	70.3064	3.426078	4.016941	0.590863	0.45084804	0.8472077019271466	0.345969811164449	ENSG00000108094.17	CUL2	False
ENST00000643936	99.70679	3.8292208	4.4200525	0.59083176	0.4040669	0.8303453948335059	0.3935467344911627	ENSG00000158321.19	AUTS2	False
ENST00000622051	98.68661	3.8540847	4.444833	0.5907481	0.40748194	0.8319792555329909	0.3898916363472142	ENSG00000102804.16	TSC22D1	True
ENST00000299130	29.290777	2.397108	2.987551	0.5904429	0.37552163	0.8222188782484297	0.4253650425738761	ENSG00000107949.17	BCCIP	False
ENST00000380025	58.964943	2.8837607	3.4741468	0.59038615	0.4163468	0.8360430631283409	0.3805447810303506	ENSG00000166579.16	NDEL1	False
ENST00000476977	44.05202	3.066816	3.657043	0.5902269	0.35224906	0.8172002775093227	0.4531501619680554	ENSG00000006704.11	GTF2IRD1	False
ENST00000580787	51.24775	2.604018	3.1941733	0.59015536	0.541295	0.8677958347030249	0.2665659909577627	ENSG00000187824.9	TMEM220	True
ENST00000432564	150.3645	4.29764	4.8877707	0.5901308	0.43637943	0.842654100473947	0.3601357266557602	ENSG00000196917.6	HCAR1	False
ENST00000616417	27.741943	2.193462	2.7835608	0.59009886	0.5239126	0.8620033667213162	0.28074114957701995	ENSG00000248905.10	FMN1	False
ENST00000562435	146.27895	4.6355624	5.225595	0.5900326	0.10819808	0.8093544299533921	0.9657804599197114	ENSG00000171208.10	NETO2	False
ENST00000644227	33.066303	2.3381832	2.9281826	0.58999944	0.48547378	0.8529349174042961	0.3138342193431476	ENSG00000184047.21	DIABLO	False
ENST00000395891	21.890287	2.2323287	2.8221214	0.5897927	0.1644782	0.8093544299533921	0.783891661536442	ENSG00000002746.15	HECW1	False
ENST00000359867	73.2383	3.4224632	4.0120406	0.58957744	0.08834617	0.8093544299533921	1.053812281237214	ENSG00000213923.13	CSNK1E	False
ENST00000265512	121.18624	4.201321	4.7907915	0.5894704	0.23295735	0.8093544299533921	0.6327235859484367	ENSG00000198099.10	ADH4	False
ENST00000427159	121.9	4.4360385	5.0254965	0.589458	0.15886563	0.8093544299533921	0.7989700489453795	ENSG00000108592.17	FTSJ3	False
ENST00000334136	19.470543	1.7202283	2.309667	0.5894388	0.5677798	0.8761634615731728	0.24582007823586957	ENSG00000094631.22	HDAC6	False
ENST00000564827	7.5117874	1.0103403	1.5996853	0.589345	0.40689075	0.831725697822197	0.3905221830870959	ENSG00000103066.13	PLA2G15	False
ENST00000396563	163.63545	4.5808735	5.1701074	0.5892339	0.32155976	0.8127721965095723	0.4927383082100464	ENSG00000185404.17	SP140L	False
ENST00000560793	47.3	2.506982	3.0962112	0.5892291	0.35589486	0.8175932215882654	0.44867827983511344	ENSG00000143418.20	CERS2	False
ENST00000316738	130.047	4.1046214	4.693754	0.5891328	0.32876557	0.8142173533113395	0.4831136687980975	ENSG00000140025.16	EFCAB11	False
ENST00000234040	61.60736	3.5580852	4.1469197	0.5888345	0.25871548	0.8093544299533921	0.5871775839496569	ENSG00000115687.14	PASK	False
ENST00000409341	26.376072	1.0507126	1.6394787	0.5887661	0.6522666	0.9066271606419737	0.18557484504078364	ENSG00000067066.17	SP100	False
ENST00000295228	17.6	1.2845743	1.8732923	0.58871806	0.40712056	0.831725697822197	0.39027696940804013	ENSG00000163083.6	INHBB	False
ENST00000484589	805.4275	6.981897	7.570602	0.58870506	0.14145587	0.8093544299533921	0.8493790140862513	ENSG00000065883.18	CDK13	False
ENST00000573514	10.320114	1.2405549	1.8292521	0.5886972	0.2956271	0.8111088466013822	0.5292557754541463	ENSG00000162069.16	BICDL2	False
ENST00000604074	20.5	1.6726393	2.261208	0.5885688	0.30861244	0.8118754707110037	0.5105865772951125	ENSG00000078900.16	TP73	False
ENST00000410096	13.573067	1.3118242	1.9002385	0.5884143	0.32599044	0.8142173533113395	0.4867951379209935	ENSG00000136541.15	ERMN	False
ENST00000507807	211.4803	5.0925374	5.680864	0.58832645	0.079004325	0.8093544299533921	1.1023491332622954	ENSG00000049656.14	CLPTM1L	False
ENST00000491274	140.40817	4.5194383	5.107742	0.58830357	0.34638944	0.81719736681995	0.46043535295580457	ENSG00000117118.12	SDHB	False
ENST00000696162	74.651634	3.5533144	4.141528	0.5882137	0.38363427	0.823835243286134	0.4160826051614297	ENSG00000051523.12	CYBA	False
ENST00000265000	65.047005	3.0174992	3.6056352	0.58813596	0.35268876	0.8172002775093227	0.4526083813773964	ENSG00000109586.12	GALNT7	False
ENST00000400331	84.525444	3.6192567	4.207308	0.5880511	0.34477496	0.81719736681995	0.46246428139019496	ENSG00000183742.13	MACC1	False
ENST00000371714	94.45363	3.6676	4.2556314	0.58803153	0.4490267	0.8470024537044705	0.3477278305264598	ENSG00000117859.19	OSBPL9	False
ENST00000285737	632.99023	6.596954	7.1848326	0.5878787	0.090162754	0.8093544299533921	1.0449728310536903	ENSG00000102910.14	LONP2	False
ENST00000507596	42.10799	2.7241592	3.3120093	0.5878501	0.42855906	0.840729957510234	0.3679893142839852	ENSG00000157911.11	PEX10	False
ENST00000343938	15.1	1.5133343	2.1011462	0.58781195	0.24513066	0.8093544299533921	0.6106023687455132	ENSG00000224051.7	CPTP	False
ENST00000373021	159.31975	4.430898	5.0185957	0.5876975	0.3934247	0.8284185470236078	0.4051383889660014	ENSG00000204084.14	INPP5B	False
ENST00000622841	54.4	2.8960097	3.4835684	0.58755875	0.42896068	0.8407629197723834	0.3675825139317981	ENSG00000128311.14	TST	False
ENST00000597227	4.00624	0.4618858	1.049372	0.58748615	0.39516115	0.8290075231731883	0.4032257572798476	ENSG00000169136.13	ATF5	False
ENST00000371246	14.3839245	1.4954621	2.08281	0.58734787	0.35496527	0.8173944929220979	0.449814137012182	ENSG00000095637.23	SORBS1	False
ENST00000268802	32.7	2.3572962	2.9446251	0.5873289	0.41271326	0.8335096573860776	0.3843515780884832	ENSG00000141101.13	NOB1	False
ENST00000599550	16.747486	1.2773817	1.8645506	0.58716893	0.27363917	0.8093544299533921	0.5628217318687143	ENSG00000105072.9	C19orf44	False
ENST00000715172	99.37722	3.945752	4.5329046	0.5871527	0.2741632	0.8093544299533921	0.561990860821041	ENSG00000163374.21	YY1AP1	False
ENST00000528747	29.781036	2.4064221	2.9934692	0.5870471	0.25470024	0.8093544299533921	0.5939706398854118	ENSG00000085433.17	WDR47	False
ENST00000530131	247.79492	5.4543023	6.041114	0.58681154	0.087515764	0.8093544299533921	1.0579137118366189	ENSG00000137710.17	RDX	True
ENST00000341901	127.56506	4.415505	5.002264	0.5867591	0.17986068	0.8093544299533921	0.7450637658526705	ENSG00000188322.8	SBK1	False
ENST00000485281	20.519205	1.9785719	2.5652251	0.58665323	0.40921736	0.8323007445595858	0.38804595324570806	ENSG00000107669.19	ATE1	True
ENST00000678819	133.75595	4.242627	4.829244	0.586617	0.42848134	0.8407052709125892	0.36806808607251795	ENSG00000100412.17	ACO2	False
ENST00000427233	26.836298	2.1555445	2.7421489	0.58660436	0.3409103	0.81719736681995	0.46735989533823613	ENSG00000204120.16	GIGYF2	False
ENST00000528263	72.045395	3.105135	3.691401	0.58626604	0.6252357	0.8982534622069613	0.20395624853465674	ENSG00000111011.18	RSRC2	False
ENST00000374518	326.8042	5.871034	6.457246	0.5862117	0.08405613	0.8093544299533921	1.0754306011107375	ENSG00000165733.8	BMS1	False
ENST00000448044	70.647285	2.4757516	3.061911	0.58615947	0.67239666	0.9137651594543251	0.17237445259700768	ENSG00000073849.16	ST6GAL1	False
ENST00000186436	129.86569	4.2697897	4.8559484	0.58615875	0.22963251	0.8093544299533921	0.6389666238197884	ENSG00000075568.17	TMEM131	False
ENST00000555408	36.459316	1.9660517	2.5522	0.5861484	0.58239317	0.8812585881637217	0.23478372728696342	ENSG00000123374.11	CDK2	True
ENST00000395628	5.2128143	0.4018854	0.98795396	0.5860686	0.40872815	0.8323007445595858	0.3885654477785288	ENSG00000072134.16	EPN2	False
ENST00000315251	84.11218	3.6241014	4.209829	0.58572745	0.34720278	0.81719736681995	0.45941680882518177	ENSG00000016391.11	CHDH	False
ENST00000337110	65.76271	1.4429153	2.0285883	0.585673	0.7238433	0.9290277801612368	0.14035545523776982	ENSG00000168958.21	MFF	False
ENST00000372163	41.807274	2.4775524	3.063135	0.5855825	0.41216308	0.8334373536331832	0.38493091454159384	ENSG00000172426.16	RSPH9	False
ENST00000697712	1142.855	7.341044	7.9265428	0.5854988	0.31251812	0.8118754707110037	0.5051247971799595	ENSG00000130402.14	ACTN4	False
ENST00000575354	55.4	2.9250987	3.510597	0.58549833	0.42298612	0.8383020471972034	0.3736738834821036	ENSG00000079432.9	CIC	False
ENST00000378785	141.41742	4.65307	5.238535	0.58546495	0.15468302	0.8093544299533921	0.8105573470750614	ENSG00000215915.10	ATAD3C	False
ENST00000675078	87.883446	3.399287	3.9846127	0.5853257	0.49132058	0.8537766521893764	0.3086350439269787	ENSG00000070061.16	ELP1	False
ENST00000696266	78.71168	3.546189	4.1315107	0.58532166	0.5604499	0.8737225059335263	0.25146320535119726	ENSG00000112039.6	FANCE	True
ENST00000382751	126.000854	4.431947	5.017113	0.585166	0.18621436	0.8093544299533921	0.7299868368220884	ENSG00000142207.7	URB1	False
ENST00000306077	263.76382	5.393145	5.9781504	0.5850053	0.12389103	0.8093544299533921	0.9069601250903759	ENSG00000170876.9	TMEM43	False
ENST00000641687	39.854153	2.647888	3.232866	0.5849781	0.34394503	0.81719736681995	0.463510966265693	ENSG00000181518.4	OR8D4	False
ENST00000559581	27.613873	2.3732417	2.9581246	0.584883	0.2539825	0.8093544299533921	0.5951961820911487	ENSG00000100564.9	PIGH	False
ENST00000368614	107.02284	4.063915	4.648756	0.58484125	0.35136977	0.8172002775093227	0.4542356076388638	ENSG00000148814.18	LRRC27	False
ENST00000263579	119.67662	4.240729	4.8254633	0.58473444	0.31655827	0.8118754707110037	0.49954633390843345	ENSG00000110063.10	DCPS	False
ENST00000539024	47.57947	2.8726199	3.4572568	0.5846369	0.20822546	0.8093544299533921	0.6814661721999604	ENSG00000051825.15	MPHOSPH9	False
ENST00000301281	104.70664	3.6853683	4.2699537	0.5845854	0.5909772	0.8843425619428408	0.22842927988394895	ENSG00000167671.12	UBXN6	False
ENST00000399438	81.3901	3.1626065	3.7471323	0.5845258	0.4904068	0.8537766521893764	0.3094435065519432	ENSG00000113597.18	TRAPPC13	False
ENST00000247194	24.7	1.9626999	2.5471935	0.58449364	0.35071778	0.8172002775093227	0.455042212870178	ENSG00000126790.12	L3HYPDH	False
ENST00000453224	30.81187	2.347945	2.9324102	0.58446527	0.2958149	0.8111088466013822	0.5289799523288079	ENSG00000168038.11	ULK4	False
ENST00000599599	32.49393	2.3195345	2.9038968	0.58436227	0.4054809	0.8312293045789577	0.39202960736244447	ENSG00000197951.10	ZNF71	False
ENST00000554584	148.2307	4.3725457	4.956904	0.5843582	0.5828324	0.8814375403501482	0.23445631650014867	ENSG00000054654.20	SYNE2	False
ENST00000681400	67.03231	3.634312	4.218531	0.5842192	0.11884611	0.8093544299533921	0.9250150251184219	ENSG00000178974.11	FBXO34	False
ENST00000454310	13.9	1.550399	2.1345866	0.5841876	0.21219736	0.8093544299533921	0.6732600166556952	ENSG00000106397.12	PLOD3	False
ENST00000366488	24.854177	2.3408706	2.9248533	0.5839827	0.3628917	0.8185742609699567	0.44022296019824525	ENSG00000169224.13	GCSAML	False
ENST00000310389	152.31389	4.667229	5.2512026	0.5839734	0.15969627	0.8093544299533921	0.7967052382173134	ENSG00000175414.7	ARL10	False
ENST00000647161	12.937243	1.5718956	2.1558235	0.58392787	0.54063624	0.8677958347030249	0.2670948448227989	ENSG00000066427.25	ATXN3	False
ENST00000379020	21.7	1.845645	2.4295566	0.58391166	0.3311962	0.8142173533113395	0.47991466928337867	ENSG00000065665.21	SEC61A2	False
ENST00000424310	107.10173	3.5796149	4.163472	0.5838573	0.4808963	0.8508555758131572	0.3179485696734378	ENSG00000145860.13	RNF145	False
ENST00000682557	14.627469	1.3138651	1.8975668	0.5837017	0.44477576	0.8456860763700531	0.3518588893882702	ENSG00000173517.11	PEAK1	False
ENST00000423734	34.037342	2.7900789	3.3736835	0.5836046	0.16261195	0.8093544299533921	0.7888475516532232	ENSG00000135185.12	TMEM243	False
ENST00000505624	15.402191	1.6388556	2.222249	0.58339345	0.3613854	0.8185742609699567	0.4420293908683947	ENSG00000205838.15	TTC23L	False
ENST00000361337	1711.5612	8.072495	8.655773	0.5832777	0.18488374	0.8093544299533921	0.7331012738487441	ENSG00000198900.7	TOP1	False
ENST00000523023	100.843056	3.6329687	4.216151	0.5831826	0.5061528	0.8558786284660064	0.29571834888785314	ENSG00000104695.13	PPP2CB	True
ENST00000537638	180.50345	4.704616	5.287771	0.58315516	0.363095	0.8185742609699567	0.43997974885961805	ENSG00000166986.15	MARS1	False
ENST00000586262	64.68188	3.2142556	3.7973437	0.58308816	0.31403708	0.8118754707110037	0.5030190631457856	ENSG00000091164.13	TXNL1	False
ENST00000583197	55.264515	2.9609852	3.544064	0.58307886	0.49488863	0.8537766521893764	0.30549252086944645	ENSG00000072134.16	EPN2	False
ENST00000615225	58.14109	3.1392689	3.7222483	0.58297944	0.349913	0.81719736681995	0.4560399209525542	ENSG00000167674.15	HDGFL2	False
ENST00000357066	474.34366	6.249733	6.8326874	0.5829544	0.21916483	0.8093544299533921	0.6592291302700898	ENSG00000172081.14	MOB3A	False
ENST00000509705	123.36456	4.1704545	4.753274	0.58281946	0.26434228	0.8093544299533921	0.5778333713410387	ENSG00000104825.17	NFKBIB	False
ENST00000519746	161.46579	4.890182	5.4728794	0.5826974	0.016010739	0.8093544299533921	1.7955886245577513	ENSG00000197226.13	TBC1D9B	False
ENST00000552994	31.290588	1.4687332	2.0513155	0.58258235	0.6955733	0.9206326357743269	0.15765711553531847	ENSG00000133858.17	ZFC3H1	False
ENST00000679938	66.97278	3.565272	4.147854	0.58258176	0.39298683	0.8284030642274541	0.40562199923157305	ENSG00000115267.10	IFIH1	False
ENST00000312397	154.5928	4.537636	5.1201706	0.5825348	0.23618026	0.8093544299533921	0.6267564022078879	ENSG00000175467.15	SART1	False
ENST00000373509	750.4658	7.019747	7.6020703	0.58232355	0.32402322	0.8142173533113395	0.4894238705415549	ENSG00000137193.14	PIM1	False
ENST00000646745	95.297264	3.9167554	4.499001	0.5822456	0.26651743	0.8093544299533921	0.5742743823541677	ENSG00000108506.14	INTS2	False
ENST00000296181	76.1	3.3333473	3.915579	0.58223176	0.56328183	0.875031379389378	0.24927425456308808	ENSG00000082781.12	ITGB5	False
ENST00000580759	73.90652	3.7296085	4.3117285	0.58211994	0.3681217	0.8194459451468774	0.4340085652438044	ENSG00000010244.19	ZNF207	True
ENST00000531404	33.296265	2.4065416	2.988524	0.5819824	0.25204727	0.8093544299533921	0.5985180012505819	ENSG00000166004.15	CEP295	False
ENST00000389120	236.5	5.42561	6.007471	0.581861	0.2014124	0.8093544299533921	0.6959138070726001	ENSG00000155827.12	RNF20	False
ENST00000334715	16.979603	1.3236083	1.9054674	0.5818591	0.44341812	0.8455994575468359	0.35318656821804784	ENSG00000197037.11	ZSCAN25	False
ENST00000262461	67.04238	3.6961899	4.2779255	0.5817356	0.17728683	0.8093544299533921	0.7513235167391534	ENSG00000064651.14	SLC12A2	False
ENST00000698929	88.85262	3.6288328	4.2104974	0.58166456	0.5269357	0.8628966334781174	0.27824237969236304	ENSG00000023892.12	DEF6	False
ENST00000636672	24.251728	1.9022545	2.4837518	0.5814973	0.50942606	0.8566665741098184	0.29291884447450667	ENSG00000283526.2	PRRT1B	False
ENST00000614404	351.93866	5.3497124	5.931154	0.5814414	0.6628205	0.9107215507869741	0.17860405619180705	ENSG00000170315.14	UBB	False
ENST00000397809	177.8654	3.8647287	4.4459176	0.5811889	0.56689864	0.8758719814065489	0.24649458184628179	ENSG00000173588.16	CEP83	False
ENST00000406875	655.7	6.6670203	7.248109	0.58108854	0.25381443	0.8093544299533921	0.5954836924210659	ENSG00000064393.16	HIPK2	False
ENST00000377991	170.72536	4.8368144	5.417866	0.5810518	0.08051337	0.8093544299533921	1.094131978697138	ENSG00000137103.20	TMEM8B	False
ENST00000690732	282.5954	5.5744433	6.155306	0.5808625	0.04417855	0.8093544299533921	1.3547885502267196	ENSG00000127463.16	EMC1	False
ENST00000361475	72.0	3.4025004	3.9832969	0.5807965	0.58040154	0.8802063166690811	0.2362714440515585	ENSG00000198959.12	TGM2	False
ENST00000359238	154.21127	4.148565	4.7293496	0.5807848	0.57490516	0.8781878244636903	0.24040379557153896	ENSG00000002919.15	SNX11	False
ENST00000352580	138.012	4.0374603	4.618145	0.58068466	0.6072145	0.8903435132061299	0.2166578587708698	ENSG00000153563.17	CD8A	False
ENST00000409806	319.5095	5.6850886	6.2655826	0.5804939	0.11429157	0.8093544299533921	0.9419857973223756	ENSG00000178199.14	ZC3H12D	False
ENST00000329553	68.17066	3.2965543	3.877026	0.58047175	0.30724776	0.8118754707110037	0.5125112776201485	ENSG00000183145.9	RIPPLY3	False
ENST00000457361	66.43173	3.5034125	4.083811	0.5803983	0.22394304	0.8093544299533921	0.649862431028314	ENSG00000030419.17	IKZF2	False
ENST00000532481	11.706846	1.0686624	1.6485407	0.57987833	0.4302158	0.840824720967489	0.3663136380393337	ENSG00000087884.16	AAMDC	True
ENST00000242776	22.816784	1.6227182	2.2025576	0.57983935	0.5637305	0.875047650343476	0.24892848426101727	ENSG00000123136.15	DDX39A	False
ENST00000651114	543.8789	6.2553144	6.8351135	0.5797992	0.23965925	0.8093544299533921	0.6204058045106956	ENSG00000086189.11	DIMT1	False
ENST00000380094	54.783978	3.1975772	3.7773387	0.5797615	0.15260613	0.8093544299533921	0.8164280219637008	ENSG00000134461.16	ANKRD16	False
ENST00000417456	112.37721	4.242601	4.8222866	0.5796857	0.08903331	0.8093544299533921	1.0504474654158125	ENSG00000284773.1	ENSG00000284773	True
ENST00000361799	63.980675	3.5503275	4.130004	0.5796764	0.31669113	0.8118754707110037	0.4993640997869345	ENSG00000187147.19	RNF220	False
ENST00000296581	76.49639	2.896931	3.4765983	0.5796673	0.5616668	0.8742352229061511	0.2505212567222564	ENSG00000164167.12	LSM6	False
ENST00000361413	40.29324	2.3820384	2.9615736	0.57953525	0.4265192	0.8391468018325449	0.3700614290110096	ENSG00000198920.11	KIAA0753	False
ENST00000264156	52.8	3.2246504	3.8040888	0.57943845	0.36502582	0.8185742609699567	0.43767641672300933	ENSG00000076003.5	MCM6	False
ENST00000267023	58.58561	3.4291067	4.008338	0.57923126	0.22565353	0.8093544299533921	0.6465578698289921	ENSG00000139579.13	NABP2	False
ENST00000357246	13.93897	1.2343553	1.8134813	0.579126	0.3738141	0.8216366408512873	0.42734431441527476	ENSG00000197769.6	MAP1LC3C	False
ENST00000504087	23.599277	1.8211375	2.4002593	0.5791217	0.266623	0.8093544299533921	0.5741024049587253	ENSG00000151458.12	ANKRD50	False
ENST00000598172	7.2952867	0.89240503	1.4714005	0.57899547	0.38055354	0.8231614242385277	0.41958422972123527	ENSG00000099330.9	OCEL1	False
ENST00000399788	2899.4	8.875922	9.454594	0.57867146	0.17915988	0.8093544299533921	0.7467592378794917	ENSG00000073614.13	KDM5A	False
ENST00000425629	102.600174	3.924372	4.503028	0.57865596	0.3415947	0.81719736681995	0.4664888812391968	ENSG00000105492.16	SIGLEC6	False
ENST00000375466	83.052666	3.5402591	4.1186705	0.57841134	0.3728347	0.8210406506591547	0.4284836600407707	ENSG00000184194.6	GPR173	True
ENST00000586486	58.30601	3.1578817	3.736163	0.57828116	0.31921926	0.8118754707110037	0.4959109115858234	ENSG00000130175.10	PRKCSH	True
ENST00000219097	43.78367	2.6919734	3.270247	0.57827353	0.41208002	0.8334373536331832	0.3850184423523677	ENSG00000091651.9	ORC6	False
ENST00000407479	377.6756	5.920633	6.498864	0.57823133	0.11869569	0.8093544299533921	0.9255650460825224	ENSG00000213918.11	DNASE1	False
ENST00000242108	100.484375	3.5789106	4.157133	0.5782225	0.499388	0.8548764927378353	0.3015618896040525	ENSG00000122547.12	EEPD1	False
ENST00000461153	697.2606	6.7216206	7.2997293	0.5781088	0.18630685	0.8093544299533921	0.7297711790209094	ENSG00000135976.21	ANKRD36	False
ENST00000322734	79.55135	3.9415867	4.5196857	0.578099	0.2834406	0.8103610639894862	0.5475379568076535	ENSG00000144792.9	ZNF660	False
ENST00000477187	16.621677	1.4849921	2.0630069	0.57801473	0.38046998	0.8231329589941108	0.4196796068724305	ENSG00000138813.10	C4orf17	False
ENST00000399199	152.84987	4.0496287	4.6276226	0.57799387	0.55808187	0.8731262404848221	0.25330208951248634	ENSG00000146112.12	PPP1R18	False
ENST00000546910	46.26355	2.5009713	3.078959	0.5779877	0.425807	0.8389266064589959	0.3707872041194048	ENSG00000258227.7	CLEC5A	False
ENST00000430750	40.761806	2.682063	3.26004	0.57797694	0.25548416	0.8093544299533921	0.5926360145284917	ENSG00000009335.19	UBE3C	False
ENST00000399600	14.08388	1.2825295	1.860503	0.5779735	0.49072143	0.8537766521893764	0.3091649719381781	ENSG00000161929.15	SCIMP	False
ENST00000641576	1562.3936	7.752409	8.330357	0.5779476	0.2881574	0.8109740254625081	0.5403702178509187	ENSG00000187857.5	OR6C75	False
ENST00000406439	155.5926	4.0730205	4.650955	0.57793474	0.5296323	0.8645215062061689	0.27602556132902256	ENSG00000198198.17	SZT2	False
ENST00000311955	6.826762	1.0006127	1.5785416	0.5779289	0.41957775	0.8374027596300101	0.3771875527902233	ENSG00000174429.4	ABRA	False
ENST00000318008	715.5705	6.6956115	7.2735033	0.5778918	0.28963226	0.8109740254625081	0.5381530657247428	ENSG00000002834.19	LASP1	False
ENST00000395353	16.5	1.6453079	2.2231445	0.57783663	0.62237316	0.8969038250009524	0.20594914209200293	ENSG00000013364.19	MVP	False
ENST00000561340	18.124584	1.8486387	2.4263482	0.57770956	0.42015272	0.8374027596300101	0.376592816643441	ENSG00000140598.16	EFL1	False
ENST00000376712	35.86962	2.4732149	3.0508385	0.5776236	0.4097176	0.8323007445595858	0.38751539091743314	ENSG00000102595.22	UGGT2	False
ENST00000397130	630.9412	6.3879285	6.965538	0.57760954	0.3106909	0.8118754707110037	0.5076714534004692	ENSG00000180979.10	LRRC57	False
ENST00000570587	72.992966	3.7402012	4.3176756	0.57747436	0.06498854	0.8093544299533921	1.1871632287686618	ENSG00000170049.10	KCNAB3	True
ENST00000599389	14.223958	1.4450275	2.0221598	0.57713234	0.410603	0.8325744088101373	0.38657789580442087	ENSG00000079385.23	CEACAM1	False
ENST00000334884	1098.1765	7.1986794	7.7757	0.57702065	0.3456223	0.81719736681995	0.461398242660368	ENSG00000005483.23	KMT2E	False
ENST00000229795	660.438	5.69301	6.269963	0.57695293	0.65333325	0.9070439483117844	0.18486524094626258	ENSG00000112062.12	MAPK14	False
ENST00000472162	15.0902605	1.339819	1.9167683	0.57694936	0.3742809	0.8216366408512873	0.42680233515952865	ENSG00000004864.14	SLC25A13	False
ENST00000425012	8.306745	0.9570829	1.5339279	0.576845	0.5127188	0.8577892264817722	0.2901207606432836	ENSG00000183283.16	DAZAP2	False
ENST00000544915	122.92078	3.854191	4.4310203	0.5768292	0.4925299	0.8537766521893764	0.30756740064799637	ENSG00000029153.15	BMAL2	False
ENST00000368948	34.910023	1.673633	2.2504506	0.57681763	0.50393695	0.8556848333281974	0.29762379995741434	ENSG00000155085.16	AK9	False
ENST00000353703	9108.131	10.614413	11.1910305	0.57661724	0.13063508	0.8093544299533921	0.8839401753857418	ENSG00000166913.13	YWHAB	False
ENST00000454323	35.5949	2.504434	3.0810385	0.57660437	0.35254627	0.8172002775093227	0.45278387012968996	ENSG00000036257.14	CUL3	True
ENST00000539932	84.819336	3.614917	4.191452	0.576535	0.24291971	0.8093544299533921	0.6145372401882813	ENSG00000018280.18	SLC11A1	False
ENST00000334398	9.594472	0.60182244	1.1783042	0.57648176	0.49789837	0.8540375487251681	0.3028592954742951	ENSG00000185973.12	TMLHE	False
ENST00000262605	426.82306	5.9660783	6.5423603	0.576282	0.21872021	0.8093544299533921	0.6601110806761092	ENSG00000124120.11	TTPAL	False
ENST00000508137	9.469747	0.84531856	1.4214514	0.5761329	0.58462834	0.8819641855083519	0.2331201332773645	ENSG00000109790.18	KLHL5	False
ENST00000310074	242.80513	4.8926625	5.468775	0.5761123	0.5375981	0.8669369265370219	0.26954229627382353	ENSG00000173011.12	TADA2B	False
ENST00000409284	28.277039	2.142504	2.7185726	0.57606864	0.36634353	0.8185742609699567	0.43611147647296417	ENSG00000163492.16	CCDC141	False
ENST00000381714	11.327097	0.9943754	1.5704367	0.5760613	0.60658497	0.8902000191870786	0.21710835760069438	ENSG00000140382.15	HMG20A	False
ENST00000564791	17.446379	1.2958002	1.8717586	0.5759584	0.4475415	0.8461883854388563	0.3491666819138482	ENSG00000048471.14	SNX29	False
ENST00000367454	87.837456	3.3301105	3.906057	0.57594633	0.5210383	0.8607639931892102	0.2831303569469354	ENSG00000116750.14	UCHL5	False
ENST00000375723	38.113842	2.3166153	2.892359	0.5757437	0.54701316	0.8693177891645862	0.2620022224864142	ENSG00000102606.20	ARHGEF7	False
ENST00000704354	104.2614	3.4236438	3.9993842	0.57574034	0.7590144	0.938790070041057	0.11974996877593501	ENSG00000080503.25	SMARCA2	False
ENST00000697587	159.30481	3.3054247	3.8811426	0.5757179	0.7494227	0.936236640367669	0.12527313945645138	ENSG00000197943.12	PLCG2	False
ENST00000253193	11.0	1.3357788	1.9114721	0.57569325	0.35391778	0.8173803121090482	0.45109762189801966	ENSG00000130881.14	LRP3	False
ENST00000419610	28.680592	2.355739	2.93121	0.5754709	0.67491263	0.9142632374641173	0.17075244362555644	ENSG00000004534.15	RBM6	False
ENST00000594030	224.45662	5.035438	5.610727	0.5752888	0.3033288	0.8118754707110037	0.5180863356456588	ENSG00000196417.13	ZNF765	True
ENST00000454516	79.72139	3.5080159	4.083249	0.5752332	0.49140355	0.8537766521893764	0.3085617104921238	ENSG00000182973.20	CNOT10	False
ENST00000664120	159.95547	4.162004	4.7370353	0.5750313	0.6082152	0.8909679436079273	0.21594272138030338	ENSG00000142230.13	SAE1	False
ENST00000629289	19.945587	1.5783774	2.153366	0.5749887	0.54980516	0.8698453977153369	0.25979118513169747	ENSG00000248333.9	CDK11B	False
ENST00000374627	15.276232	1.6940726	2.2689862	0.5749136	0.15062407	0.8093544299533921	0.8221056313708155	ENSG00000133216.17	EPHB2	False
ENST00000379310	21.035738	1.7255664	2.300406	0.5748396	0.4088617	0.8323007445595858	0.38842357343262046	ENSG00000102763.18	VWA8	False
ENST00000493442	46.4	2.6693132	3.2441478	0.5748346	0.3536786	0.8173803121090482	0.45139120013867473	ENSG00000123575.9	FAM199X	False
ENST00000405591	200.30864	4.655857	5.230565	0.574708	0.48896602	0.8531979714712197	0.3107213223173263	ENSG00000122033.15	MTIF3	False
ENST00000374251	21.3	2.197679	2.77227	0.5745909	0.36959702	0.8194459451468774	0.4322715417089923	ENSG00000204165.6	CXorf65	False
ENST00000520381	120.02806	4.188169	4.7625856	0.57441664	0.24057293	0.8093544299533921	0.6187532435020509	ENSG00000066777.9	ARFGEF1	False
ENST00000340413	134.06575	4.4777126	5.0520253	0.5743127	0.051234335	0.8093544299533921	1.290438898861022	ENSG00000120253.14	NUP43	False
ENST00000492590	67.84031	3.0488646	3.6230564	0.5741918	0.5148199	0.8587509528528511	0.2883446571715456	ENSG00000189283.11	FHIT	False
ENST00000372133	18.75905	1.5315489	2.1056855	0.5741366	0.32814106	0.8142173533113395	0.483939418761722	ENSG00000096080.12	MRPS18A	False
ENST00000646453	91.64799	3.6941414	4.2682443	0.5741029	0.479883	0.8506902620804366	0.31886464806319453	ENSG00000132849.22	PATJ	False
ENST00000526639	280.95593	5.4614244	6.0354433	0.57401896	0.07311048	0.8093544299533921	1.1360203434601455	ENSG00000184209.15	SNRNP35	False
ENST00000696814	138.35947	3.8742914	4.448203	0.57391167	0.55005515	0.8698453977153369	0.25959376778338683	ENSG00000101003.12	GINS1	False
ENST00000646481	54.83236	3.0304766	3.604344	0.5738673	0.51083505	0.8570954230208209	0.2917193107691604	ENSG00000090054.16	SPTLC1	False
ENST00000400075	15.292334	1.4755507	2.049391	0.5738404	0.4958118	0.8537766521893764	0.30468315007721003	ENSG00000154727.11	GABPA	False
ENST00000360270	2617.313	8.584532	9.158367	0.5738354	0.2971415	0.8111088466013822	0.5270366997690582	ENSG00000147065.18	MSN	False
ENST00000429277	69.88914	2.9471476	3.5209608	0.5738132	0.41615495	0.8359680413282926	0.380744934343164	ENSG00000122367.21	LDB3	False
ENST00000416222	33.799896	2.2026885	2.776206	0.57351756	0.4539596	0.8472077019271466	0.34298278190149184	ENSG00000119787.14	ATL2	False
ENST00000475377	40.5	2.6689024	3.242322	0.5734196	0.40404424	0.8303453948335059	0.39357107933083924	ENSG00000157827.20	FMNL2	False
ENST00000343255	68.089066	3.3745096	3.947918	0.57340837	0.504002	0.8556848333281974	0.2975677616581143	ENSG00000188529.15	SRSF10	False
ENST00000427183	497.16006	6.4986777	7.072065	0.57338715	0.07409194	0.8093544299533921	1.1302290270842734	ENSG00000115677.18	HDLBP	False
ENST00000596755	29.219614	2.4882488	3.06122	0.5729711	0.095076695	0.8093544299533921	1.0219259229838165	ENSG00000256060.3	TRAPPC2B	False
ENST00000633063	21.461712	1.1460508	1.7190095	0.5729587	0.66661334	0.9121934046677811	0.17612599941461837	ENSG00000033030.16	ZCCHC8	False
ENST00000688342	1887.5612	7.9999185	8.572566	0.5726476	0.49339944	0.8537766521893764	0.30680134666946646	ENSG00000101596.17	SMCHD1	False
ENST00000394464	202.75673	4.9091706	5.481371	0.5722003	0.36438644	0.8185742609699567	0.4384377937094451	ENSG00000113580.15	NR3C1	False
ENST00000453693	15.224231	1.303967	1.8761332	0.5721662	0.5546975	0.8719910230509131	0.2559437808324786	ENSG00000163808.17	KIF15	True
ENST00000637504	38.58794	2.4398527	3.0119424	0.5720897	0.3535706	0.8173803121090482	0.45152384185353167	ENSG00000162341.18	TPCN2	False
ENST00000392782	2992.7056	8.876013	9.4481	0.5720873	0.2835623	0.8103610639894862	0.5473515057372105	ENSG00000123636.19	BAZ2B	False
ENST00000595753	266.94406	5.5417767	6.113611	0.57183456	0.13689096	0.8093544299533921	0.8636252222124214	ENSG00000127526.15	SLC35E1	False
ENST00000560778	41.46241	2.3700495	2.941807	0.57175756	0.4919994	0.8537766521893764	0.3080354376814853	ENSG00000259417.3	CTXND1	True
ENST00000397712	8.539324	0.72128683	1.2929916	0.5717048	0.45066306	0.8472077019271466	0.34614803881700773	ENSG00000186522.15	SEPTIN10	False
ENST00000383750	25.0	2.2669594	2.838245	0.5712855	0.16476646	0.8093544299533921	0.783131187262317	ENSG00000093183.14	SEC22C	False
ENST00000677428	15.2847185	1.1720307	1.7430922	0.5710615	0.5154988	0.8587697515903885	0.2877723270541578	ENSG00000163945.19	UVSSA	False
ENST00000471994	196.37936	4.474344	5.045141	0.57079744	0.59528553	0.8857731799485989	0.22527467045911626	ENSG00000174891.14	RSRC1	False
ENST00000474660	15.302823	1.740748	2.31151	0.57076204	0.44342372	0.8455994575468359	0.35318108069833437	ENSG00000255154.9	HTD2	False
ENST00000495544	220.93564	5.0417523	5.6124287	0.5706763	0.4015628	0.8298121044971967	0.39624651544454076	ENSG00000196562.16	SULF2	True
ENST00000326291	31.86147	1.3306972	1.9013609	0.5706637	0.6946474	0.9202476051563645	0.1582356031209442	ENSG00000083535.16	PIBF1	False
ENST00000413366	77.72005	3.550376	4.120996	0.57062006	0.47531146	0.8500118764885034	0.3230217162452843	ENSG00000154229.12	PRKCA	False
ENST00000479548	287.9914	5.3203435	5.8908453	0.5705018	0.30710003	0.8118754707110037	0.5127201442433034	ENSG00000205929.11	C21orf62	False
ENST00000692716	57.596474	3.218426	3.7888315	0.5704055	0.4442895	0.8455994575468359	0.3523339450647952	ENSG00000133812.18	SBF2	False
ENST00000319121	104.87813	3.682604	4.2529325	0.5703285	0.46627828	0.8494197755236921	0.3313548097573605	ENSG00000178502.6	KLHL11	False
ENST00000285298	228.50188	4.8420815	5.4124	0.5703182	0.49511394	0.8537766521893764	0.30529484671251	ENSG00000239789.6	MRPS17	False
ENST00000408042	54.38366	3.423686	3.9939573	0.57027125	0.21960515	0.8093544299533921	0.6583574836586915	ENSG00000089177.20	KIF16B	False
ENST00000445832	103.15171	4.3061085	4.876363	0.5702543	0.028331593	0.8093544299533921	1.5477290106447892	ENSG00000157895.11	C12orf43	False
ENST00000583463	21.805185	1.4525951	2.0228434	0.57024825	0.6510427	0.9064197091743617	0.18639052650801943	ENSG00000128487.19	SPECC1	False
ENST00000264380	181.69162	4.869182	5.43936	0.57017803	0.057353616	0.8093544299533921	1.2414391975453625	ENSG00000115020.17	PIKFYVE	False
ENST00000595510	46.44367	2.7442734	3.3143835	0.5701101	0.29516208	0.8111088466013822	0.5299394353251712	ENSG00000090554.13	FLT3LG	False
ENST00000645652	127.03988	4.314817	4.8847427	0.5699258	0.2307473	0.8093544299533921	0.636863376882545	ENSG00000174951.12	FUT1	False
ENST00000647097	283.38495	5.324026	5.8937454	0.5697193	0.15507029	0.8093544299533921	0.8094714010148081	ENSG00000109323.11	MANBA	False
ENST00000421699	127.03967	2.8882282	3.4578161	0.56958795	0.77642274	0.9442272701652389	0.10990175395062933	ENSG00000167110.19	GOLGA2	False
ENST00000446119	40.1	2.598688	3.168049	0.5693612	0.5376647	0.8669369265370219	0.2694884666183651	ENSG00000011028.14	MRC2	False
ENST00000055682	9.61215	0.74982023	1.3190563	0.56923604	0.55564487	0.8723568062898063	0.25520269108124655	ENSG00000050030.16	NEXMIF	False
ENST00000288266	224.22649	5.3073545	5.8765464	0.56919193	0.21896748	0.8093544299533921	0.6596203748498871	ENSG00000157500.12	APPL1	False
ENST00000503802	64.59517	3.5953066	4.164206	0.5688994	0.015877401	0.8093544299533921	1.7992205740475797	ENSG00000172869.15	DMXL1	False
ENST00000522901	10.96286	0.8403721	1.4091686	0.5687965	0.50961953	0.8566788288100671	0.29275393359143154	ENSG00000132842.15	AP3B1	True
ENST00000301011	133.9	4.4361663	5.0047417	0.5685754	0.18980338	0.8093544299533921	0.7216960653023248	ENSG00000158545.16	ZC3H18	False
ENST00000461490	21.248625	1.5340673	2.1025696	0.5685023	0.37840673	0.8230751633283137	0.4220411444744562	ENSG00000133256.13	PDE6B	False
ENST00000684530	32.917652	2.6028779	3.1713586	0.56848073	0.19757122	0.8093544299533921	0.7042763227455577	ENSG00000131844.17	MCCC2	False
ENST00000411653	232.28262	4.997475	5.565881	0.5684056	0.35663787	0.8176176581231089	0.44777254837330555	ENSG00000059377.19	TBXAS1	False
ENST00000359015	545.4	6.237993	6.806318	0.56832504	0.25633764	0.8093544299533921	0.5911876138573846	ENSG00000197442.11	MAP3K5	False
ENST00000598024	20.335054	1.9800701	2.5482516	0.5681815	0.39750957	0.8298121044971967	0.4006524059462036	ENSG00000170954.12	ZNF415	True
ENST00000616065	93.002426	3.7987463	4.3665857	0.5678394	0.5259918	0.8628966334781174	0.27902102837704545	ENSG00000241839.10	PLEKHO2	False
ENST00000293725	40.059296	2.8078985	3.3755386	0.56764007	0.27529526	0.8093544299533921	0.5602012700074412	ENSG00000188868.14	ZNF563	False
ENST00000423698	129.77333	4.5065136	5.074143	0.56762934	0.19677453	0.8093544299533921	0.706031121922754	ENSG00000012061.17	ERCC1	False
ENST00000606183	61.840626	3.1875823	3.75519	0.56760764	0.4467396	0.8459831455694948	0.3499455353654399	ENSG00000248483.7	POU5F2	False
ENST00000281741	61.438377	3.4399178	4.0074134	0.5674956	0.17374508	0.8093544299533921	0.7600874825606305	ENSG00000087301.9	TXNDC16	False
ENST00000704338	127.591965	3.725063	4.292376	0.56731296	0.55979085	0.8736417902867227	0.25197420476857085	ENSG00000015171.21	ZMYND11	False
ENST00000337917	61.51774	1.3608614	1.9279832	0.56712174	0.65957725	0.9101539440874783	0.18073433204677683	ENSG00000204472.13	AIF1	False
ENST00000680012	80.77966	3.5799503	4.1470532	0.5671029	0.50291485	0.8551707956010974	0.29850554390551187	ENSG00000120697.10	ALG5	False
ENST00000402676	49.492954	2.6536956	3.2207503	0.56705475	0.6241867	0.8979233606519958	0.20468549314235393	ENSG00000131016.17	AKAP12	False
ENST00000332238	22.989878	1.9221921	2.4892364	0.56704426	0.33200884	0.8147910346358502	0.47885035446652024	ENSG00000182854.8	OR4F15	False
ENST00000641654	47.73303	1.9848508	2.5518136	0.56696284	0.6758664	0.9145501406384322	0.17013912743306875	ENSG00000061987.16	MON2	False
ENST00000281589	36.951668	2.6781514	3.2450721	0.56692076	0.2988343	0.8111088466013822	0.5245695645695121	ENSG00000151846.9	PABPC3	False
ENST00000706275	5.333659	0.52512634	1.0919856	0.56685925	0.40964934	0.8323007445595858	0.38758773807385954	ENSG00000276644.5	DACH1	False
ENST00000714409	43.17019	2.9596212	3.526474	0.5668528	0.07113515	0.8093544299533921	1.1479157581035775	ENSG00000141510.19	TP53	True
ENST00000648020	108.913284	4.2461333	4.8129096	0.5667763	0.20556495	0.8093544299533921	0.6870509416438018	ENSG00000171793.17	CTPS1	False
ENST00000339868	111.319824	4.030392	4.5969725	0.5665803	0.19316599	0.8093544299533921	0.7140693408684756	ENSG00000074621.14	SLC24A1	False
ENST00000339950	127.11481	2.1232016	2.6896582	0.56645656	0.79540634	0.9512277697385503	0.09941095082755874	ENSG00000162607.13	USP1	False
ENST00000560508	45.006947	2.4399865	3.0063639	0.5663774	0.49385047	0.8537766521893764	0.3064045289361463	ENSG00000081014.11	AP4E1	False
ENST00000377704	42.351067	2.3529317	2.9190688	0.5661371	0.49049985	0.8537766521893764	0.30936111747640754	ENSG00000125871.14	MGME1	False
ENST00000674977	9.0	1.2322903	1.7981265	0.5658362	0.48713905	0.8529381765683051	0.3123470585494129	ENSG00000181222.19	POLR2A	False
ENST00000360998	85.01017	3.6037464	4.1694746	0.5657282	0.5112555	0.8572790927468692	0.2913620045988128	ENSG00000165209.19	STRBP	False
ENST00000372842	16.9725	1.7789968	2.3446977	0.5657009	0.37028956	0.8196503175243153	0.43145852749539093	ENSG00000167123.20	CERCAM	False
ENST00000586510	13.587499	1.2564961	1.8221897	0.5656936	0.40039718	0.8298121044971967	0.39750898828203124	ENSG00000087157.19	PGS1	False
ENST00000332281	11.7	1.0760075	1.6416066	0.5655991	0.38189957	0.823716002720574	0.418050835785286	ENSG00000185669.6	SNAI3	False
ENST00000641868	84.631096	3.6024506	4.1680465	0.56559587	0.25548404	0.8093544299533921	0.592636217170988	ENSG00000171180.3	OR2M4	False
ENST00000638572	34.32551	2.4162238	2.981686	0.56546235	0.40322447	0.8303154186824399	0.39445312215932415	ENSG00000115525.18	ST3GAL5	False
ENST00000434467	42.217773	2.8707526	3.4360723	0.5653198	0.21829024	0.8093544299533921	0.660965682497728	ENSG00000180376.17	CCDC66	True
ENST00000394420	202.4	4.9834476	5.5486913	0.5652437	0.23028174	0.8093544299533921	0.6377404968867255	ENSG00000159579.14	RSPRY1	False
ENST00000377022	42.0	3.0355997	3.600831	0.5652313	0.33334222	0.8149175944407723	0.4771096709033258	ENSG00000130940.15	CASZ1	False
ENST00000636661	67.10412	3.5690918	4.1342597	0.5651679	0.3364311	0.8158433703746901	0.4731038824280701	ENSG00000114859.16	CLCN2	False
ENST00000352171	474.46173	6.0133967	6.578562	0.56516504	0.296064	0.8111088466013822	0.5286144131293212	ENSG00000078618.23	NRDC	False
ENST00000531482	9.4	1.1087952	1.6738353	0.5650401	0.5059143	0.8558786284660064	0.2959230697986225	ENSG00000182359.15	KBTBD3	False
ENST00000609129	303.99396	5.616571	6.181305	0.564734	0.17676225	0.8093544299533921	0.752610471472582	ENSG00000273274.2	ZBTB8B	False
ENST00000672924	203.15907	4.8134933	5.3781805	0.56468725	0.3154281	0.8118754707110037	0.5010996090560624	ENSG00000112245.14	PTP4A1	False
ENST00000560796	18.47003	1.9376022	2.5022793	0.5646771	0.36045218	0.8185482386998197	0.4431523493924244	ENSG00000140368.14	PSTPIP1	True
ENST00000639401	9.04413	0.8958032	1.460388	0.56458473	0.45965034	0.8479586958753978	0.33757241647953024	ENSG00000283765.1	ENSG00000283765	False
ENST00000304646	35.92654	2.466531	3.0310967	0.56456566	0.3658144	0.8185742609699567	0.43673921734366267	ENSG00000168124.3	OR1F1	False
ENST00000261817	159.85336	4.7076116	5.272173	0.56456137	0.14952947	0.8093544299533921	0.8252732002314591	ENSG00000110801.14	PSMD9	False
ENST00000396128	255.01826	5.3652606	5.9297614	0.5645008	0.19955541	0.8093544299533921	0.6999364896711301	ENSG00000179454.14	KLHL28	False
ENST00000358966	199.09749	4.5952196	5.15966	0.56444025	0.54837203	0.8693177891645862	0.2609247045286041	ENSG00000152904.11	GGPS1	False
ENST00000260682	16.220531	1.671261	2.2356262	0.56436527	0.50400877	0.8556848333281974	0.2975619065610269	ENSG00000138109.11	CYP2C9	False
ENST00000428318	15.649679	1.1372374	1.7014911	0.5642537	0.54866654	0.869615704225186	0.2606915266324205	ENSG00000111912.20	NCOA7	False
ENST00000289921	59.3	3.2641628	3.8283978	0.564235	0.26931724	0.8093544299533921	0.5697358456599858	ENSG00000158863.22	FHIP2B	False
ENST00000339788	138.3942	4.576419	5.140622	0.56420326	0.23131768	0.8093544299533921	0.6357911644898353	ENSG00000153071.15	DAB2	False
ENST00000344843	260.5639	5.3417397	5.9058585	0.56411886	0.28789455	0.8109740254625081	0.5407665610214676	ENSG00000242485.6	MRPL20	False
ENST00000216297	626.102	6.8253746	7.3892593	0.56388474	0.15088508	0.8093544299533921	0.8213537159703465	ENSG00000092201.10	SUPT16H	False
ENST00000238091	69.32841	3.2427244	3.8065894	0.56386495	0.49115324	0.8537766521893764	0.3087829865087627	ENSG00000119185.13	ITGB1BP1	False
ENST00000438862	46.1818	2.7701228	3.333925	0.56380224	0.44398996	0.8455994575468359	0.3526268482409795	ENSG00000176102.13	CSTF3	False
ENST00000680024	130.30971	3.720866	4.2846556	0.5637896	0.55913705	0.8734555245741956	0.2524817320540113	ENSG00000138138.14	ATAD1	False
ENST00000299980	113.42014	3.7383559	4.3021364	0.56378055	0.45855227	0.8478742186373767	0.3386111512297105	ENSG00000166747.13	AP1G1	False
ENST00000677647	134.75711	4.4616456	5.025266	0.56362057	0.12611419	0.8093544299533921	0.8992360464241484	ENSG00000100883.13	SRP54	False
ENST00000368373	79.8	3.4309876	3.9945393	0.56355166	0.47852358	0.8504371505934152	0.32009665480315297	ENSG00000177628.16	GBA1	False
ENST00000251170	37.197334	2.60476	3.168077	0.56331706	0.3562739	0.8175932215882654	0.4482160048830813	ENSG00000103184.12	SEC14L5	False
ENST00000395136	2055.3374	8.447598	9.01076	0.56316185	0.01743074	0.8093544299533921	1.7586841881000757	ENSG00000116754.14	SRSF11	False
ENST00000488770	15.823862	1.7797741	2.3429341	0.56316006	0.47862282	0.8504371505934152	0.32000659514847074	ENSG00000050393.12	MCUR1	False
ENST00000346234	166.3	4.428928	4.992025	0.563097	0.4749973	0.8500118764885034	0.3233088481866594	ENSG00000134996.12	OSTF1	False
ENST00000637282	8.418488	1.2275275	1.790577	0.56304955	0.4346592	0.842654100473947	0.3618511108442278	ENSG00000187391.23	MAGI2	False
ENST00000295491	11.626857	0.8572077	1.4201541	0.5629464	0.6121358	0.8924767740121592	0.21315220104622148	ENSG00000163319.11	MRPS18C	False
ENST00000601575	202.03406	4.3586154	4.921484	0.5628686	0.54722714	0.8693177891645862	0.2618323683386615	ENSG00000183760.11	ACP7	False
ENST00000333703	68.34375	3.4251668	3.9879227	0.5627558	0.32602847	0.8142173533113395	0.48674447912049146	ENSG00000099715.15	PCDH11Y	False
ENST00000644883	170.34126	4.275702	4.83831	0.56260777	0.4607431	0.8481416265840513	0.3365411604881973	ENSG00000204842.18	ATXN2	False
ENST00000396154	21.4	1.8283266	2.3908703	0.56254375	0.39845031	0.8298121044971967	0.3996258255030253	ENSG00000083828.16	ZNF586	False
ENST00000510496	17.42689	1.7275938	2.290034	0.5624403	0.6160607	0.8944279309061053	0.21037651321138498	ENSG00000198780.13	FAM169A	False
ENST00000260585	53.75697	3.3775349	3.9399633	0.5624285	0.24905047	0.8093544299533921	0.6037126374719823	ENSG00000138018.19	SELENOI	False
ENST00000559809	55.9398	3.093942	3.656315	0.56237316	0.4002957	0.8298121044971967	0.3976190700925932	ENSG00000140575.13	IQGAP1	False
ENST00000311085	98.705025	4.149216	4.7115164	0.5623002	0.19562675	0.8093544299533921	0.7085717587581004	ENSG00000172869.15	DMXL1	False
ENST00000403687	40.39487	2.267553	2.8298187	0.56226563	0.6643229	0.9110483418656254	0.17762076835547025	ENSG00000152689.18	RASGRP3	False
ENST00000616010	356.9477	5.7406783	6.3029027	0.5622244	0.3818743	0.823716002720574	0.41807957636196225	ENSG00000112576.13	CCND3	True
ENST00000256079	50.928917	2.9637945	3.5257819	0.5619874	0.43795604	0.8432068804795233	0.35856948460015686	ENSG00000133704.10	IPO8	False
ENST00000398129	477.17007	6.217814	6.7796946	0.5618806	0.32690203	0.8142173533113395	0.48558238000218457	ENSG00000087274.19	ADD1	False
ENST00000251595	14261.308	10.762607	11.324285	0.56167793	0.57396877	0.87762699845426	0.24111173861639748	ENSG00000188536.13	HBA2	False
ENST00000407236	209.31726	5.1391277	5.700585	0.56145716	0.14788716	0.8093544299533921	0.8300695445644802	ENSG00000186951.17	PPARA	False
ENST00000342287	58.6	2.9283228	3.489745	0.5614221	0.46150723	0.8481416265840513	0.33582148996302974	ENSG00000167081.18	PBX3	False
ENST00000681096	55.42002	3.0257177	3.587114	0.56139636	0.4882596	0.8529381765683051	0.3113491969802904	ENSG00000141252.21	VPS53	False
ENST00000437756	65.4	3.2413971	3.8027344	0.56133723	0.3515783	0.8172002775093227	0.4539779440431643	ENSG00000100065.15	CARD10	False
ENST00000676846	180.14006	5.1176753	5.678949	0.5612736	0.165779	0.8093544299533921	0.7804704986621026	ENSG00000103226.19	NOMO3	False
ENST00000585973	27.048422	1.0467416	1.6080133	0.56127167	0.61613685	0.8944279309061053	0.21032281684057316	ENSG00000178690.4	DYNAP	False
ENST00000253159	174.59167	4.8653855	5.426644	0.5612583	0.2194713	0.8093544299533921	0.6586222527812919	ENSG00000130856.18	ZNF236	False
ENST00000524118	1448.866	7.7401047	8.301156	0.56105137	0.48076096	0.8508353095404965	0.3180708046820184	ENSG00000156675.16	RAB11FIP1	False
ENST00000377045	50.4	2.97371	3.5347185	0.56100845	0.32527232	0.8142173533113395	0.487752890434463	ENSG00000078061.14	ARAF	False
ENST00000375689	31.215902	2.5659664	3.1269057	0.5609393	0.34765863	0.81719736681995	0.4588469803365244	ENSG00000171456.22	ASXL1	False
ENST00000639715	23.60574	1.2652813	1.8261883	0.560907	0.6620569	0.9104548772915186	0.17910466880191725	ENSG00000138760.11	SCARB2	True
ENST00000497705	19.304869	1.3730941	1.9339794	0.5608853	0.6820095	0.9165294746754324	0.166209564273632	ENSG00000164830.19	OXR1	False
ENST00000375887	1183.0869	7.5703826	8.131249	0.56086683	0.3555822	0.8175932215882654	0.44905997830748334	ENSG00000102524.12	TNFSF13B	False
ENST00000641152	117.46338	4.0131526	4.573908	0.56075525	0.42816883	0.8406951956600023	0.36838494852607	ENSG00000204694.13	OR11A1	False
ENST00000581287	21.923426	2.119967	2.6805258	0.5605588	0.39772367	0.8298121044971967	0.40041855656805553	ENSG00000141526.18	SLC16A3	False
ENST00000675649	70.49157	3.6002586	4.1607714	0.5605128	0.16523883	0.8093544299533921	0.7818878954337339	ENSG00000106477.20	CEP41	False
ENST00000646001	147.13356	4.266595	4.8270845	0.56048965	0.5023372	0.8551707956010974	0.29900464449088854	ENSG00000156869.14	FRRS1	False
ENST00000454610	20.00937	1.6246766	2.185103	0.56042635	0.3190977	0.8118754707110037	0.4960763291962262	ENSG00000180822.12	PSMG4	False
ENST00000449165	18.695604	1.947827	2.5081437	0.5603167	0.35688582	0.8177023872408846	0.44747070658535537	ENSG00000157617.17	C2CD2	True
ENST00000204566	5.5420036	1.0890824	1.6493589	0.5602765	0.51875323	0.8594868130311181	0.28503918567240155	ENSG00000090487.11	SPG21	False
ENST00000343605	45.384636	2.717755	3.2774653	0.55971026	0.3696503	0.8194459451468774	0.4322089319300227	ENSG00000100036.13	SLC35E4	False
ENST00000485866	84.78831	3.4107053	3.97018	0.5594747	0.49384126	0.8537766521893764	0.30641262737816677	ENSG00000163848.21	ZNF148	False
ENST00000635971	21.390842	1.6419755	2.201373	0.5593976	0.2996196	0.8113486273734618	0.5234298014560954	ENSG00000198954.9	KIFBP	False
ENST00000699355	54.7216	3.1393383	3.6986344	0.55929613	0.44544956	0.845708078626981	0.3512014648512398	ENSG00000105397.15	TYK2	False
ENST00000340465	17.421883	1.9678322	2.5268729	0.55904067	0.34245443	0.81719736681995	0.465397207008269	ENSG00000187871.2	GFRAL	False
ENST00000696071	11.824817	1.4203006	1.9792969	0.5589963	0.076087646	0.8093544299533921	1.1186858508329562	ENSG00000095110.9	NXPE1	False
ENST00000287761	92.65615	4.003596	4.5625625	0.55896664	0.16179831	0.8093544299533921	0.7910260102000054	ENSG00000157107.14	FCHO2	False
ENST00000258229	248.60306	5.4224286	5.9813285	0.5588999	0.043327127	0.8093544299533921	1.3632401113477437	ENSG00000135749.20	PCNX2	False
ENST00000611975	86.55252	3.6568413	4.215708	0.5588665	0.38645807	0.8245805590791475	0.41289762038063804	ENSG00000135622.13	SEMA4F	False
ENST00000287912	150.57745	4.4186473	4.977481	0.5588336	0.38036838	0.8231329589941108	0.4197955911224628	ENSG00000184863.11	RBM33	False
ENST00000254528	286.40967	5.444142	6.002917	0.55877495	0.3903943	0.826726746085921	0.40849653168165573	ENSG00000132205.11	EMILIN2	False
ENST00000335251	478.74283	6.297172	6.8558865	0.5587144	0.07914103	0.8093544299533921	1.101598311541232	ENSG00000164066.13	INTU	False
ENST00000360418	227.63708	4.474257	5.032818	0.55856085	0.5591285	0.8734555245741956	0.2524883524732964	ENSG00000241635.8	UGT1A1	False
ENST00000485080	54.30888	3.4422562	4.0007534	0.5584972	0.046479758	0.8093544299533921	1.3327361429614581	ENSG00000072310.18	SREBF1	False
ENST00000706565	540.8971	6.619745	7.178238	0.55849314	0.36145997	0.8185742609699567	0.4419397912179542	ENSG00000115419.14	GLS	True
ENST00000263636	92.93432	3.6713142	4.2297406	0.5584264	0.44440693	0.8456683662536015	0.35221918066145597	ENSG00000054219.11	LY75	False
ENST00000360997	10.407302	1.1661857	1.7245481	0.55836236	0.33063212	0.8142173533113395	0.4806549577149462	ENSG00000168309.18	FAM107A	False
ENST00000371438	24.43934	1.6854391	2.2436824	0.5582433	0.6173221	0.894947108003435	0.2094881840475504	ENSG00000124813.23	RUNX2	False
ENST00000412142	18.961107	1.8183503	2.3764677	0.5581174	0.3608587	0.8185742609699567	0.44266280939072	ENSG00000164744.14	SUN3	False
ENST00000435634	581.5018	6.593079	7.1511946	0.5581155	0.1395014	0.8093544299533921	0.8554214561876028	ENSG00000223496.3	EXOSC6	False
ENST00000564973	3739.15	9.2068205	9.764832	0.55801105	0.28367722	0.8103610639894862	0.5471755372244771	ENSG00000185883.12	ATP6V0C	False
ENST00000397519	940.93494	7.385736	7.943665	0.55792904	0.12214251	0.8093544299533921	0.9131331644839731	ENSG00000164985.15	PSIP1	False
ENST00000290607	17.0	1.7421907	2.300048	0.5578574	0.34664214	0.81719736681995	0.46011864713503575	ENSG00000159433.12	STARD9	False
ENST00000486180	32.799316	2.1790705	2.7369113	0.5578408	0.47048947	0.8496539504698483	0.32745009006449655	ENSG00000185055.11	EFCAB10	False
ENST00000368655	642.474	6.5846725	7.1424603	0.5577879	0.29018053	0.8109740254625081	0.5373317242412053	ENSG00000143614.11	GATAD2B	False
ENST00000361219	1090.4834	7.296806	7.854453	0.5576472	0.29136446	0.8109740254625081	0.5355634218629768	ENSG00000142864.15	SERBP1	False
ENST00000574576	34.204494	2.7811918	3.3388143	0.55762243	0.36725107	0.8192702949872638	0.43503693214922035	ENSG00000205220.12	PSMB10	False
ENST00000538735	15.9	1.5116334	2.0691957	0.55756235	0.34281078	0.81719736681995	0.46494552998580047	ENSG00000205307.12	SAP25	False
ENST00000648539	424.44443	5.9619994	6.519325	0.55732536	0.39643422	0.8295087282038196	0.40182886701921716	ENSG00000156650.14	KAT6B	False
ENST00000441687	52.365387	2.8994532	3.456702	0.55724883	0.38328698	0.823835243286134	0.41647593004150096	ENSG00000123485.12	HJURP	False
ENST00000265523	27.04675	2.094031	2.6512554	0.5572243	0.35005078	0.81719736681995	0.45586895377280257	ENSG00000106605.11	BLVRA	False
ENST00000574902	11.099999	1.1265193	1.6836827	0.55716336	0.5456062	0.8693177891645862	0.26312070645736446	ENSG00000085644.15	ZNF213	False
ENST00000254605	130.10397	4.4418435	4.998983	0.5571394	0.22220145	0.8093544299533921	0.6532531081065738	ENSG00000132275.11	RRP8	False
ENST00000369686	300.86307	5.291801	5.8488045	0.5570035	0.44696492	0.8459831455694948	0.3497265615130022	ENSG00000134245.18	WNT2B	False
ENST00000567617	395.3	5.778731	6.335537	0.5568061	0.36608762	0.8185742609699567	0.436414962774701	ENSG00000167173.19	C15orf39	False
ENST00000555978	11.228387	1.4467348	2.003479	0.5567442	0.17684074	0.8093544299533921	0.7524176826655732	ENSG00000173976.16	RAX2	False
ENST00000549336	126.69293	4.310449	4.867078	0.5566287	0.3710839	0.8199748637125035	0.4305279047733499	ENSG00000111424.12	VDR	False
ENST00000531026	345.27487	5.9618974	6.518421	0.5565238	0.054310642	0.8093544299533921	1.2651150619687561	ENSG00000048649.14	RSF1	False
ENST00000497194	415.954	5.886001	6.4424562	0.55645514	0.21984501	0.8093544299533921	0.6578833838497734	ENSG00000137496.19	IL18BP	False
ENST00000457563	45.674294	2.9249065	3.4812055	0.556299	0.46297064	0.8485544709786854	0.33444654559256437	ENSG00000164483.17	SAMD3	False
ENST00000305632	71.68482	3.707146	4.263301	0.55615497	0.23036645	0.8093544299533921	0.6375807635658322	ENSG00000106638.18	TBL2	False
ENST00000408926	751.4507	6.7979684	7.3539867	0.55601835	0.20413937	0.8093544299533921	0.6900732367736941	ENSG00000221947.8	XKR9	False
ENST00000179259	204.35924	5.0344768	5.5902433	0.5557666	0.2249433	0.8093544299533921	0.6479269473095486	ENSG00000078237.7	TIGAR	False
ENST00000490638	22.010136	2.1366315	2.6923332	0.55570173	0.4003164	0.8298121044971967	0.39759663118341554	ENSG00000137135.18	ARHGEF39	False
ENST00000555794	18.149435	1.216252	1.77195	0.55569804	0.47171724	0.8496539504698483	0.32631825261462644	ENSG00000100485.12	SOS2	False
ENST00000684671	11.333888	1.1774148	1.7330711	0.5556563	0.55824405	0.8731262404848221	0.25317589747598257	ENSG00000124356.17	STAMBP	True
ENST00000433686	23.98118	2.0376656	2.5933022	0.55563664	0.32113758	0.8125420389446386	0.4933088733274438	ENSG00000121413.13	ZSCAN18	False
ENST00000599386	98.68434	3.589098	4.1446953	0.5555973	0.43655676	0.8427149638673764	0.3599592859083803	ENSG00000130669.17	PAK4	False
ENST00000334414	20.939072	2.059742	2.6153166	0.55557466	0.17191806	0.8093544299533921	0.7646784872578043	ENSG00000127329.16	PTPRB	False
ENST00000409511	8.6136	0.91266996	1.4681981	0.5555281	0.61116576	0.892235460817922	0.21384098331604662	ENSG00000153563.17	CD8A	False
ENST00000517374	121.28066	4.2110753	4.766489	0.5554137	0.09294951	0.8093544299533921	1.0317528971196281	ENSG00000135074.16	ADAM19	False
ENST00000421471	22.447525	1.7794938	2.3348875	0.5553937	0.50155526	0.8548764927378353	0.2996812071575286	ENSG00000112118.20	MCM3	False
ENST00000577891	10.358185	1.2300023	1.7853942	0.5553919	0.27949238	0.8093544299533921	0.5536300308390032	ENSG00000158201.10	ABHD3	False
ENST00000713619	110.990395	4.2085595	4.7638893	0.5553298	0.14887676	0.8093544299533921	0.8271731017260276	ENSG00000139567.14	ACVRL1	False
ENST00000317551	194.06403	4.7092214	5.2644777	0.55525637	0.27811158	0.8093544299533921	0.5557809322529482	ENSG00000139624.14	CERS5	False
ENST00000391366	104.219955	4.0096726	4.564907	0.55523443	0.21182606	0.8093544299533921	0.6740206193649658	ENSG00000116205.14	TCEANC2	False
ENST00000697753	9.927116	1.3236114	1.878827	0.5552156	0.48117575	0.8508696399096464	0.3176962676414438	ENSG00000168028.15	RPSA	False
ENST00000401432	23.060648	1.8409358	2.3959098	0.55497396	0.3045232	0.8118754707110037	0.5163796154781648	ENSG00000084710.14	EFR3B	False
ENST00000434618	279.64896	4.261638	4.8166056	0.5549674	0.8046045	0.9552005372235465	0.09441755863040487	ENSG00000231925.14	TAPBP	False
ENST00000572794	52.19353	2.9529178	3.507731	0.55481315	0.42163426	0.838029552988072	0.37506411090729497	ENSG00000141556.22	TBCD	True
ENST00000340648	156.2	4.8622947	5.417054	0.5547595	0.16007207	0.8093544299533921	0.7956844298050728	ENSG00000160208.13	RRP1B	False
ENST00000404034	33.52671	2.3319511	2.886695	0.55474377	0.5011262	0.8548764927378353	0.30005286498209427	ENSG00000100425.19	BRD1	False
ENST00000706456	119.19226	3.8743165	4.429039	0.55472255	0.5505717	0.8700738757342981	0.25918613131189955	ENSG00000105819.15	PMPCB	False
ENST00000575318	168.63632	4.4784083	5.033101	0.55469275	0.27169228	0.8093544299533921	0.5659227080592399	ENSG00000120071.15	KANSL1	False
ENST00000263372	1050.783	7.353905	7.9084787	0.55457354	0.15813419	0.8093544299533921	0.8009742155164555	ENSG00000099337.5	KCNK6	False
ENST00000389354	119.53691	4.3694587	4.923977	0.5545182	0.2499769	0.8093544299533921	0.6021001164324127	ENSG00000109794.14	FAM149A	False
ENST00000273047	52.995308	3.0605009	3.6149719	0.554471	0.4357218	0.842654100473947	0.3607906963476537	ENSG00000144566.11	RAB5A	False
ENST00000447706	115.7112	3.9466774	4.501146	0.5544684	0.53097945	0.8648952559812247	0.2749222829907751	ENSG00000118197.14	DDX59	False
ENST00000508457	14.933998	1.4258915	1.9802551	0.5543636	0.2258228	0.8093544299533921	0.6462321998095737	ENSG00000205208.5	C4orf46	False
ENST00000616058	50.331184	2.8566477	3.4108894	0.55424166	0.51718026	0.8587697515903885	0.28635805649295554	ENSG00000094975.15	SUCO	False
ENST00000373839	721.8478	6.8504243	7.404418	0.5539937	0.17069843	0.8093544299533921	0.7677704628253377	ENSG00000204138.13	PHACTR4	False
ENST00000508780	29.4198	2.068693	2.6226718	0.5539789	0.4664652	0.8494625800622931	0.3311807460439463	ENSG00000173221.14	GLRX	False
ENST00000583844	17.373997	1.9448947	2.4988503	0.5539557	0.3920753	0.8283469520179724	0.4066305163263731	ENSG00000141293.16	SKAP1	True
ENST00000674203	59.64972	3.0112884	3.5652256	0.5539372	0.44344467	0.8455994575468359	0.3531605614916619	ENSG00000081985.14	IL12RB2	False
ENST00000371327	114.591515	4.181481	4.7351966	0.5537157	0.20887074	0.8093544299533921	0.680122397223148	ENSG00000119969.16	HELLS	False
ENST00000682536	1812.1117	8.068057	8.62152	0.553463	0.24658845	0.8093544299533921	0.608027262830652	ENSG00000168137.20	SETD5	False
ENST00000393845	48.319496	2.9863167	3.5396876	0.55337095	0.23084262	0.8093544299533921	0.6366840049601787	ENSG00000206530.11	CFAP44	False
ENST00000433627	178.23738	3.7548435	4.308047	0.55320334	0.7817486	0.9457925762414158	0.1069328918138301	ENSG00000257103.9	LSM14A	False
ENST00000406391	57.749866	2.4356315	2.9886544	0.55302286	0.71588176	0.9265273710846333	0.14515869989400929	ENSG00000183023.19	SLC8A1	False
ENST00000261978	41.9	2.70768	3.2606256	0.5529456	0.43995944	0.8443962847044232	0.3565873627159856	ENSG00000119681.12	LTBP2	False
ENST00000443096	9.14797	1.0648835	1.6177753	0.55289185	0.38887486	0.8259378738446596	0.41019013377852276	ENSG00000167011.9	NAT16	False
ENST00000313835	46.268936	2.2919028	2.8445883	0.5526855	0.57526016	0.8784631987948363	0.24013570049057245	ENSG00000117262.19	GPR89A	False
ENST00000240079	51.033447	2.984266	3.5369477	0.5526817	0.4102838	0.8324648546020382	0.38691562658267287	ENSG00000120860.11	WASHC3	False
ENST00000323584	219.98262	5.121902	5.6744175	0.5525155	0.05893147	0.8093544299533921	1.2296527262388137	ENSG00000102893.18	PHKB	False
ENST00000344423	365.6535	6.030561	6.5830116	0.55245066	0.016370216	0.8093544299533921	1.7859455799658053	ENSG00000186918.14	ZNF395	False
ENST00000470743	20.285969	1.4257873	1.9780109	0.55222356	0.6091059	0.8915393767224997	0.2153072044335587	ENSG00000143252.17	SDHC	False
ENST00000327590	154.04424	4.3332562	4.885474	0.55221796	0.49589938	0.8537766521893764	0.30460643534066506	ENSG00000114861.24	FOXP1	False
ENST00000317402	124.55165	3.3173513	3.8694773	0.55212593	0.7441222	0.9358045784008151	0.12835573442871076	ENSG00000178295.15	GEN1	False
ENST00000544835	112.6803	4.0178995	4.570021	0.55212164	0.4924064	0.8537766521893764	0.30767631272040236	ENSG00000105701.16	FKBP8	False
ENST00000378023	10.047398	0.97124404	1.5229571	0.55171305	0.5175585	0.8587697515903885	0.2860405418397694	ENSG00000111913.20	RIPOR2	False
ENST00000489824	5.939981	0.5377577	1.0893664	0.55160874	0.38529858	0.8242780206977225	0.41420259163365	ENSG00000108443.14	RPS6KB1	True
ENST00000449606	70.78529	3.5193074	4.070902	0.5515945	0.27796543	0.8093544299533921	0.5560092186067781	ENSG00000103356.18	EARS2	False
ENST00000621494	417.5541	5.8953414	6.44686	0.55151844	0.31989455	0.8121593305743525	0.4949931558403467	ENSG00000089916.18	GPATCH2L	False
ENST00000373036	519.9295	6.0903134	6.641651	0.5513377	0.34070578	0.81719736681995	0.46762049588496996	ENSG00000188786.10	MTF1	False
ENST00000228506	267.51166	5.592832	6.1441193	0.5512872	0.07433582	0.8093544299533921	1.128801857814087	ENSG00000110917.8	MLEC	False
ENST00000260908	1494.86	7.8553033	8.406473	0.5511699	0.09236839	0.8093544299533921	1.0344766417355078	ENSG00000205045.13	SLFN12L	False
ENST00000393792	9.547567	1.0133555	1.56447	0.55111456	0.5300962	0.8648242843919811	0.2756453308925745	ENSG00000168246.6	UBTD2	False
ENST00000626257	35.862877	2.5134635	3.0644274	0.5509639	0.40543342	0.8312293045789577	0.3920804590334353	ENSG00000146574.16	CCZ1B	False
ENST00000679576	14.506014	1.4637932	2.0147307	0.55093753	0.60355794	0.8899095328739771	0.21928102932673496	ENSG00000064703.13	DDX20	False
ENST00000374574	117.71761	4.294727	4.8456497	0.5509229	0.08145592	0.8093544299533921	1.0890773275545813	ENSG00000204217.16	BMPR2	False
ENST00000360793	110.004395	4.1265497	4.677438	0.55088806	0.22897598	0.8093544299533921	0.6402100707623284	ENSG00000008283.16	CYB561	False
ENST00000311604	329.27618	5.7676396	6.318501	0.55086136	0.2386309	0.8093544299533921	0.6222733103456832	ENSG00000130592.17	LSP1	False
ENST00000648777	328.9977	5.603026	6.1538215	0.55079556	0.36390916	0.8185742609699567	0.4390070184104845	ENSG00000067992.17	PDK3	False
ENST00000700495	127.15212	4.370005	4.920603	0.55059767	0.09122455	0.8093544299533921	1.0398882645647558	ENSG00000150455.15	TIRAP	False
ENST00000460851	117.269104	3.8236687	4.3740797	0.550411	0.48438188	0.8524476847822213	0.3148121076425809	ENSG00000144895.12	EIF2A	False
ENST00000394610	1052.0131	7.6371427	8.187255	0.55011225	0.047528878	0.8093544299533921	1.3230424391750049	ENSG00000125354.24	SEPTIN6	False
ENST00000584633	22.737528	1.3552871	1.9051859	0.54989886	0.55637056	0.8725429329491033	0.25463586133834404	ENSG00000072134.16	EPN2	True
ENST00000697043	57.49038	2.8618858	3.4117613	0.5498755	0.57561874	0.8786354755309875	0.23986507255636105	ENSG00000101577.11	LPIN2	False
ENST00000431254	25.31805	1.3640014	1.9137876	0.5497862	0.4739878	0.8500118764885034	0.3242328475433316	ENSG00000241837.7	ATP5PO	False
ENST00000368054	601.14777	6.4352527	6.985032	0.5497794	0.33649543	0.8158433703746901	0.47302083055761635	ENSG00000066294.15	CD84	False
ENST00000522707	38.87822	2.9484684	3.4982393	0.54977083	0.18883187	0.8093544299533921	0.7239247157163523	ENSG00000168575.11	SLC20A2	False
ENST00000549924	28.979458	1.1062614	1.6560041	0.5497427	0.6085777	0.8910446389180597	0.21568394528344415	ENSG00000205352.11	PRR13	False
ENST00000389834	457.03622	6.249149	6.7986917	0.5495429	0.14448267	0.8093544299533921	0.8401842346573466	ENSG00000103978.17	TMEM87A	False
ENST00000599631	53.762115	2.8447597	3.3941228	0.54936314	0.35826257	0.8182605935073269	0.4457985645688094	ENSG00000197619.15	ZNF615	False
ENST00000648078	37.50751	2.4613721	3.010633	0.54926085	0.677092	0.9151541648517211	0.16935230736501913	ENSG00000154059.11	IMPACT	False
ENST00000362066	18.562895	1.5054108	2.0546646	0.5492538	0.58500886	0.8819641855083519	0.23283755671919454	ENSG00000177138.17	FAM9B	False
ENST00000681243	56.532875	2.757982	3.3071682	0.5491862	0.7124486	0.9253601269841094	0.14724646446246953	ENSG00000124523.17	SIRT5	False
ENST00000333337	12.433252	1.23313	1.7822531	0.54912317	0.509948	0.8568012854819689	0.2924740942095976	ENSG00000205927.5	OLIG2	False
ENST00000556603	217.5273	5.404955	5.953968	0.54901314	0.22374274	0.8093544299533921	0.6502510509336012	ENSG00000100605.17	ITPK1	False
ENST00000367737	58.8	3.5848658	4.133876	0.54901004	0.25748008	0.8093544299533921	0.589256356347883	ENSG00000010165.20	METTL13	False
ENST00000606929	33.186882	2.4712274	3.020196	0.54896855	0.43624476	0.842654100473947	0.36026978057415343	ENSG00000146243.14	IRAK1BP1	True
ENST00000291041	65.6	3.4479592	3.9968903	0.5489311	0.33556938	0.8158433703746901	0.474217672275215	ENSG00000159792.10	PSKH1	False
ENST00000298537	10.28648	1.0501435	1.5989478	0.5488043	0.64976454	0.9059168869193345	0.18724399482720241	ENSG00000165689.17	ENTR1	False
ENST00000369295	10.307216	1.227182	1.775944	0.54876196	0.34956548	0.81719736681995	0.4564714657552312	ENSG00000043591.6	ADRB1	False
ENST00000641461	47.717335	3.2550755	3.8037205	0.548645	0.104183875	0.8093544299533921	0.982199493415306	ENSG00000170790.6	OR10A2	False
ENST00000342376	6.609914	0.7726702	1.321268	0.54859775	0.47316015	0.8499990726699249	0.3249918413416523	ENSG00000243772.8	KIR2DL3	False
ENST00000704355	433.8268	5.850452	6.3989515	0.5484996	0.49582815	0.8537766521893764	0.304668818870883	ENSG00000080503.25	SMARCA2	False
ENST00000276449	14.428957	1.7137569	2.2621956	0.54843867	0.32548097	0.8142173533113395	0.48747440137668097	ENSG00000147465.12	STAR	False
ENST00000620612	193.1777	3.5682468	4.1165795	0.5483327	0.7895676	0.949255947275071	0.10261068693080631	ENSG00000273136.9	NBPF26	False
ENST00000448387	24.777443	1.5168482	2.0651188	0.5482706	0.6211841	0.8965773677600053	0.20677966168298678	ENSG00000232653.9	GOLGA8N	False
ENST00000515576	197.08911	4.8914204	5.439689	0.5482688	0.21277498	0.8093544299533921	0.6720794475781239	ENSG00000164134.14	NAA15	False
ENST00000463947	19.482931	1.9466296	2.494895	0.54826534	0.26193178	0.8093544299533921	0.5818118107050656	ENSG00000168268.11	NT5DC2	False
ENST00000637539	412.69476	6.144619	6.6928077	0.5481887	0.4225713	0.8382654549255093	0.37410000099090623	ENSG00000211899.10	IGHM	False
ENST00000706924	188.98155	4.687685	5.235829	0.54814386	0.47733188	0.8504371505934152	0.3211795619957343	ENSG00000169045.19	HNRNPH1	False
ENST00000331772	12.5	1.0447683	1.592821	0.54805267	0.44402957	0.8455994575468359	0.3525881075931851	ENSG00000184719.13	RNLS	False
ENST00000679119	47.30478	2.2958157	2.8438494	0.5480337	0.6806987	0.9164198689997667	0.16704508340582258	ENSG00000204463.14	BAG6	False
ENST00000420115	125.65641	4.489531	5.0375605	0.5480294	0.36177346	0.8185742609699567	0.4415632951850815	ENSG00000091527.17	CDV3	False
ENST00000395957	8.521521	1.2181387	1.7660577	0.54791903	0.68263257	0.9167089134168167	0.16581299721929357	ENSG00000164924.18	YWHAZ	False
ENST00000379942	293.1	5.3734703	5.9212866	0.5478163	0.23665369	0.8093544299533921	0.6258867275782101	ENSG00000044446.12	PHKA2	False
ENST00000358438	62.842182	3.1977217	3.7454345	0.5477128	0.528964	0.8639215219130245	0.2765738978916142	ENSG00000228049.8	POLR2J2	False
ENST00000566838	219.12729	4.8092866	5.356919	0.5476322	0.44418287	0.8455994575468359	0.3524381914064563	ENSG00000086696.11	HSD17B2	False
ENST00000316985	222.9869	5.314204	5.8618298	0.54762554	0.2323501	0.8093544299533921	0.6338571435486734	ENSG00000147548.17	NSD3	False
ENST00000526015	176.24556	3.8052475	4.3527474	0.5474999	0.68575186	0.9173021276178854	0.16383300869269019	ENSG00000166012.17	TAF1D	False
ENST00000539973	16.45238	1.5702534	2.117724	0.54747057	0.5730423	0.8774993431264995	0.24181333880069464	ENSG00000157423.18	HYDIN	True
ENST00000612339	261.54968	5.2070093	5.7544785	0.54746914	0.30967158	0.8118754707110037	0.5090986489272475	ENSG00000184988.8	TMEM106A	False
ENST00000642092	261.4826	5.335901	5.8833656	0.54746485	0.22863041	0.8093544299533921	0.6408660074127248	ENSG00000172519.10	OR10H5	False
ENST00000280756	17.16838	1.7336799	2.2811215	0.5474416	0.40821096	0.8322411833574862	0.3891153359473465	ENSG00000151135.10	TMEM263	True
ENST00000409134	15.662799	1.7561051	2.3034997	0.54739463	0.49477708	0.8537766521893764	0.3055904238059486	ENSG00000164904.18	ALDH7A1	False
ENST00000682720	25.49188	0.9848544	1.5320733	0.54721886	0.6379231	0.9022811909133766	0.1952316566092478	ENSG00000111554.15	MDM1	False
ENST00000681653	274.56006	4.4013834	4.9485345	0.5471511	0.6449983	0.9047161926657467	0.19044142194082858	ENSG00000105835.13	NAMPT	False
ENST00000600935	27.30071	1.4680505	2.0151234	0.5470729	0.7283545	0.9312383368705125	0.1376571840876236	ENSG00000213024.13	NUP62	False
ENST00000284376	16.250301	1.2815435	1.8283817	0.54683816	0.668108	0.9125636621323021	0.17515333673227607	ENSG00000154222.15	CC2D1B	False
ENST00000318336	108.70901	3.9553444	4.5021753	0.5468309	0.57785463	0.8794550641073513	0.23818140013003242	ENSG00000156413.15	FUT6	False
ENST00000565733	34.431038	1.6143342	2.161099	0.54676473	0.69286245	0.9195424604733701	0.15935297414377972	ENSG00000117616.18	RSRP1	False
ENST00000372904	51.214283	3.2346132	3.7813118	0.5466986	0.27505633	0.8093544299533921	0.560578352266991	ENSG00000124120.11	TTPAL	False
ENST00000367357	38.666588	2.870691	3.4173508	0.5466597	0.356333	0.8175932215882654	0.44814397095111946	ENSG00000116833.14	NR5A2	False
ENST00000594034	23.055367	2.004165	2.550443	0.546278	0.3071793	0.8118754707110037	0.5126080508148249	ENSG00000125734.16	GPR108	True
ENST00000652738	328.53897	4.1587195	4.7048655	0.5461459	0.6616023	0.9104548772915186	0.17940298166372873	ENSG00000115524.17	SF3B1	False
ENST00000512528	105.43848	3.5423012	4.0884204	0.5461192	0.47083783	0.8496539504698483	0.32712864916253437	ENSG00000177034.18	MTX3	False
ENST00000281523	5.981477	0.77305096	1.3191489	0.54609793	0.59139436	0.8844109433291127	0.2281228180128623	ENSG00000151789.13	ZNF385D	False
ENST00000316610	49.9	3.2613652	3.8074007	0.5460355	0.13040592	0.8093544299533921	0.8847027000626134	ENSG00000176055.10	MBLAC2	False
ENST00000370620	108.88313	3.2873642	3.833379	0.5460148	0.75113034	0.936603159209308	0.12428469400834548	ENSG00000129675.16	ARHGEF6	False
ENST00000561795	20.988176	1.7009958	2.2469852	0.5459894	0.304642	0.8118754707110037	0.5162102337202233	ENSG00000005187.12	ACSM3	False
ENST00000675673	11.801307	1.5982546	2.143866	0.5456115	0.26375052	0.8093544299533921	0.57880666997453	ENSG00000109654.16	TRIM2	False
ENST00000444149	15.267326	1.3733221	1.9188826	0.5455605	0.42907315	0.8407629197723834	0.36746865636474213	ENSG00000234284.7	ZNF879	False
ENST00000227135	71.35509	3.3048623	3.8504217	0.5455594	0.39862615	0.8298121044971967	0.39943421626284403	ENSG00000064199.7	SPA17	True
ENST00000535873	28.145977	1.9525737	2.4980786	0.5455049	0.4553594	0.8473426594424552	0.34164569448923066	ENSG00000151065.14	DCP1B	False
ENST00000361729	109.031876	4.3482065	4.8936863	0.5454798	0.30313486	0.8118754707110037	0.5183641196180746	ENSG00000007968.7	E2F2	False
ENST00000318709	96.61632	2.8198402	3.3652651	0.54542494	0.7252035	0.9293352268139775	0.13954010012236523	ENSG00000105778.20	AVL9	False
ENST00000607714	368.72046	5.711201	6.2565556	0.54535437	0.2957444	0.8111088466013822	0.5290834858245757	ENSG00000105197.11	TIMM50	False
ENST00000463135	58.86552	3.4280176	3.9731905	0.5451729	0.1270711	0.8093544299533921	0.8959532191283562	ENSG00000130962.18	PRRG1	True
ENST00000446879	21.501965	1.9869722	2.532095	0.54512274	0.37767637	0.8230751633283137	0.42288018931240495	ENSG00000145107.16	TM4SF19	False
ENST00000257181	338.07065	5.755594	6.300681	0.54508734	0.06253073	0.8093544299533921	1.2039064759076938	ENSG00000134748.13	PRPF38A	False
ENST00000546753	135.04521	4.016292	4.5612545	0.5449624	0.5546695	0.8719910230509131	0.2559657147911622	ENSG00000111142.14	METAP2	False
ENST00000304478	18.12567	1.4003314	1.9452672	0.5449358	0.46765646	0.8496539504698483	0.3300730589815939	ENSG00000171861.11	MRM3	False
ENST00000329665	35.774117	2.1021495	2.6470642	0.5449147	0.46617633	0.8494197755236921	0.3314497804899603	ENSG00000182318.6	ZSCAN22	False
ENST00000279068	124.8	3.9299145	4.4747205	0.544806	0.5083231	0.8558786284660064	0.293860176708297	ENSG00000149657.20	LSM14B	False
ENST00000430935	109.62087	3.8734405	4.4181924	0.5447519	0.5335149	0.8656930641736459	0.27285343334277407	ENSG00000105948.13	IFT56	False
ENST00000301923	2417.8623	8.397418	8.942131	0.544713	0.2950214	0.8111088466013822	0.5301464586891284	ENSG00000100354.22	TNRC6B	False
ENST00000470924	211.56363	5.0881047	5.632803	0.54469824	0.33447176	0.8158433703746901	0.4756405417135715	ENSG00000189159.16	JPT1	False
ENST00000368813	94.60121	4.0529017	4.597522	0.54462004	0.3504526	0.81719736681995	0.4553707112809415	ENSG00000107938.18	EDRF1	False
ENST00000442547	12.200019	1.0080063	1.552604	0.5445976	0.615006	0.8938875102555693	0.2111206263193496	ENSG00000128699.14	ORMDL1	False
ENST00000651042	71.594734	2.9700575	3.5146284	0.5445709	0.48858765	0.8530497344797782	0.3110575169241058	ENSG00000119041.11	GTF3C3	False
ENST00000537364	562.1853	6.5247836	7.0692816	0.54449797	0.14243224	0.8093544299533921	0.8463916875806001	ENSG00000162144.10	CYB561A3	False
ENST00000710637	29.26892	1.7863055	2.3306231	0.5443176	0.50063133	0.8548764927378353	0.30048197322261044	ENSG00000292277.1	ENSG00000292277	False
ENST00000392749	81.485146	3.08379	3.628044	0.5442538	0.54815173	0.8693177891645862	0.26109920971224343	ENSG00000136560.14	TANK	False
ENST00000327669	17.714804	1.705665	2.2497852	0.5441202	0.49787647	0.8540375487251681	0.30287840239088326	ENSG00000184731.6	FAM110C	False
ENST00000397311	2212.497	8.386685	8.9307375	0.5440521	0.2016648	0.8093544299533921	0.6953698883460415	ENSG00000008083.14	JARID2	False
ENST00000374135	221.5792	5.0699997	5.6138105	0.54381084	0.19168565	0.8093544299533921	0.7174104054366226	ENSG00000142751.15	GPN2	False
ENST00000314565	52.906532	3.0217154	3.5654037	0.5436883	0.33677775	0.8158433703746901	0.4726566131774475	ENSG00000165714.11	BORCS5	False
ENST00000359775	78.6	3.8746827	4.418254	0.54357123	0.27195394	0.8093544299533921	0.5655046442291928	ENSG00000175048.17	ZDHHC14	False
ENST00000281282	146.75851	4.067782	4.611271	0.543489	0.52574956	0.8628966334781174	0.279221078657388	ENSG00000128849.11	CGNL1	False
ENST00000494877	6.117667	0.7732954	1.316722	0.54342663	0.55350786	0.8717781169476696	0.25687620410063383	ENSG00000204681.11	GABBR1	False
ENST00000328850	73.7	3.7226746	4.2660103	0.5433357	0.16146484	0.8093544299533921	0.7919220329672312	ENSG00000182511.12	FES	False
ENST00000432855	235.14722	5.2761016	5.8192735	0.5431719	0.324891	0.8142173533113395	0.4882623178215461	ENSG00000175166.17	PSMD2	False
ENST00000349598	91.92706	2.6924248	3.2355816	0.54315686	0.72498184	0.9292743254121232	0.1396728692423574	ENSG00000090989.18	EXOC1	False
ENST00000686593	527.2219	6.5449862	7.088139	0.5431528	0.0846726	0.8093544299533921	1.0722571041974576	ENSG00000165632.9	TAF3	True
ENST00000330753	795.1772	6.865656	7.408791	0.54313517	0.29072478	0.8109740254625081	0.5365179432738947	ENSG00000185070.12	FLRT2	False
ENST00000585873	72.85332	3.3108618	3.8539908	0.54312897	0.59816885	0.8869755502331795	0.22317620690016934	ENSG00000141664.10	ZCCHC2	False
ENST00000469613	10.908593	0.8758435	1.4187661	0.5429226	0.5673593	0.8758872921733283	0.24614180026562407	ENSG00000163930.10	BAP1	False
ENST00000520420	303.8245	4.679852	5.2227335	0.5428815	0.70542115	0.9226079163035915	0.15155152358313995	ENSG00000164463.12	CREBRF	False
ENST00000508653	191.75215	5.047465	5.5903387	0.54287386	0.12194689	0.8093544299533921	0.9138292580438522	ENSG00000153064.12	BANK1	False
ENST00000381431	21.398468	1.9417435	2.4845607	0.54281723	0.39319256	0.8284185470236078	0.4053947090674269	ENSG00000163069.13	SGCB	False
ENST00000369762	57.685802	2.7521656	3.2949433	0.5427778	0.58955646	0.8835878660490217	0.2294746007692766	ENSG00000071553.18	ATP6AP1	False
ENST00000714074	32.23674	2.245061	2.7877223	0.5426614	0.44556326	0.845708078626981	0.351090630340523	ENSG00000105607.14	GCDH	False
ENST00000375353	6.7	0.5925445	1.1351058	0.54256135	0.49137595	0.8537766521893764	0.30858610091398575	ENSG00000184497.13	TMEM255B	False
ENST00000544803	63.89215	1.7452136	2.2876124	0.5423988	0.76250607	0.939913304152022	0.11775669600597634	ENSG00000144320.14	LNPK	False
ENST00000361436	891.2581	7.0405993	7.5829773	0.54237795	0.30391127	0.8118754707110037	0.5172531964376208	ENSG00000197958.13	RPL12	False
ENST00000367603	81.68114	3.5934467	4.1357036	0.54225683	0.5812508	0.8807228241540209	0.23563644624039726	ENSG00000010818.11	HIVEP2	False
ENST00000377795	1257.441	7.7980866	8.340247	0.5421605	0.17309894	0.8093544299533921	0.7617055999278346	ENSG00000019582.17	CD74	False
ENST00000379441	1363.772	7.70854	8.250634	0.54209423	0.28555325	0.8106393935615843	0.5443128975487926	ENSG00000076108.12	BAZ2A	False
ENST00000332539	42.0	2.7832778	3.3251517	0.54187393	0.35944343	0.8183252159569281	0.44436945480002366	ENSG00000183134.5	PTGDR2	False
ENST00000672957	58.402	2.8404753	3.3823166	0.54184127	0.51223284	0.8577021160391745	0.2905325816657901	ENSG00000138303.19	ASCC1	False
ENST00000309366	117.63635	3.987457	4.5290475	0.54159045	0.538199	0.8672503604213451	0.26905710745080974	ENSG00000173486.14	FKBP2	False
ENST00000571995	101.99216	4.2135706	4.7549896	0.541419	0.3280451	0.8142173533113395	0.48406644493696954	ENSG00000141542.11	RAB40B	False
ENST00000646590	21.25089	1.8009796	2.3423762	0.5413966	0.46755624	0.8496539504698483	0.3301661442355198	ENSG00000133835.18	HSD17B4	False
ENST00000679115	46.851833	1.3740611	1.9153466	0.5412855	0.71222204	0.9253601269841094	0.14738459121807038	ENSG00000147601.15	TERF1	False
ENST00000475038	21.918222	1.4512106	1.9924866	0.541276	0.68392116	0.9170737297062175	0.1649939603892555	ENSG00000102081.16	FMR1	False
ENST00000539644	29.874264	1.8207172	2.361949	0.54123175	0.50612897	0.8558786284660064	0.29573880640784705	ENSG00000179195.16	ZNF664	False
ENST00000261893	16.774391	1.7991233	2.3401012	0.54097795	0.47057885	0.8496539504698483	0.32736759656486475	ENSG00000103642.12	LACTB	False
ENST00000300289	51.478477	2.9991665	3.5399477	0.54078126	0.626858	0.8986881828008999	0.202830830052975	ENSG00000167004.14	PDIA3	False
ENST00000487065	16.236109	1.4751968	2.0158954	0.5406985	0.6955098	0.9206326357743269	0.15769675163907235	ENSG00000118007.13	STAG1	False
ENST00000357585	440.5432	6.0532823	6.5938954	0.5406132	0.2649597	0.8093544299533921	0.5768201881712519	ENSG00000180616.9	SSTR2	False
ENST00000641244	33.793846	2.5827055	3.123257	0.5405514	0.2927363	0.8111088466013822	0.5335234327130778	ENSG00000174667.4	OR7D4	False
ENST00000304177	771.7393	6.861053	7.4011908	0.54013777	0.18352708	0.8093544299533921	0.7362998399445199	ENSG00000169609.14	C15orf40	False
ENST00000706454	144.98874	4.5843053	5.1244216	0.5401163	0.05750604	0.8093544299533921	1.2402865398769816	ENSG00000105819.15	PMPCB	False
ENST00000216294	139.24243	4.610596	5.1504803	0.5398841	0.33079338	0.8142173533113395	0.4804431893795408	ENSG00000023608.5	SNAPC1	False
ENST00000304402	18.7	1.7374443	2.2772665	0.5398222	0.4766585	0.8504371505934152	0.32179266415036845	ENSG00000172209.6	GPR22	False
ENST00000229238	188.20999	5.0241466	5.563682	0.5395355	0.1690183	0.8093544299533921	0.7720662749215967	ENSG00000111639.8	MRPL51	False
ENST00000255192	63.52284	3.618749	4.158242	0.5394933	0.2661458	0.8093544299533921	0.5748803901683275	ENSG00000132840.10	BHMT2	False
ENST00000706750	58.26287	3.0672452	3.6066422	0.539397	0.43533346	0.842654100473947	0.3611779508482054	ENSG00000104805.17	NUCB1	True
ENST00000369466	197.27467	4.9338403	5.473217	0.53937674	0.23632224	0.8093544299533921	0.6264954072780332	ENSG00000116830.12	TTF2	False
ENST00000557985	12.350426	1.3828453	1.9222183	0.53937304	0.4857051	0.8529381765683051	0.3136273296628505	ENSG00000238227.8	TMEM250	False
ENST00000592434	126.31464	4.3009815	4.840339	0.53935766	0.1988096	0.8093544299533921	0.7015626617685966	ENSG00000130204.13	TOMM40	False
ENST00000409853	18.409756	1.1450542	1.6842451	0.5391909	0.59688175	0.8865304657230172	0.22411170171083525	ENSG00000137478.15	FCHSD2	False
ENST00000359678	62.563732	3.1204073	3.6595426	0.5391352	0.49104127	0.8537766521893764	0.30888200313134684	ENSG00000198130.16	HIBCH	False
ENST00000333141	52.56958	2.4763186	3.0154343	0.53911567	0.4880993	0.8529381765683051	0.3114918091098606	ENSG00000182308.7	DCAF4L1	False
ENST00000427494	86.227455	3.9077406	4.4468307	0.53909016	0.18340743	0.8093544299533921	0.7365830844042416	ENSG00000243811.12	APOBEC3D	False
ENST00000570255	101.28514	3.7283306	4.2672396	0.53890896	0.69992065	0.9212025833663481	0.15495119049171657	ENSG00000149932.17	TMEM219	False
ENST00000445693	20.72374	1.7509427	2.2898483	0.5389056	0.26662058	0.8093544299533921	0.574106337051984	ENSG00000152936.11	LMNTD1	False
ENST00000522355	42.15456	2.96042	3.499279	0.5388591	0.50306296	0.8551707956010974	0.29837765513671105	ENSG00000197892.13	KIF13B	False
ENST00000230361	22.937601	1.9455246	2.4843714	0.53884685	0.4139951	0.8339618554063232	0.3830048125933829	ENSG00000112599.9	GUCA1B	False
ENST00000549441	38.9017	2.1821768	2.7208538	0.538677	0.59786636	0.8869203619546826	0.22339588486840978	ENSG00000178401.16	DNAJC22	False
ENST00000643777	158.85194	4.4466577	4.985312	0.5386543	0.43093032	0.8410214692507391	0.3655929517156997	ENSG00000149925.22	ALDOA	False
ENST00000409535	229.24112	5.256881	5.7955155	0.5386343	0.10686261	0.8093544299533921	0.9711742144583908	ENSG00000164080.14	RAD54L2	False
ENST00000621632	741.957	7.0725694	7.6111155	0.5385461	0.19218099	0.8093544299533921	0.7162895710744854	ENSG00000089737.19	DDX24	False
ENST00000223865	12.284638	1.1239948	1.6625093	0.5385145	0.5305104	0.8648242843919811	0.27530607694265735	ENSG00000107021.16	TBC1D13	False
ENST00000504065	1975.9316	8.387929	8.926309	0.53837967	0.08536067	0.8093544299533921	1.0687421918968232	ENSG00000108848.16	LUC7L3	False
ENST00000559771	94.09969	4.025578	4.563871	0.5382929	0.40304264	0.8303139210724039	0.3946490005387856	ENSG00000140455.17	USP3	True
ENST00000616041	23.912693	2.0171196	2.5553975	0.53827786	0.34702155	0.81719736681995	0.45964355480718816	ENSG00000248385.8	TARM1	False
ENST00000422840	657.6952	6.7818046	7.320009	0.53820467	0.16249467	0.8093544299533921	0.7891608682184689	ENSG00000090863.12	GLG1	False
ENST00000610569	33.731094	2.6501625	3.1883469	0.5381844	0.46974373	0.8496539504698483	0.32813900928219747	ENSG00000253767.3	PCDHGA8	False
ENST00000455511	81.945564	3.7920046	4.330146	0.53814125	0.1177527	0.8093544299533921	0.9290291221176521	ENSG00000196510.14	ANAPC7	False
ENST00000378165	439.87384	6.295487	6.833525	0.53803825	0.05638126	0.8093544299533921	1.248865229635736	ENSG00000152465.18	NMT2	False
ENST00000334425	329.8166	5.675365	6.213385	0.53802013	0.22864532	0.8093544299533921	0.6408376745575027	ENSG00000187037.9	GPR141	False
ENST00000299167	64.72365	3.5536792	4.0916677	0.5379884	0.027091624	0.8093544299533921	1.5671649570719233	ENSG00000102893.18	PHKB	False
ENST00000681728	403.90082	5.091503	5.6293106	0.53780746	0.6547409	0.9079953171731554	0.1839305093218231	ENSG00000163131.12	CTSS	False
ENST00000367069	258.12738	5.370401	5.9080205	0.5376196	0.250377	0.8093544299533921	0.6014055696386393	ENSG00000130363.13	RSPH3	False
ENST00000563972	220.13345	5.083381	5.6209955	0.53761435	0.30572236	0.8118754707110037	0.5146728024774366	ENSG00000204991.11	SPIRE2	False
ENST00000695853	224.95293	5.014864	5.552426	0.5375619	0.39591825	0.8294306159329912	0.4023944787275513	ENSG00000171316.14	CHD7	False
ENST00000335815	49.309563	1.9637742	2.501321	0.5375469	0.48037472	0.8507787223054524	0.3184198523478054	ENSG00000169131.13	ZNF354A	False
ENST00000267812	496.8	6.495482	7.032997	0.53751516	0.11761462	0.8093544299533921	0.9295386923342943	ENSG00000140259.7	MFAP1	False
ENST00000500813	67.804214	2.9819229	3.5193872	0.5374644	0.5301623	0.8648242843919811	0.27559117892810425	ENSG00000129187.15	DCTD	True
ENST00000676884	509.14932	5.771521	6.3088684	0.5373473	0.5922222	0.884647864098005	0.2275153066292704	ENSG00000288674.1	ENSG00000288674	False
ENST00000683327	5.703001	0.46921387	1.0064232	0.5372094	0.50076157	0.8548764927378353	0.30036900888853413	ENSG00000174945.14	AMZ1	False
ENST00000263377	1470.5867	7.9029617	8.440148	0.5371866	0.21182181	0.8093544299533921	0.6740293264794942	ENSG00000141867.19	BRD4	False
ENST00000563262	32.268394	2.2530823	2.789941	0.5368588	0.5261079	0.8628966334781174	0.2789251707957379	ENSG00000069974.17	RAB27A	False
ENST00000421631	11.1	1.3561627	1.8928072	0.5366446	0.3720977	0.8205512228764985	0.4293430134454708	ENSG00000120729.10	MYOT	False
ENST00000651817	90.37572	3.836195	4.3728046	0.53660965	0.15972632	0.8093544299533921	0.796623509497647	ENSG00000013810.21	TACC3	False
ENST00000453310	6.6182075	0.7865949	1.3230804	0.5364855	0.4487405	0.8470024537044705	0.3480047207467676	ENSG00000131051.24	RBM39	True
ENST00000327435	379.2386	5.899105	6.435454	0.5363488	0.19119297	0.8093544299533921	0.7185280811257605	ENSG00000182551.14	ADI1	False
ENST00000265322	60.65708	3.3412635	3.8774946	0.53623104	0.2546755	0.8093544299533921	0.5940128196587539	ENSG00000115425.14	PECR	False
ENST00000405140	586.8872	6.020471	6.556659	0.5361881	0.58504045	0.8819641855083519	0.23281410546273934	ENSG00000120885.22	CLU	False
ENST00000617053	95.00128	3.7924888	4.3286715	0.53618264	0.3639584	0.8185742609699567	0.4389482664849411	ENSG00000277531.3	PNMA8C	False
ENST00000359890	478.14746	6.1218452	6.657894	0.5360489	0.27529353	0.8093544299533921	0.5602039968812883	ENSG00000100461.18	RBM23	False
ENST00000641114	24.763401	1.9092106	2.4450243	0.5358137	0.48448515	0.8524802129760337	0.3147195305629066	ENSG00000179615.3	OR2AP1	False
ENST00000603928	182.80634	4.7539816	5.2897944	0.53581285	0.15717636	0.8093544299533921	0.8036127717931274	ENSG00000235106.10	BRD3OS	True
ENST00000430864	24.785902	1.7420279	2.2777936	0.53576577	0.6429039	0.9036380088385125	0.19185392349767302	ENSG00000007392.17	LUC7L	False
ENST00000705168	171.35904	4.755555	5.2912073	0.53565216	0.13812053	0.8093544299533921	0.8597417574310463	ENSG00000213066.14	CEP43	True
ENST00000600321	33.566807	2.356826	2.8924017	0.5355756	0.27150726	0.8093544299533921	0.566218547959614	ENSG00000221923.9	ZNF880	False
ENST00000489828	1630.6599	8.062022	8.597597	0.5355749	0.31486955	0.8118754707110037	0.5018693325937449	ENSG00000135250.17	SRPK2	False
ENST00000316981	30.851007	2.5885906	3.1241035	0.5355129	0.21805762	0.8093544299533921	0.6614287372408217	ENSG00000181690.8	PLAG1	False
ENST00000394022	7.4399896	1.0021683	1.5375372	0.5353689	0.4396735	0.8441046460716138	0.3568696963744437	ENSG00000136828.19	RALGPS1	False
ENST00000649528	1767.1523	8.160724	8.69598	0.5352564	0.18678063	0.8093544299533921	0.7286681604959389	ENSG00000114861.24	FOXP1	False
ENST00000673391	5.7088747	0.47985473	1.0150025	0.5351478	0.49269053	0.8537766521893764	0.3074257822183344	ENSG00000183337.18	BCOR	False
ENST00000393004	61.449818	3.2290986	3.7641902	0.53509164	0.45093778	0.8472077019271466	0.3458833797202158	ENSG00000118407.15	FILIP1	False
ENST00000396625	13.5204525	1.1056443	1.6406062	0.5349618	0.5341923	0.8659901353727661	0.2723023570584357	ENSG00000081052.14	COL4A4	False
ENST00000336577	677.82947	6.4186797	6.9535327	0.534853	0.39717892	0.8298121044971967	0.40101381150024024	ENSG00000008516.18	MMP25	False
ENST00000699010	88.73519	3.2557209	3.7905533	0.5348325	0.64437425	0.9044085842380971	0.19086182193566875	ENSG00000112851.16	ERBIN	False
ENST00000244815	8564.107	10.466015	11.000767	0.5347519	0.14694174	0.8093544299533921	0.8328548326102457	ENSG00000124831.20	LRRFIP1	False
ENST00000263980	26.2	1.8024086	2.3371503	0.53474176	0.45241103	0.8472077019271466	0.3444668193754781	ENSG00000090020.11	SLC9A1	False
ENST00000539493	29.782282	2.2733653	2.8077238	0.5343585	0.4369608	0.8427484754954933	0.35955753542226226	ENSG00000115839.20	RAB3GAP1	False
ENST00000428462	19.928272	1.6867375	2.2210262	0.53428864	0.4020042	0.8298121044971967	0.39576939641795356	ENSG00000100206.11	DMC1	False
ENST00000524699	13.694827	1.6894325	2.2236562	0.5342237	0.5904428	0.883927956453112	0.22882218607136895	ENSG00000174744.14	BRMS1	False
ENST00000328195	128.35216	4.379624	4.9137783	0.5341544	0.241943	0.8093544299533921	0.616286935434091	ENSG00000147471.12	PLPBP	False
ENST00000545297	139.66452	4.504092	5.038033	0.5339408	0.21399978	0.8093544299533921	0.6695866771152765	ENSG00000148248.14	SURF4	False
ENST00000650636	14.430326	1.8130312	2.3466287	0.53359747	0.5144122	0.85863958856222	0.28868871955543546	ENSG00000147099.21	HDAC8	False
ENST00000648817	73.900246	3.1828203	3.71626	0.53343964	0.40356794	0.8303154186824399	0.39408334202767026	ENSG00000168724.18	DNAJC21	False
ENST00000356535	12.142231	1.1407839	1.6740975	0.53331363	0.39220145	0.828362224196607	0.406490801226647	ENSG00000164434.12	FABP7	False
ENST00000377848	15.933232	1.6818742	2.215049	0.5331749	0.31578097	0.8118754707110037	0.5006140490272603	ENSG00000076555.16	ACACB	False
ENST00000681497	314.69864	5.795833	6.3288727	0.53303957	0.43759957	0.8431273635154642	0.3589231138642983	ENSG00000111331.14	OAS3	False
ENST00000271277	29.201956	2.1075575	2.6404839	0.5329263	0.49625573	0.8537766521893764	0.3042944694645522	ENSG00000143079.15	CTTNBP2NL	False
ENST00000562595	119.47555	4.433727	4.966649	0.53292227	0.11193385	0.8093544299533921	0.9510385592496345	ENSG00000213380.16	COG8	False
ENST00000696507	55.590008	3.0180638	3.5508897	0.53282595	0.51184756	0.857342524060245	0.29085936637493875	ENSG00000054523.20	KIF1B	True
ENST00000277982	8.380036	1.1617898	1.694382	0.5325922	0.5073244	0.8558786284660064	0.2947142516731207	ENSG00000095637.23	SORBS1	False
ENST00000532400	89.58137	3.8344367	4.366996	0.53255916	0.32703164	0.8142173533113395	0.48541022480944135	ENSG00000104529.19	EEF1D	True
ENST00000437266	278.0241	5.2094393	5.741959	0.5325198	0.39335513	0.8284185470236078	0.40521518027230335	ENSG00000033867.18	SLC4A7	False
ENST00000531243	214.80725	5.2459397	5.778322	0.5323825	0.11382637	0.8093544299533921	0.943757107275796	ENSG00000090621.15	PABPC4	False
ENST00000306480	664.1645	6.7719665	7.3043175	0.532351	0.08012571	0.8093544299533921	1.0962280990675555	ENSG00000170088.14	TMEM192	False
ENST00000263268	253.472	5.2196064	5.7518697	0.5322633	0.37205356	0.8205512228764985	0.42939453135716704	ENSG00000118242.17	MREG	False
ENST00000252032	59.6	3.605034	4.1372476	0.53221345	0.052926987	0.8093544299533921	1.2763228252346035	ENSG00000088854.13	DNAAF9	False
ENST00000573083	14.01252	1.7439809	2.2760959	0.532115	0.3590295	0.8183252159569281	0.44486986370881126	ENSG00000141505.12	ASGR1	True
ENST00000711173	56.81952	2.3591385	2.8911633	0.53202486	0.6677895	0.9124991026791659	0.17536040161684424	ENSG00000292345.1	ZBED1	False
ENST00000381222	56.81952	2.3591385	2.8911633	0.53202486	0.6677895	0.9124991026791659	0.17536040161684424	ENSG00000214717.12	ZBED1	False
ENST00000610966	115.30963	4.008969	4.540975	0.53200626	0.38497382	0.8242482227560738	0.41456879898064497	ENSG00000166111.10	SVOP	False
ENST00000672314	82.515854	3.3390236	3.8708515	0.5318279	0.49124557	0.8537766521893764	0.3087013549662123	ENSG00000132781.22	MUTYH	False
ENST00000642064	24.476246	1.6271394	2.1589408	0.53180134	0.45341882	0.8472077019271466	0.34350045657679307	ENSG00000197125.3	OR8B8	False
ENST00000421134	1042.4958	7.5015225	8.033197	0.53167486	0.27621514	0.8093544299533921	0.5587525266140366	ENSG00000131503.21	ANKHD1	False
ENST00000636681	13.746887	1.0455619	1.5771738	0.5316119	0.53538805	0.8664446928154447	0.271331324607912	ENSG00000102805.16	CLN5	True
ENST00000681079	49.56662	2.5336375	3.0650868	0.5314493	0.46840104	0.8496539504698483	0.32938214505437013	ENSG00000122591.13	HYCC1	False
ENST00000508482	897.89044	7.441892	7.973229	0.5313368	0.14755413	0.8093544299533921	0.8310486320868792	ENSG00000108848.16	LUC7L3	False
ENST00000591599	62.902668	1.8944483	2.4255648	0.5311165	0.7644343	0.9407295693150204	0.11665984697365185	ENSG00000134440.12	NARS1	False
ENST00000269829	36.94413	2.534494	3.0656004	0.5311065	0.46281666	0.8485544709786854	0.33459102024626786	ENSG00000198131.15	ZNF544	True
ENST00000588061	16.625809	1.6192516	2.1501753	0.5309237	0.35839468	0.8182605935073269	0.44563844269926717	ENSG00000078687.18	TNRC6C	False
ENST00000318006	98.6	4.043651	4.5744963	0.53084517	0.18580936	0.8093544299533921	0.7309324149930723	ENSG00000166887.16	VPS39	False
ENST00000704202	40.902225	2.6818197	3.2126565	0.5308368	0.4115793	0.8330998809981174	0.38554646430414663	ENSG00000197694.19	SPTAN1	False
ENST00000672280	39.01889	2.6089563	3.13958	0.5306237	0.40969607	0.8323007445595858	0.3875381995060622	ENSG00000198056.16	PRIM1	False
ENST00000343307	7.1	0.99920434	1.5295205	0.5303162	0.34292933	0.81719736681995	0.4647953646665798	ENSG00000187676.8	B3GLCT	False
ENST00000261369	20.862017	1.7135204	2.2437243	0.53020394	0.61195946	0.8924767740121592	0.21327734911555327	ENSG00000064652.11	SNX24	False
ENST00000689844	30.16479	1.3723888	1.9025327	0.53014386	0.71761686	0.9272141667828993	0.14410736870358604	ENSG00000174720.18	LARP7	False
ENST00000223073	516.4239	6.373127	6.9031935	0.5300665	0.19051233	0.8093544299533921	0.7200769129487266	ENSG00000106344.8	RBM28	False
ENST00000393600	58.6	3.1664772	3.6964831	0.53000593	0.45501417	0.8473426594424552	0.3419750791306322	ENSG00000071859.15	FAM50A	False
ENST00000301998	85.06492	3.4237492	3.953528	0.5297787	0.52213466	0.8615843149482387	0.28221747538859127	ENSG00000170340.11	B3GNT2	False
ENST00000593253	15.735308	1.4564244	1.9861394	0.52971506	0.5898287	0.8836665240892184	0.22927407746802742	ENSG00000154265.16	ABCA5	False
ENST00000475381	22.2	1.658075	2.1876616	0.5295867	0.5856677	0.8820984150529122	0.2323487051837201	ENSG00000144959.11	NCEH1	False
ENST00000348419	362.1667	5.6418405	6.171388	0.5295477	0.4146633	0.8342271906977036	0.3823043848825875	ENSG00000064666.15	CNN2	True
ENST00000353442	28.85107	2.162154	2.6916575	0.5295036	0.5222346	0.8616542041707533	0.2821343424013895	ENSG00000105983.23	LMBR1	False
ENST00000318240	155.5922	2.1416485	2.6711516	0.5295031	0.79726094	0.9517793571964572	0.0983995126223864	ENSG00000177576.12	C18orf32	False
ENST00000425671	19.149872	1.8997746	2.42921	0.5294354	0.3892671	0.8260167900414309	0.40975231486918123	ENSG00000198089.16	SFI1	True
ENST00000690927	1606.4854	8.138403	8.667705	0.52930164	0.020532459	0.8093544299533921	1.687559035279594	ENSG00000100242.16	SUN2	False
ENST00000413209	134.22539	4.2352786	4.764485	0.5292063	0.3689705	0.8194459451468774	0.4330083395421781	ENSG00000186575.20	NF2	False
ENST00000383657	200.89395	5.053059	5.58224	0.529181	0.14964692	0.8093544299533921	0.8249322087357309	ENSG00000206527.10	HACD2	False
ENST00000330574	14.8	1.6064644	2.1355534	0.529089	0.30393383	0.8118754707110037	0.5172209584906502	ENSG00000185085.2	INTS5	False
ENST00000421807	124.27594	4.602897	5.131986	0.529089	0.093001075	0.8093544299533921	1.0315120309889476	ENSG00000132376.20	INPP5K	False
ENST00000332556	792.1	6.9060936	7.4351773	0.5290837	0.25463042	0.8093544299533921	0.5940897193536404	ENSG00000185896.11	LAMP1	False
ENST00000448741	185.06432	4.9082885	5.4373083	0.52901983	0.23984401	0.8093544299533921	0.620071124682103	ENSG00000051620.11	HEBP2	False
ENST00000609923	300.84955	5.591795	6.120778	0.5289831	0.16773784	0.8093544299533921	0.7753689496372316	ENSG00000122912.15	SLC25A16	False
ENST00000555126	26.622702	2.2570927	2.7860444	0.52895164	0.3080738	0.8118754707110037	0.5113452501687865	ENSG00000119711.13	ALDH6A1	False
ENST00000381477	43.182186	2.7793713	3.3081584	0.52878714	0.2742348	0.8093544299533921	0.5618774322826752	ENSG00000120215.10	MLANA	True
ENST00000564671	20.616428	2.02964	2.5584183	0.5287783	0.2546724	0.8093544299533921	0.5940181051239983	ENSG00000166848.7	TERF2IP	False
ENST00000296318	28.449787	2.2631855	2.7919526	0.5287671	0.49686038	0.8537766521893764	0.3037656285056845	ENSG00000144730.19	IL17RD	False
ENST00000378633	53.34794	1.4168905	1.9455682	0.5286777	0.7375864	0.93417747534728	0.132187111961909	ENSG00000008128.23	CDK11A	False
ENST00000643230	26.645758	2.589326	3.1178615	0.5285356	0.1898333	0.8093544299533921	0.7216276063942366	ENSG00000170381.15	SEMA3E	False
ENST00000691171	45.625385	2.8109443	3.339433	0.52848864	0.389157	0.8259378738446596	0.4098751563505288	ENSG00000068912.15	ERLEC1	False
ENST00000371655	231.20132	5.1158223	5.644241	0.52841854	0.2779773	0.8093544299533921	0.5559906868136092	ENSG00000169213.7	RAB3B	False
ENST00000279550	3017.4468	8.949915	9.478332	0.52841663	0.49867204	0.8547222214011697	0.3021849829851738	ENSG00000060138.13	YBX3	False
ENST00000274026	19.437408	2.0486274	2.5770245	0.5283971	0.4024203	0.8300176900166731	0.39532010638387144	ENSG00000145386.11	CCNA2	False
ENST00000332303	78.82561	3.7311602	4.259509	0.5283489	0.23877516	0.8093544299533921	0.6220108481747046	ENSG00000185115.6	NSMCE3	False
ENST00000462772	11.543267	1.011212	1.5395236	0.5283116	0.47766516	0.8504371505934152	0.3208764377078807	ENSG00000143971.9	ETAA1	False
ENST00000287675	158.79959	4.8019557	5.3302073	0.52825165	0.16147195	0.8093544299533921	0.7919029152833027	ENSG00000157036.13	EXOG	False
ENST00000622386	361.14008	5.275243	5.803483	0.5282402	0.69913274	0.9212025833663481	0.15544035931500141	ENSG00000005483.23	KMT2E	False
ENST00000418631	233.19382	5.2699018	5.7980475	0.5281458	0.36203715	0.8185742609699567	0.44124686012087977	ENSG00000134453.16	RBM17	False
ENST00000378246	48.890907	2.7803307	3.3084111	0.52808046	0.573863	0.87762699845426	0.24119175331546527	ENSG00000152457.19	DCLRE1C	False
ENST00000645699	70.604904	2.8381364	3.366123	0.5279865	0.74386567	0.9357941244624813	0.128505484585365	ENSG00000102974.16	CTCF	False
ENST00000711301	356.10162	5.9501853	6.4780416	0.52785635	0.18802136	0.8093544299533921	0.725792806071838	ENSG00000103275.22	UBE2I	False
ENST00000629816	108.9359	4.0257916	4.553643	0.5278516	0.35837692	0.8182605935073269	0.4456599670412839	ENSG00000091879.14	ANGPT2	False
ENST00000649779	110.31759	3.923248	4.4510293	0.52778125	0.5408209	0.8677958347030249	0.2669465361606842	ENSG00000204420.10	MPIG6B	False
ENST00000696672	18.1	1.7735428	2.3012793	0.52773654	0.59622604	0.886485410875149	0.22458906271718596	ENSG00000179348.13	GATA2	False
ENST00000486631	25.565424	1.0957724	1.623368	0.52759564	0.5907018	0.8842499307246546	0.22863169217148172	ENSG00000188313.13	PLSCR1	False
ENST00000430297	289.4599	5.628982	6.1565695	0.5275874	0.094840266	0.8093544299533921	1.0230072374873214	ENSG00000144567.11	RETREG2	False
ENST00000360900	19.61219	1.6797909	2.2073445	0.5275537	0.43108046	0.8410214692507391	0.36544166183255206	ENSG00000103248.19	MTHFSD	False
ENST00000533011	155.77888	4.4598136	4.987248	0.52743435	0.28285068	0.8102614157364052	0.5484427686369264	ENSG00000254505.11	CHMP4A	False
ENST00000372677	20.268	1.0734254	1.6005743	0.52714884	0.6170899	0.8949072211669192	0.20965154254798454	ENSG00000133134.12	BEX2	False
ENST00000465801	416.51328	5.9890122	6.516122	0.5271096	0.25482962	0.8093544299533921	0.593750101306656	ENSG00000010295.20	IFFO1	False
ENST00000652179	33.05638	2.156844	2.6837761	0.52693224	0.54816127	0.8693177891645862	0.26109165392309813	ENSG00000100714.18	MTHFD1	False
ENST00000394411	9.960524	1.3607302	1.8876495	0.52691936	0.6934168	0.9197041494523714	0.15900565664262858	ENSG00000156475.19	PPP2R2B	False
ENST00000704305	70.759346	2.3459613	2.8727949	0.52683353	0.7229023	0.9287453485071263	0.1409203947084435	ENSG00000169375.17	SIN3A	True
ENST00000312962	239.47237	5.3545566	5.8813505	0.52679396	0.0981012	0.8093544299533921	1.0083256860553529	ENSG00000129347.21	KRI1	False
ENST00000321348	16.191107	1.1767807	1.7035533	0.5267726	0.469444	0.8496539504698483	0.3284162011390111	ENSG00000071967.12	CYBRD1	False
ENST00000594234	9.5	1.3745227	1.9012523	0.5267296	0.3562041	0.8175932215882654	0.44830109514485966	ENSG00000099326.9	MZF1	False
ENST00000517319	19.154327	1.631693	2.158271	0.52657807	0.39706448	0.8298121044971967	0.4011389647210641	ENSG00000165102.15	HGSNAT	False
ENST00000237530	201.6398	5.2572217	5.7837343	0.5265126	0.0744147	0.8093544299533921	1.1283412631720973	ENSG00000118705.18	RPN2	False
ENST00000416246	46.79556	2.0680592	2.5945215	0.5264623	0.70832396	0.9237315579253875	0.14976807010176893	ENSG00000086300.17	SNX10	False
ENST00000282292	74.79676	3.5775328	4.1039047	0.52637196	0.18159528	0.8093544299533921	0.7408954419586812	ENSG00000152439.13	ZNF773	False
ENST00000448404	206.64355	5.2314744	5.7577705	0.52629614	0.28192455	0.8101601987651417	0.5498671106264953	ENSG00000168066.22	SF1	False
ENST00000484142	9.032797	1.0220586	1.5481431	0.52608454	0.5655168	0.8756247794447481	0.24755446616527899	ENSG00000169764.16	UGP2	True
ENST00000485089	241.57242	5.4131927	5.9392176	0.5260248	0.19191043	0.8093544299533921	0.7169014196835456	ENSG00000198821.12	CD247	True
ENST00000418724	15.490875	1.5378395	2.0638547	0.52601516	0.34847835	0.81719736681995	0.4578242019079408	ENSG00000236104.3	ZBTB22	False
ENST00000498408	77.99002	3.5815837	4.107364	0.52578044	0.3603149	0.8185482386998197	0.44331777144721896	ENSG00000105856.14	HBP1	False
ENST00000333461	28.465439	2.0897977	2.6155658	0.52576804	0.4138119	0.8337653728817394	0.38319703258406645	ENSG00000141750.7	STAC2	False
ENST00000357681	114.9354	3.549817	4.0755124	0.5256953	0.53914267	0.8675115265203754	0.26829629634602836	ENSG00000058668.16	ATP2B4	False
ENST00000306247	30.76098	2.1896672	2.7153566	0.52568936	0.51958245	0.8596276200549111	0.2843455262432701	ENSG00000168404.13	MLKL	False
ENST00000441564	1379.3279	7.793924	8.319457	0.5255332	0.15994862	0.8093544299533921	0.7960195101053642	ENSG00000125637.16	PSD4	False
ENST00000368656	61.58506	3.0485327	3.57398	0.52544737	0.4075934	0.8319836844952185	0.38977285772930403	ENSG00000203778.8	FAM229B	False
ENST00000262719	58.765453	2.7687595	3.29402	0.52526045	0.5548237	0.8720206751773114	0.25584499841233205	ENSG00000081913.14	PHLPP1	False
ENST00000472710	14.002844	1.4130386	1.9382489	0.52521026	0.4236521	0.8384024579381989	0.3729906237009846	ENSG00000132128.18	LRRC41	False
ENST00000551313	67.053505	3.1555383	3.680702	0.52516365	0.5374632	0.8669369265370219	0.2696512760105306	ENSG00000183283.16	DAZAP2	False
ENST00000640888	105.3384	3.9804418	4.50559	0.52514815	0.40494785	0.8310603061091208	0.3926009055829047	ENSG00000121897.15	LIAS	False
ENST00000555343	86.50228	3.7783668	4.3035045	0.52513766	0.2690159	0.8093544299533921	0.5702220372573704	ENSG00000171456.22	ASXL1	True
ENST00000355329	205.5975	5.154853	5.6799703	0.5251174	0.18536086	0.8093544299533921	0.7319819553467416	ENSG00000139714.12	MORN3	False
ENST00000376925	329.7228	5.7610965	6.286028	0.52493143	0.054621417	0.8093544299533921	1.2626370368941715	ENSG00000101439.9	CST3	False
ENST00000526560	98.78927	3.0016992	3.5265727	0.5248735	0.6294959	0.8998400021113475	0.20100708123486152	ENSG00000111011.18	RSRC2	True
ENST00000369023	28.695593	2.2121892	2.7368724	0.52468324	0.34268486	0.81719736681995	0.4651050761743399	ENSG00000107672.15	NSMCE4A	False
ENST00000322217	11.4	1.4223486	1.9469523	0.5246037	0.38324136	0.823835243286134	0.416527632523422	ENSG00000176182.6	MYPOP	False
ENST00000596217	17.929745	1.7530999	2.2776203	0.5245204	0.44523302	0.845708078626981	0.3514126371073939	ENSG00000213024.13	NUP62	False
ENST00000505594	14.8904085	1.7538624	2.2783756	0.52451324	0.3108207	0.8118754707110037	0.5074900675789282	ENSG00000138744.16	NAAA	False
ENST00000400033	121.233376	3.8917754	4.416219	0.52444386	0.5417156	0.8677958347030249	0.26622864008551017	ENSG00000178127.13	NDUFV2	False
ENST00000594787	51.67682	2.645156	3.169577	0.524421	0.47396845	0.8500118764885034	0.3242505698735793	ENSG00000197405.8	C5AR1	False
ENST00000639857	78.68104	1.6561184	2.1805208	0.5244024	0.759945	0.9389011153660968	0.11921785213451774	ENSG00000179295.19	PTPN11	False
ENST00000328459	580.77515	6.662542	7.1868916	0.5243497	0.18751927	0.8093544299533921	0.7269541028196393	ENSG00000165914.15	TTC7B	False
ENST00000497586	23.974215	2.3522415	2.8765824	0.52434087	0.22825702	0.8093544299533921	0.6415758657985732	ENSG00000163935.14	SFMBT1	True
ENST00000292432	36.87294	2.4912586	3.0155926	0.52433395	0.36677054	0.818999162668339	0.4356055603892311	ENSG00000160883.11	HK3	False
ENST00000358502	253.3459	5.515259	6.0394897	0.52423096	0.24669574	0.8093544299533921	0.6078383464042849	ENSG00000128335.14	APOL2	False
ENST00000434009	504.0602	6.366007	6.8902235	0.52421665	0.12956843	0.8093544299533921	0.8875008109822817	ENSG00000009413.17	REV3L	False
ENST00000518219	207.7808	5.1180315	5.642178	0.52414656	0.17143779	0.8093544299533921	0.7658934530005161	ENSG00000161010.16	MRNIP	True
ENST00000607320	33.619434	2.226464	2.7505677	0.52410364	0.5103941	0.856842337601094	0.29209435765445063	ENSG00000131378.14	RFTN1	True
ENST00000311437	377.08945	5.685469	6.209544	0.52407503	0.42263418	0.8382654549255093	0.3740353783705187	ENSG00000188033.10	ZNF490	False
ENST00000699112	181.99146	5.0680537	5.5917816	0.5237279	0.25640145	0.8093544299533921	0.5910795240719253	ENSG00000107521.21	HPS1	False
ENST00000645295	27.34368	2.1029189	2.6265674	0.5236485	0.44042465	0.8446156514523803	0.35612838122276974	ENSG00000160539.6	PLPP7	False
ENST00000504119	10.514963	0.9609506	1.4845791	0.5236285	0.50413495	0.8556848333281974	0.29745319072225807	ENSG00000250366.4	TUNAR	False
ENST00000379359	30.7	2.20358	2.7269433	0.52336335	0.50306666	0.8551707956010974	0.2983744648320026	ENSG00000102760.13	RGCC	False
ENST00000637397	158.24785	4.5218024	5.0450497	0.52324724	0.49253047	0.8537766521893764	0.30756690135534787	ENSG00000102805.16	CLN5	False
ENST00000548838	106.64182	3.9163294	4.439489	0.5231595	0.48328298	0.8517809635604503	0.3157984963729821	ENSG00000028203.19	VEZT	True
ENST00000319394	290.7	5.488006	6.0110765	0.52307034	0.27948973	0.8093544299533921	0.5536341523505219	ENSG00000142784.16	WDTC1	False
ENST00000596362	673.7534	6.773392	7.296302	0.52290964	0.3413211	0.81719736681995	0.4668368497582302	ENSG00000160014.17	CALM3	True
ENST00000344579	71.96576	3.5031765	4.0260844	0.522908	0.50379866	0.8556848333281974	0.29774298885237244	ENSG00000158109.15	TPRG1L	False
ENST00000369787	152.09605	4.6557355	5.1786327	0.52289724	0.10980629	0.8093544299533921	0.959372774658822	ENSG00000116396.15	KCNC4	False
ENST00000704654	175.44572	3.7407198	4.2635746	0.5228548	0.76938546	0.9422289471440147	0.11385602700692209	ENSG00000124486.15	USP9X	False
ENST00000389720	14.63035	1.522821	2.0455925	0.5227716	0.6293828	0.8998400021113475	0.20108513731397254	ENSG00000070182.21	SPTB	False
ENST00000325980	97.23856	3.7975333	4.320149	0.5226157	0.50905573	0.8564469843821118	0.29323466657302394	ENSG00000151650.8	VENTX	False
ENST00000278849	20.0	1.9739581	2.496502	0.5225438	0.39892176	0.8298121044971967	0.39911227581336794	ENSG00000149503.13	INCENP	False
ENST00000307602	1264.5895	7.7600665	8.282582	0.5225158	0.08349568	0.8093544299533921	1.0783360120997625	ENSG00000168172.9	HOOK3	False
ENST00000319928	14.244989	1.6200747	2.1424885	0.52241373	0.40128353	0.8298121044971967	0.3965486622018207	ENSG00000142961.16	MOB3C	False
ENST00000456283	275.07123	5.2383533	5.7607617	0.5224085	0.27682665	0.8093544299533921	0.5577921029824916	ENSG00000160352.16	ZNF714	False
ENST00000533233	18.031176	1.7217503	2.2440586	0.52230835	0.4440876	0.8455994575468359	0.35253135834610827	ENSG00000205339.10	IPO7	False
ENST00000537591	385.02783	5.7660522	6.2883472	0.522295	0.4956823	0.8537766521893764	0.30479658951593586	ENSG00000112304.11	ACOT13	False
ENST00000590758	206.24536	4.901091	5.423377	0.52228594	0.44603354	0.8458889434019244	0.35063248533519226	ENSG00000182963.11	GJC1	False
ENST00000354775	193.7	4.972359	5.494538	0.52217865	0.31136775	0.8118754707110037	0.5067263713743577	ENSG00000143149.13	ALDH9A1	False
ENST00000356352	30.952835	1.4543697	1.9765096	0.5221399	0.604722	0.8899892143002557	0.2184442147946459	ENSG00000151461.20	UPF2	False
ENST00000466876	22.40094	1.6513973	2.173493	0.52209556	0.6052226	0.8899892143002557	0.21808487541113802	ENSG00000114331.16	ACAP2	True
ENST00000677434	17.998814	1.911643	2.4336164	0.5219734	0.28018185	0.8093544299533921	0.5525599937628649	ENSG00000119912.18	IDE	False
ENST00000674042	64.49547	3.0186636	3.540559	0.5218954	0.5178454	0.8589659058679011	0.28579988373940407	ENSG00000265590.10	CFAP298-TCP10L	False
ENST00000375245	39.656464	2.3729737	2.894778	0.52180433	0.6961756	0.9208130999550951	0.15728121764676944	ENSG00000165322.18	ARHGAP12	False
ENST00000377754	48.199837	2.1317012	2.653435	0.52173376	0.7099082	0.9244482062034778	0.14879781506753262	ENSG00000165275.10	TRMT10B	False
ENST00000456172	72.444435	2.5808012	3.1024976	0.5216963	0.7149218	0.9259404163439828	0.14574147657503192	ENSG00000181315.11	ZNF322	False
ENST00000599836	29.915058	2.2750778	2.7967544	0.52167654	0.5410736	0.8677958347030249	0.26674363928679945	ENSG00000235106.10	BRD3OS	True
ENST00000703798	29.3857	1.5314512	2.0530717	0.5216205	0.72151595	0.9285152025899402	0.14175406171790533	ENSG00000205531.14	NAP1L4	False
ENST00000683636	484.7	6.39438	6.9159656	0.52158546	0.38574556	0.8244231157420382	0.41369906948918533	ENSG00000268500.7	SIGLEC5	False
ENST00000636051	49.914005	3.004856	3.526346	0.52148986	0.3877976	0.8256304087777617	0.41139488964920456	ENSG00000168395.16	ING5	False
ENST00000367879	10.042685	0.99909383	1.5204836	0.5213898	0.46122968	0.8481416265840513	0.3360827518968089	ENSG00000143179.16	UCK2	False
ENST00000310301	306.3537	5.712948	6.2342196	0.5212717	0.0969553	0.8093544299533921	1.0134284482925289	ENSG00000006715.16	VPS41	False
ENST00000469964	17.81488	1.8004831	2.3217041	0.52122104	0.27667603	0.8093544299533921	0.558028466223577	ENSG00000174564.13	IL20RB	False
ENST00000636219	565.05286	6.604242	7.1254177	0.52117586	0.18032277	0.8093544299533921	0.7439494388015498	ENSG00000117713.21	ARID1A	False
ENST00000656021	37.977905	2.0887377	2.6098974	0.52115965	0.4786127	0.8504371505934152	0.32001578957250826	ENSG00000164362.21	TERT	False
ENST00000371145	685.46594	6.0281386	6.5492	0.5210614	0.5386372	0.8673735641566814	0.268703639310357	ENSG00000101972.20	STAG2	False
ENST00000380635	378.4854	5.9905186	6.5114765	0.52095795	0.32697642	0.8142173533113395	0.4854835674825627	ENSG00000205542.11	TMSB4X	False
ENST00000368902	19.339804	1.4054095	1.9263523	0.5209428	0.5408276	0.8677958347030249	0.26694117540155543	ENSG00000163156.12	SCNM1	False
ENST00000544997	61.049683	1.3944229	1.9152285	0.5208056	0.72672594	0.930214042416521	0.1386293401055178	ENSG00000149781.14	FERMT3	False
ENST00000264977	72.51498	3.1825645	3.70334	0.52077556	0.5645605	0.8754369998200654	0.24828953173994908	ENSG00000073711.11	PPP2R3A	False
ENST00000565404	380.8891	5.874611	6.3953695	0.5207586	0.16858399	0.8093544299533921	0.7731836738208034	ENSG00000141002.20	TCF25	False
ENST00000683631	120.00163	3.7284107	4.2491317	0.52072096	0.5725679	0.8774167545446943	0.2421730186324212	ENSG00000113312.12	TTC1	True
ENST00000533539	29.738422	1.9518067	2.4724212	0.5206145	0.64075786	0.9030378888992515	0.19330605858543312	ENSG00000168172.9	HOOK3	False
ENST00000329967	10.633861	0.78552365	1.3060898	0.5205661	0.5944657	0.8857079187793583	0.22587321837112195	ENSG00000184990.13	SIVA1	False
ENST00000549007	41.166252	1.7488693	2.2693806	0.52051127	0.6637647	0.9108073128400928	0.17798583780197014	ENSG00000120868.15	APAF1	False
ENST00000338206	144.5773	4.2810884	4.8014064	0.52031803	0.44986835	0.8470024537044705	0.34691455889825923	ENSG00000196620.10	UGT2B15	False
ENST00000651759	63.97294	3.2829914	3.8031902	0.5201988	0.4734154	0.8500118764885034	0.32475761458233143	ENSG00000100578.18	KIAA0586	False
ENST00000425899	14.294787	1.6396693	2.1596687	0.5199994	0.39233413	0.828362224196607	0.40634390625591377	ENSG00000168385.18	SEPTIN2	True
ENST00000684059	14.31526	1.4865328	2.006486	0.51995313	0.4990769	0.8548764927378353	0.30183252869087507	ENSG00000137492.9	THAP12	False
ENST00000254799	182.6489	4.7770424	5.296852	0.5198097	0.19130889	0.8093544299533921	0.7182648576265176	ENSG00000132463.15	GRSF1	False
ENST00000324134	84.919174	2.37382	2.8936076	0.51978755	0.7279552	0.9309494128477404	0.13789533412105795	ENSG00000142405.23	NLRP12	False
ENST00000371380	132.88193	4.3856683	4.905384	0.5197158	0.27292162	0.8093544299533921	0.5639620566488095	ENSG00000138193.17	PLCE1	False
ENST00000550903	164.74313	5.0008855	5.5205154	0.51962996	0.28316844	0.8102614157364052	0.5479551592708385	ENSG00000058272.19	PPP1R12A	True
ENST00000456329	65.226135	3.011838	3.5314097	0.5195718	0.5033504	0.8555807694307839	0.29812960170258157	ENSG00000170234.13	PWWP2A	False
ENST00000571817	140.96196	3.9986813	4.5182414	0.5195601	0.55534106	0.8723568062898063	0.25544021125085387	ENSG00000141580.16	WDR45B	False
ENST00000610220	102.693375	3.762084	4.2815986	0.51951456	0.43973622	0.8441289928508834	0.3568077638354276	ENSG00000145365.12	TIFA	False
ENST00000316286	49.7284	3.1289995	3.6484115	0.51941204	0.3690925	0.8194459451468774	0.4328647863926291	ENSG00000197362.15	ZNF786	False
ENST00000357578	34.280678	1.7257546	2.2451646	0.51941	0.7453395	0.935882830083255	0.1276458548236865	ENSG00000112294.14	ALDH5A1	False
ENST00000355780	24.448513	1.2150437	1.7342843	0.5192406	0.6060446	0.8901216863280665	0.21749542090960236	ENSG00000040341.18	STAU2	False
ENST00000678030	29.334845	2.3411014	2.860329	0.5192275	0.48695025	0.8529381765683051	0.3125154082194778	ENSG00000288675.1	PANO1	False
ENST00000518389	4.3605423	0.72550315	1.244645	0.51914185	0.55917674	0.8734555245741956	0.2524508998223543	ENSG00000198042.11	MAK16	False
ENST00000520868	3810.6348	9.323295	9.84241	0.51911545	0.029809635	0.8093544299533921	1.525643339663089	ENSG00000070756.17	PABPC1	False
ENST00000480058	1612.5486	8.17506	8.694153	0.51909256	0.14622353	0.8093544299533921	0.8349827354345165	ENSG00000112739.17	PRPF4B	False
ENST00000504005	24.00025	0.8621157	1.3812022	0.51908654	0.67921466	0.916032440992384	0.16799295129096506	ENSG00000151718.16	WWC2	False
ENST00000367311	55.86439	3.056181	3.5751615	0.5189805	0.43051988	0.8408996500740611	0.3660067905941896	ENSG00000174307.7	PHLDA3	False
ENST00000508119	38.44471	2.42485	2.9436693	0.51881933	0.4470748	0.8459831455694948	0.349619808352582	ENSG00000138668.20	HNRNPD	False
ENST00000627783	95.5646	3.5534751	4.072273	0.51879764	0.5403444	0.867777183814941	0.2673293313568214	ENSG00000172403.11	SYNPO2	False
ENST00000372887	18.407106	1.5371188	2.0558438	0.51872504	0.39422473	0.8290075231731883	0.40425613216698464	ENSG00000168734.14	PKIG	False
ENST00000282251	1066.5273	7.4985676	8.017242	0.51867485	0.07985725	0.8093544299533921	1.0976856356395885	ENSG00000152404.16	CWF19L2	False
ENST00000437167	16.450611	1.3168608	1.8355031	0.5186423	0.5441815	0.8690677452700819	0.26425620606892075	ENSG00000183054.13	RGPD6	False
ENST00000541455	95.53548	3.5476134	4.066214	0.5186007	0.53343594	0.8656930641736459	0.2729177266658327	ENSG00000181924.7	COA4	True
ENST00000342905	10.891679	0.9053213	1.4238887	0.5185674	0.62991667	0.8998400021113475	0.20071689982947807	ENSG00000091106.19	NLRC4	False
ENST00000370050	17.41924	1.4991416	2.017704	0.51856244	0.45358083	0.8472077019271466	0.34334531194618245	ENSG00000112697.17	TMEM30A	False
ENST00000314174	203.68527	5.204066	5.722605	0.5185394	0.21585011	0.8093544299533921	0.6658477159828532	ENSG00000169641.16	LUZP1	False
ENST00000335658	121.15863	4.1358986	4.6543927	0.5184941	0.5195671	0.8596276200549111	0.28435838017753284	ENSG00000121570.13	DPPA4	False
ENST00000686942	575.45294	6.632437	7.150872	0.518435	0.22673522	0.8093544299533921	0.6444810145650091	ENSG00000161203.14	AP2M1	False
ENST00000471658	39.56157	2.6995354	3.217866	0.5183306	0.61500883	0.8938875102555693	0.21111864806599662	ENSG00000121390.19	PSPC1	False
ENST00000380265	8.966548	1.2810922	1.7994077	0.51831555	0.25311157	0.8093544299533921	0.5966880004817401	ENSG00000138642.16	HERC6	False
ENST00000688564	6.764441	0.9068525	1.4251285	0.518276	0.4785437	0.8504371505934152	0.3200783979585544	ENSG00000153015.17	CWC27	False
ENST00000379992	7.9272966	0.5613404	1.0796143	0.5182739	0.496001	0.8537766521893764	0.3045174433877714	ENSG00000174482.11	LINGO2	False
ENST00000357103	79.2	3.548481	4.066748	0.51826715	0.313559	0.8118754707110037	0.5036807351943801	ENSG00000006831.10	ADIPOR2	False
ENST00000542921	1511.8109	7.8423767	8.360611	0.51823425	0.46487525	0.8492019855291293	0.33266357409321484	ENSG00000171988.20	JMJD1C	False
ENST00000367874	8.7	1.2278339	1.745887	0.5180532	0.2005864	0.8093544299533921	0.6976985301337085	ENSG00000152382.6	TADA1	False
ENST00000328024	401.1	6.1453958	6.6634345	0.51803875	0.14342782	0.8093544299533921	0.8433666054858385	ENSG00000185236.12	RAB11B	False
ENST00000558131	327.00336	5.876211	6.394232	0.51802063	0.18603233	0.8093544299533921	0.7304115860931616	ENSG00000108107.15	RPL28	False
ENST00000335965	78.7	3.793047	4.310912	0.5178652	0.20386958	0.8093544299533921	0.690647569183684	ENSG00000136247.15	ZDHHC4	False
ENST00000429484	30.813831	2.019676	2.5374143	0.51773834	0.54960656	0.8698453977153369	0.25994809094841137	ENSG00000123643.14	SLC36A1	False
ENST00000239374	104.94069	4.216417	4.7340293	0.51761246	0.10427112	0.8093544299533921	0.9818359560666469	ENSG00000120262.10	CCDC170	False
ENST00000261643	11.791394	1.3508605	1.8684256	0.51756513	0.43790925	0.8431975226756578	0.35861588553783835	ENSG00000006695.12	COX10	False
ENST00000252445	42.10272	2.961979	3.479531	0.51755214	0.40567198	0.8312293045789577	0.3918249839961487	ENSG00000130165.11	ELOF1	False
ENST00000467963	114.48395	4.2542734	4.7718244	0.51755095	0.19694732	0.8093544299533921	0.7056499217062784	ENSG00000028310.18	BRD9	False
ENST00000270139	137.04488	2.8061612	3.3236594	0.51749825	0.8323922	0.9620066277152278	0.07967198982736488	ENSG00000142166.15	IFNAR1	False
ENST00000679836	66.00894	3.3488598	3.8663208	0.51746106	0.48262882	0.8514557166319144	0.31638674582621507	ENSG00000128039.13	SRD5A3	False
ENST00000372980	44.22694	3.0639668	3.5813031	0.51733637	0.24868609	0.8093544299533921	0.6043485056695983	ENSG00000149596.7	JPH2	False
ENST00000696013	181.00702	4.9011917	5.4184465	0.5172548	0.25961813	0.8093544299533921	0.5856649770491686	ENSG00000163798.14	SLC4A1AP	False
ENST00000345535	42.85933	2.8361082	3.3533459	0.51723766	0.42503494	0.8384964729269883	0.3715753670534418	ENSG00000132207.18	SLX1A	False
ENST00000351581	42.85933	2.8361082	3.3533459	0.51723766	0.42503494	0.8384964729269883	0.3715753670534418	ENSG00000181625.18	SLX1B	False
ENST00000591744	50.25106	3.0402393	3.5574648	0.5172255	0.40629518	0.8315413729275363	0.3911583294641921	ENSG00000070540.13	WIPI1	False
ENST00000472947	23.120281	2.218532	2.7356977	0.51716566	0.41040218	0.8325620614246227	0.3867903422850804	ENSG00000169251.13	NMD3	False
ENST00000427641	10.726049	1.164344	1.6814508	0.5171069	0.6872561	0.9178436063724108	0.1628813981176628	ENSG00000114503.11	NCBP2	True
ENST00000457199	33.911232	1.8405904	2.357661	0.51707065	0.68930054	0.9185497184593155	0.161591383099391	ENSG00000110172.12	CHORDC1	False
ENST00000344920	638.1506	6.5054393	7.02248	0.5170407	0.32931423	0.8142173533113395	0.48238950011056403	ENSG00000112992.18	NNT	False
ENST00000683050	11.835295	0.93600035	1.4530232	0.51702285	0.6121287	0.8924767740121592	0.21315727562968323	ENSG00000175224.17	ATG13	False
ENST00000676133	172.41101	4.360044	4.8769827	0.5169387	0.59221846	0.884647864098005	0.2275180603611242	ENSG00000147050.18	KDM6A	False
ENST00000473414	89.92189	3.9685285	4.485368	0.51683927	0.19933577	0.8093544299533921	0.7004147644864624	ENSG00000114744.9	COMMD2	False
ENST00000681615	108.04977	1.714127	2.2307487	0.5166217	0.7707347	0.9426301048560082	0.1130950723480015	ENSG00000132424.17	PNISR	False
ENST00000263095	487.61905	6.299131	6.8156896	0.51655865	0.114124134	0.8093544299533921	0.9426225042747505	ENSG00000083844.11	ZNF264	True
ENST00000259667	9.806202	1.1798643	1.696295	0.51643074	0.33483312	0.8158433703746901	0.4751715963839628	ENSG00000137133.11	HINT2	False
ENST00000274217	210.9211	4.719621	5.2360005	0.51637936	0.47918746	0.8505260190233549	0.3194945567819068	ENSG00000145569.6	OTULINL	False
ENST00000231368	376.623	6.126682	6.6429014	0.5162196	0.09601724	0.8093544299533921	1.0176507752269486	ENSG00000113441.16	LNPEP	False
ENST00000341923	297.08054	5.501772	6.0179577	0.51618576	0.10200298	0.8093544299533921	0.9913871473441483	ENSG00000029725.17	RABEP1	False
ENST00000390348	11.8	1.4553914	1.9714665	0.51607513	0.5709962	0.8770132194562891	0.24336676306607735	ENSG00000211701.2	TRGV1	True
ENST00000542282	63.511864	2.6058965	3.1217947	0.5158982	0.6121743	0.8924767740121592	0.21312492617595463	ENSG00000176915.15	ANKLE2	False
ENST00000570145	63.082123	3.4201295	3.9358678	0.51573825	0.3286271	0.8142173533113395	0.4832966130476186	ENSG00000131951.12	LRRC9	False
ENST00000440906	43.889862	2.8465197	3.3621655	0.51564574	0.5007573	0.8548764927378353	0.3003727308149411	ENSG00000127311.10	HELB	False
ENST00000619810	766.8	7.058254	7.573825	0.5155711	0.19924535	0.8093544299533921	0.7006118085154156	ENSG00000164054.17	SHISA5	False
ENST00000437645	13.434219	1.3487164	1.8641462	0.51542985	0.22968571	0.8093544299533921	0.6388660259083905	ENSG00000183317.17	EPHA10	False
ENST00000392446	45.93862	2.8485432	3.3639178	0.51537466	0.5326806	0.865635036834895	0.27353314332582984	ENSG00000171302.17	CANT1	False
ENST00000339468	309.82452	5.6993256	6.2146664	0.5153408	0.21447396	0.8093544299533921	0.6686254237854239	ENSG00000100027.17	YPEL1	True
ENST00000503669	5.0899725	0.6066227	1.1219567	0.515334	0.33060935	0.8142173533113395	0.4806848664255308	ENSG00000174611.12	KY	False
ENST00000355690	372.65594	4.8409133	5.356195	0.5152817	0.6603929	0.9103157985469302	0.1801976174237708	ENSG00000172322.14	CLEC12A	False
ENST00000518541	39.618187	2.5756996	3.0907214	0.5150218	0.45570487	0.8473426594424552	0.34131633225872227	ENSG00000198791.12	CNOT7	False
ENST00000294742	499.09854	6.078226	6.59321	0.51498413	0.46139538	0.8481416265840513	0.3359267557171042	ENSG00000162704.16	ARPC5	True
ENST00000159111	587.49084	6.2189994	6.733925	0.5149255	0.4551307	0.8473426594424552	0.3418638725078996	ENSG00000127663.15	KDM4B	False
ENST00000302351	30.770214	2.3974593	2.9123719	0.5149126	0.52063584	0.8602982840770351	0.2834659361085508	ENSG00000171617.16	ENC1	False
ENST00000533028	512.1397	6.300676	6.81557	0.514894	0.22132249	0.8093544299533921	0.6549744489146555	ENSG00000117620.15	SLC35A3	False
ENST00000348520	391.27618	5.963714	6.4785767	0.51486254	0.10256373	0.8093544299533921	0.9890061874650201	ENSG00000126214.22	KLC1	False
ENST00000514798	67.51466	3.1794817	3.6943321	0.5148504	0.52781594	0.8635894974451032	0.27751749990761365	ENSG00000164323.15	CFAP97	False
ENST00000697474	59.800922	2.8676167	3.3822517	0.5146351	0.4930646	0.8537766521893764	0.3070961661961014	ENSG00000140694.18	PARN	False
ENST00000510685	13.961622	1.1139057	1.6285238	0.51461816	0.56825274	0.8761634615731728	0.2454584597670798	ENSG00000053108.18	FSTL4	False
ENST00000230449	60.8	3.4614775	3.9758968	0.5144193	0.34579954	0.81719736681995	0.46117559441753125	ENSG00000112685.14	EXOC2	False
ENST00000505065	173.4535	4.6384373	5.1527047	0.51426744	0.3433059	0.81719736681995	0.46431875076889334	ENSG00000158985.14	CDC42SE2	True
ENST00000440172	65.9866	3.3208401	3.8350177	0.51417756	0.29661095	0.8111088466013822	0.52781281805796	ENSG00000122778.10	KIAA1549	False
ENST00000311350	324.58026	5.799254	6.3134294	0.5141754	0.19609189	0.8093544299533921	0.7075403668398696	ENSG00000122557.11	HERPUD2	False
ENST00000369788	29.4	2.2584245	2.772444	0.5140195	0.39594898	0.8294306159329912	0.40236077556057503	ENSG00000138172.11	CALHM2	False
ENST00000494426	12.2	1.2856277	1.7994734	0.5138457	0.55846435	0.8731911168408383	0.25300454649422	ENSG00000169583.13	CLIC3	False
ENST00000393445	105.150406	4.259315	4.773075	0.5137601	0.2010135	0.8093544299533921	0.696774762732721	ENSG00000135945.10	REV1	False
ENST00000637787	45.190483	2.3629386	2.876574	0.5136354	0.6931774	0.9195779048796497	0.15915560397630463	ENSG00000178177.17	LCORL	True
ENST00000358149	198.78885	4.9669294	5.480559	0.51362944	0.29273224	0.8111088466013822	0.5335294458316444	ENSG00000113761.12	ZNF346	False
ENST00000682105	99.65754	3.0880842	3.6016479	0.51356363	0.754343	0.9371003902398674	0.12243115079388198	ENSG00000124356.17	STAMBP	True
ENST00000238112	23.080791	1.9413415	2.4548268	0.5134853	0.50571173	0.8558786284660064	0.29609696908765387	ENSG00000119203.14	CPSF3	False
ENST00000263663	51.44287	2.68493	3.1983442	0.51341414	0.44515824	0.845708078626981	0.35148558020281895	ENSG00000115750.17	TAF1B	False
ENST00000619039	91.6	3.5451205	4.058499	0.5133784	0.48747966	0.8529381765683051	0.3120435031763784	ENSG00000276293.5	PIP4K2B	False
ENST00000616978	438.5357	5.9955297	6.5088797	0.51335	0.27974752	0.8093544299533921	0.5532337612014196	ENSG00000065923.10	SLC9A7	False
ENST00000371153	77.660324	3.623333	4.1365666	0.51323366	0.23553248	0.8093544299533921	0.6279491996786377	ENSG00000132854.19	KANK4	False
ENST00000397622	36.557636	2.3971026	2.9103248	0.5132222	0.46080196	0.8481416265840513	0.3364856832361259	ENSG00000146842.17	TMEM209	False
ENST00000641837	72.77544	2.6233423	3.1362329	0.5128906	0.65993065	0.9103157985469302	0.18050170303377905	ENSG00000211895.5	IGHA1	True
ENST00000357947	228.37517	5.2530856	5.765942	0.5128565	0.23213014	0.8093544299533921	0.6342684665471593	ENSG00000095587.9	TLL2	False
ENST00000680004	79.124275	3.509181	4.0219793	0.5127983	0.5229367	0.8618173325813022	0.28155087658911265	ENSG00000163382.13	NAXE	False
ENST00000415050	254.5229	5.3364067	5.8492017	0.512795	0.22122009	0.8093544299533921	0.6551754333898403	ENSG00000153485.6	LYSET	False
ENST00000608655	13.914436	1.3816646	1.8944049	0.51274025	0.57767594	0.8794550641073513	0.23831572134235157	ENSG00000166313.20	APBB1	False
ENST00000373313	553.6	6.5475755	7.0601177	0.51254225	0.21776274	0.8093544299533921	0.6620164306542012	ENSG00000204103.4	MAFB	False
ENST00000510354	98.59235	4.135611	4.6481347	0.51252365	0.080667675	0.8093544299533921	1.0933004625607283	ENSG00000123219.13	CENPK	True
ENST00000396368	382.8273	6.0561194	6.5685816	0.51246214	0.10401709	0.8093544299533921	0.9828953156236321	ENSG00000166783.22	MARF1	False
ENST00000314607	126.96997	3.7900646	4.302518	0.5124533	0.6496689	0.9059168869193345	0.187307941127038	ENSG00000146463.12	ZMYM4	False
ENST00000225941	121.43746	4.5550475	5.067323	0.5122757	0.13816583	0.8093544299533921	0.8595993447846575	ENSG00000108798.9	ABI3	False
ENST00000447595	41.799393	2.2812889	2.7934198	0.512131	0.5462784	0.8693177891645862	0.26258595766773657	ENSG00000186283.14	TOR3A	False
ENST00000507320	43.45954	2.8712854	3.383318	0.5120325	0.42199194	0.838029552988072	0.3746958394975285	ENSG00000121236.21	TRIM6	False
ENST00000502613	32.691917	1.9133148	2.425281	0.5119662	0.64603853	0.9049129263557762	0.18974157821611654	ENSG00000138756.19	BMP2K	False
ENST00000300648	66.5	3.621837	4.133625	0.51178813	0.23105392	0.8093544299533921	0.6362866615882051	ENSG00000089154.11	GCN1	False
ENST00000344302	69.82319	3.461197	3.9729638	0.5117669	0.22694267	0.8093544299533921	0.644083833567318	ENSG00000147121.16	KRBOX4	False
ENST00000378743	1590.6095	8.136681	8.648361	0.5116806	0.1931884	0.8093544299533921	0.7140189564316359	ENSG00000133858.17	ZFC3H1	False
ENST00000265840	26.35752	2.1396778	2.6512532	0.51157546	0.5474637	0.8693177891645862	0.2616446598016002	ENSG00000110675.13	ELMOD1	False
ENST00000358372	105.33285	4.017852	4.529403	0.5115514	0.45147485	0.8472077019271466	0.34536644203757777	ENSG00000146457.16	WTAP	False
ENST00000496384	78.31875	3.6761358	4.1876345	0.5114987	0.33597812	0.8158433703746901	0.47368900364318434	ENSG00000157764.14	BRAF	False
ENST00000369615	21.915947	1.8714141	2.382876	0.51146185	0.45388144	0.8472077019271466	0.34305757351240573	ENSG00000081026.19	MAGI3	False
ENST00000567646	20.744144	2.0876672	2.599128	0.5114608	0.4264701	0.8391468018325449	0.37011141110405993	ENSG00000176046.9	NUPR1	True
ENST00000377205	266.34344	5.25736	5.768812	0.5114522	0.45322663	0.8472077019271466	0.34368458435547117	ENSG00000173614.14	NMNAT1	False
ENST00000263708	133.13844	4.391285	4.902609	0.5113239	0.39234996	0.828362224196607	0.4063263890801175	ENSG00000088179.9	PTPN4	False
ENST00000494516	11.512418	1.3136226	1.8249424	0.51131976	0.5220202	0.8615368600257558	0.28231267402284194	ENSG00000167491.18	GATAD2A	True
ENST00000382406	118.01695	3.9883015	4.4995675	0.511266	0.52012527	0.8598914154459482	0.2838920458461789	ENSG00000151327.14	FAM177A1	False
ENST00000272645	190.38622	5.049296	5.5605564	0.5112605	0.11754282	0.8093544299533921	0.9298039009185849	ENSG00000144231.11	POLR2D	True
ENST00000396153	219.10747	5.1035905	5.6148186	0.5112281	0.3430218	0.81719736681995	0.4646782657143442	ENSG00000185104.21	FAF1	False
ENST00000638716	843.6877	7.252855	7.764	0.5111451	0.04664459	0.8093544299533921	1.3311987125621483	ENSG00000153187.21	HNRNPU	False
ENST00000698455	49.73298	2.3466065	2.8577075	0.511101	0.7473238	0.9359070387213771	0.12649118013548483	ENSG00000198677.13	SKIC3	True
ENST00000693202	141.006	4.415652	4.926632	0.5109801	0.5012343	0.8548764927378353	0.29995922350343635	ENSG00000197548.13	ATG7	False
ENST00000404843	18.607193	1.9032768	2.4142437	0.5109669	0.4895831	0.8535577747074619	0.31017357778552257	ENSG00000143970.18	ASXL2	False
ENST00000617840	62.56722	3.0542166	3.565063	0.5108464	0.56267816	0.8745909540173	0.24973994271195807	ENSG00000101493.11	ZNF516	False
ENST00000636728	68.76115	3.2304637	3.7412913	0.51082754	0.45082548	0.8472077019271466	0.3459915437289171	ENSG00000184271.18	POU6F1	False
ENST00000438773	59.93507	3.0755558	3.5862832	0.5107274	0.52751595	0.8633796460189781	0.27776440627673565	ENSG00000167632.18	TRAPPC9	False
ENST00000651841	21.50226	2.07842	2.5890698	0.5106499	0.3402111	0.81719736681995	0.468251529244791	ENSG00000106278.12	PTPRZ1	False
ENST00000699043	9.23249	1.006417	1.5169867	0.5105697	0.65703535	0.9090458138685356	0.18241126324971804	ENSG00000077097.17	TOP2B	False
ENST00000398189	8.369075	1.3239752	1.834508	0.51053274	0.18447548	0.8093544299533921	0.7340613474042955	ENSG00000175336.10	APOF	False
ENST00000221972	34.4	2.4507127	2.9611921	0.51047945	0.41756046	0.8367259608007798	0.3792806345409582	ENSG00000105369.10	CD79A	True
ENST00000690008	23.637321	0.9092736	1.4197199	0.5104463	0.66863084	0.9127366894097521	0.17481359687961665	ENSG00000174720.18	LARP7	True
ENST00000398000	47.835373	2.763995	3.274339	0.510344	0.49199155	0.8537766521893764	0.3080423564542194	ENSG00000147113.17	DIPK2B	False
ENST00000317605	9.5	0.857594	1.367707	0.510113	0.46516562	0.8492019855291293	0.33239239568940887	ENSG00000181541.6	MAB21L2	False
ENST00000338034	147.9	4.798721	5.3087096	0.5099888	0.092221975	0.8093544299533921	1.035165579750228	ENSG00000006744.19	ELAC2	False
ENST00000545467	14.653549	1.4321094	1.9420319	0.5099225	0.4083409	0.8322411833574862	0.38897711714240457	ENSG00000134333.15	LDHA	True
ENST00000341761	197.81943	4.8585997	5.3684187	0.50981903	0.2984084	0.8111088466013822	0.5251889717994681	ENSG00000148225.17	WDR31	False
ENST00000421670	154.19711	4.8163123	5.326043	0.5097308	0.13447344	0.8093544299533921	0.8713634753920892	ENSG00000111364.16	DDX55	False
ENST00000526495	415.73413	4.1820846	4.691724	0.50963926	0.82473236	0.9603060401966621	0.08368696300466295	ENSG00000100697.17	DICER1	False
ENST00000683182	221.62814	4.7513595	5.260993	0.50963354	0.4671824	0.8496539504698483	0.3305135286180941	ENSG00000139132.16	FGD4	False
ENST00000458246	28.955791	2.1215608	2.6311436	0.50958276	0.5200028	0.8598302872022934	0.2839943326079537	ENSG00000122678.17	POLM	False
ENST00000528081	3261.5562	9.141124	9.650595	0.50947094	0.14360054	0.8093544299533921	0.8428439318765738	ENSG00000119707.14	RBM25	False
ENST00000341039	59.029297	3.3024976	3.8118448	0.5093472	0.19574913	0.8093544299533921	0.7083001509850837	ENSG00000167272.11	POP5	False
ENST00000543175	12.123844	1.3780979	1.8872614	0.5091635	0.5122973	0.8577385857662841	0.2904779561717326	ENSG00000187024.15	PTRH1	False
ENST00000519638	59.75522	3.0986776	3.60777	0.50909233	0.50937927	0.8566665741098184	0.29295873528514066	ENSG00000147475.17	ERLIN2	False
ENST00000441708	43.812	3.0796614	3.5887387	0.5090773	0.20499276	0.8093544299533921	0.6882614851750389	ENSG00000168036.19	CTNNB1	False
ENST00000696270	831.3245	7.1118355	7.620902	0.5090666	0.101211004	0.8093544299533921	0.9947722671508656	ENSG00000078687.18	TNRC6C	False
ENST00000540443	18.3	1.5916599	2.1007104	0.5090505	0.5224778	0.8616614641298415	0.2819321532626256	ENSG00000175003.15	SLC22A1	True
ENST00000428559	74.09015	3.2876055	3.7965214	0.5089159	0.50697136	0.8558786284660064	0.29501657492653244	ENSG00000023697.13	DERA	False
ENST00000307750	21.3	1.730419	2.2392974	0.50887835	0.58720475	0.8826128203198247	0.23121043677603373	ENSG00000168795.5	ZBTB5	False
ENST00000537531	51.497658	2.9070718	3.415828	0.50875616	0.4956493	0.8537766521893764	0.3048254958543774	ENSG00000142910.16	TINAGL1	False
ENST00000706483	12.970593	1.503033	2.0116608	0.5086278	0.3452816	0.81719736681995	0.4618265633182215	ENSG00000108379.11	WNT3	False
ENST00000424869	307.72772	4.6805854	5.1891346	0.5085492	0.65677667	0.909001728958572	0.182582284830396	ENSG00000148516.23	ZEB1	False
ENST00000590515	56.383064	3.3630245	3.8715649	0.5085404	0.31424475	0.8118754707110037	0.5027319731413931	ENSG00000171791.14	BCL2	True
ENST00000621990	26.507046	2.3639538	2.8724532	0.5084994	0.21816947	0.8093544299533921	0.6612060320375446	ENSG00000162493.17	PDPN	False
ENST00000354286	278.8222	5.578158	6.086631	0.5084729	0.116798565	0.8093544299533921	0.9325624937551565	ENSG00000177225.17	GATD1	False
ENST00000427512	39.474785	2.8965254	3.4049509	0.5084255	0.25260112	0.8093544299533921	0.597564733509285	ENSG00000197128.13	ZNF772	True
ENST00000515303	265.27115	5.2236814	5.731951	0.5082698	0.32040548	0.8125420389446386	0.49430006024373385	ENSG00000163322.14	ABRAXAS1	False
ENST00000697232	18.117207	1.4328669	1.9410827	0.5082158	0.29863593	0.8111088466013822	0.5248579421397859	ENSG00000162594.17	IL23R	False
ENST00000398944	1017.3747	7.4269333	7.934727	0.5077939	0.0027853847	0.8093544299533921	2.555114821313223	ENSG00000205609.13	EIF3CL	False
ENST00000356805	337.30328	5.8889594	6.3967443	0.50778484	0.26670384	0.8093544299533921	0.5739707246680296	ENSG00000115306.17	SPTBN1	False
ENST00000373825	870.80597	6.062668	6.570383	0.5077152	0.70827997	0.9237315579253875	0.14979504142991443	ENSG00000096063.16	SRPK1	False
ENST00000361441	726.4102	6.879292	7.386974	0.50768185	0.19850963	0.8093544299533921	0.7022184123657325	ENSG00000244509.4	APOBEC3C	False
ENST00000277942	238.50713	5.263817	5.771467	0.5076504	0.2632817	0.8093544299533921	0.5795793215406746	ENSG00000148734.8	NPFFR1	False
ENST00000471464	63.932423	3.153024	3.660551	0.5075271	0.5401763	0.867777183814941	0.2674644964081445	ENSG00000159445.13	THEM4	False
ENST00000382038	178.36044	4.866986	5.3745127	0.5075269	0.060114242	0.8093544299533921	1.2210226236957051	ENSG00000113456.20	RAD1	False
ENST00000276974	214.04105	4.1750298	4.6824837	0.5074539	0.6809568	0.9165289327582022	0.1668804510941408	ENSG00000154529.15	CNTNAP3B	False
ENST00000675537	16.1153	0.8475916	1.3549325	0.50734097	0.61360747	0.8930687559101305	0.21210936464122826	ENSG00000196233.14	LCOR	False
ENST00000221770	124.65239	4.0280137	4.53522	0.50720644	0.59432673	0.8857079187793583	0.2259747334751072	ENSG00000105171.10	POP4	False
ENST00000678811	10.174288	1.1615945	1.6686742	0.5070797	0.54447526	0.8692662506126195	0.2640218511152476	ENSG00000107959.17	PITRM1	False
ENST00000534929	165.2	4.9572854	5.4643073	0.5070219	0.08593086	0.8093544299533921	1.065850834000415	ENSG00000149761.9	NUDT22	False
ENST00000521818	14.965619	1.6209898	2.1279447	0.5069549	0.46967977	0.8496539504698483	0.3281981426634852	ENSG00000171060.11	C8orf74	True
ENST00000640577	1173.8076	7.35149	7.858404	0.50691414	0.23830956	0.8093544299533921	0.6228585311738968	ENSG00000204271.13	SPIN3	True
ENST00000682126	39.35716	2.4612339	2.9679143	0.5066805	0.6342708	0.901006220382149	0.19772529054645752	ENSG00000012983.12	MAP4K5	False
ENST00000634910	207.23457	4.534265	5.040924	0.50665903	0.44427496	0.8455994575468359	0.3523481616500911	ENSG00000274290.3	H2BC6	False
ENST00000651747	19.2	1.7396644	2.2463183	0.5066539	0.5023458	0.8551707956010974	0.2989972240819185	ENSG00000160796.18	NBEAL2	False
ENST00000593095	15.461062	1.5576024	2.0642104	0.506608	0.5598904	0.8736417902867227	0.25189698713608666	ENSG00000130811.12	EIF3G	False
ENST00000265069	666.5	6.8840733	7.390606	0.50653267	0.15185681	0.8093544299533921	0.8185657278423797	ENSG00000056097.16	ZFR	False
ENST00000344271	22.533657	1.5977507	2.1040974	0.5063467	0.6257449	0.8983420428423095	0.2036026957339782	ENSG00000111450.15	STX2	False
ENST00000544594	149.06343	4.052093	4.55824	0.5061469	0.59914273	0.8872137205946347	0.22246970587456286	ENSG00000149357.10	LAMTOR1	True
ENST00000360803	265.50833	5.5728993	6.079004	0.50610447	0.15510607	0.8093544299533921	0.8093712125112553	ENSG00000107937.19	GTPBP4	False
ENST00000396401	103.66992	2.2903397	2.796385	0.50604534	0.80069166	0.9532833679144	0.09653469278991653	ENSG00000187735.16	TCEA1	False
ENST00000556345	9.097616	0.89711183	1.4031373	0.5060255	0.44878042	0.8470024537044705	0.34796610180155585	ENSG00000072415.10	PALS1	False
ENST00000302517	57.59381	2.7756975	3.281718	0.50602055	0.6114761	0.8924767740121592	0.21362049644811051	ENSG00000171604.12	CXXC5	False
ENST00000652764	225.73967	5.100186	5.606205	0.5060191	0.25002518	0.8093544299533921	0.6020162462447232	ENSG00000103510.20	KAT8	False
ENST00000325102	46.7	3.0181859	3.5241885	0.50600266	0.30463532	0.8118754707110037	0.5162197506623912	ENSG00000125457.15	MIF4GD	False
ENST00000246551	621.92865	6.706037	7.212	0.50596285	0.06221755	0.8093544299533921	1.2060871050631699	ENSG00000126264.10	HCST	True
ENST00000300087	359.1972	5.957167	6.4629292	0.5057621	0.14882344	0.8093544299533921	0.8273286609039069	ENSG00000166847.10	DCTN5	False
ENST00000319080	478.85236	6.2190957	6.7247615	0.5056658	0.30555362	0.8118754707110037	0.514912573650081	ENSG00000175727.15	MLXIP	False
ENST00000595645	22.06175	1.8550639	2.3607268	0.5056629	0.48741895	0.8529381765683051	0.3120975905626829	ENSG00000167664.9	TMIGD2	False
ENST00000391751	11.124809	0.9444249	1.4500794	0.5056545	0.642981	0.9036380088385125	0.19180186509548902	ENSG00000170889.14	RPS9	False
ENST00000497979	8.545347	0.96679527	1.4724064	0.5056111	0.30226952	0.8118754707110037	0.5196056459707737	ENSG00000135249.8	RINT1	True
ENST00000261381	93.7	3.6598225	4.1653204	0.50549793	0.57143545	0.8771043619672497	0.24303281975217192	ENSG00000103489.12	XYLT1	False
ENST00000381154	252.40886	5.034968	5.540445	0.50547695	0.3358692	0.8158433703746901	0.4738298291151686	ENSG00000006756.16	ARSD	False
ENST00000392876	212.56474	4.8110056	5.316456	0.50545025	0.38650903	0.824601805067204	0.41284035402882807	ENSG00000111696.12	NT5DC3	False
ENST00000454147	31.810785	2.3485749	2.8539758	0.5054009	0.53684694	0.8667540534925389	0.27014952144241167	ENSG00000132164.10	SLC6A11	False
ENST00000587843	23.81612	2.3376012	2.84287	0.5052688	0.4479427	0.8466067403034033	0.34877753275260376	ENSG00000067836.13	ROGDI	True
ENST00000436483	46.16387	2.7876446	3.292913	0.50526834	0.6099447	0.8920263818920305	0.21470953720989694	ENSG00000073737.17	DHRS9	False
ENST00000637751	93.38992	3.9124568	4.4177012	0.5052445	0.32597378	0.8142173533113395	0.48681733278369954	ENSG00000155893.13	PXYLP1	False
ENST00000647612	42.77491	2.664994	3.1701713	0.50517726	0.31374887	0.8118754707110037	0.5034178347603301	ENSG00000285991.1	ENSG00000285991	False
ENST00000334475	313.7032	5.399933	5.904812	0.504879	0.38367593	0.823835243286134	0.416035442249156	ENSG00000124731.13	TREM1	False
ENST00000325301	315.6876	5.643679	6.1485286	0.50484943	0.33129314	0.8142173533113395	0.47978756224572766	ENSG00000100335.15	MIEF1	False
ENST00000577511	23.9992	1.7421455	2.2469864	0.50484085	0.519673	0.8596276200549111	0.2842698551725056	ENSG00000167851.15	CD300A	False
ENST00000335725	38.69442	2.789155	3.2939742	0.50481915	0.4090698	0.8323007445595858	0.3882025748281948	ENSG00000042088.14	TDP1	False
ENST00000455396	6.448636	0.45337388	0.95811987	0.50474596	0.47376418	0.8500118764885034	0.3244377771348856	ENSG00000095321.18	CRAT	False
ENST00000377735	40.0	2.5084164	3.013047	0.50463057	0.46089056	0.8481416265840513	0.33640218577644604	ENSG00000185800.12	DMWD	False
ENST00000598399	18.138622	1.4560059	1.9605372	0.50453126	0.36608607	0.8185742609699567	0.4364168012324156	ENSG00000105372.8	RPS19	True
ENST00000695097	6.21063	1.0817904	1.5862913	0.50450087	0.67487186	0.9142632374641173	0.1707786789281895	ENSG00000149262.19	INTS4	False
ENST00000528451	30.494492	2.4895391	2.9939582	0.5044191	0.3126118	0.8118754707110037	0.5049946488732462	ENSG00000064886.14	CHI3L2	False
ENST00000359204	392.2497	6.0410123	6.5453978	0.5043855	0.06586104	0.8093544299533921	1.1813714231959878	ENSG00000148690.12	FRA10AC1	False
ENST00000648738	137.58719	4.264068	4.768435	0.5043669	0.39767516	0.8298121044971967	0.4004715392414241	ENSG00000117139.18	KDM5B	False
ENST00000361789	3404.3	9.228112	9.732429	0.50431633	0.16492845	0.8093544299533921	0.7827044194018394	ENSG00000198727.2	MT-CYB	False
ENST00000344762	48.5	3.2051756	3.7093174	0.5041418	0.26692206	0.8093544299533921	0.5736155375034787	ENSG00000149548.15	CCDC15	False
ENST00000395091	71.40818	1.5466946	2.0506067	0.5039121	0.7561987	0.9379606453044361	0.12136407114265096	ENSG00000169951.10	ZNF764	False
ENST00000648892	231.32735	5.2370205	5.7409263	0.5039058	0.16410954	0.8093544299533921	0.7848661639991664	ENSG00000156650.14	KAT6B	False
ENST00000621141	21.319818	2.1747062	2.678356	0.5036497	0.51089025	0.8570954230208209	0.2916723893378124	ENSG00000183671.13	CMKLR2	False
ENST00000491463	28.150457	2.1647253	2.668284	0.50355864	0.394834	0.8290075231731883	0.4035854433938572	ENSG00000164713.10	BRI3	True
ENST00000506455	17.471449	1.7190889	2.222646	0.5035571	0.6048812	0.8899892143002557	0.21832989396790353	ENSG00000164116.17	GUCY1A1	False
ENST00000306549	112.33989	4.222308	4.72577	0.50346184	0.120238274	0.8093544299533921	0.9199572653868096	ENSG00000171815.6	PCDHB1	False
ENST00000416600	847.5869	6.978439	7.481841	0.50340223	0.34037733	0.81719736681995	0.4680393717513121	ENSG00000088888.18	MAVS	False
ENST00000436120	171.26807	4.981094	5.4844236	0.50332975	0.023994958	0.8093544299533921	1.6198800053955837	ENSG00000189164.15	ZNF527	False
ENST00000374206	21.5	1.9872001	2.49047	0.5032698	0.46992058	0.8496539504698483	0.32797553884159536	ENSG00000176386.9	CDC26	False
ENST00000428206	83.549706	3.3045805	3.8076844	0.503104	0.75372887	0.9368039250226486	0.12278485164462467	ENSG00000130305.17	NSUN5	False
ENST00000454762	60.492504	2.7641566	3.2671773	0.50302076	0.5945554	0.8857079187793583	0.22580768819002434	ENSG00000137221.14	TJAP1	False
ENST00000322522	40.679638	2.7429094	3.2458012	0.5028918	0.48568386	0.8529381765683051	0.3136463299769011	ENSG00000151689.13	INPP1	False
ENST00000328599	37.3	2.532193	3.0350688	0.5028758	0.4942445	0.8537766521893764	0.30605816707754785	ENSG00000183665.5	TRMT12	False
ENST00000579663	24.805525	1.9975371	2.500347	0.50280976	0.4609952	0.8481416265840513	0.33630359911935065	ENSG00000172782.13	FADS6	False
ENST00000447799	23.2263	2.2061443	2.7089417	0.50279737	0.39289168	0.8283759992706762	0.40572717311822215	ENSG00000111696.12	NT5DC3	True
ENST00000427372	802.3988	6.8892293	7.391997	0.50276756	0.19422992	0.8093544299533921	0.7116838782416973	ENSG00000234545.8	FAM133B	False
ENST00000534894	94.41763	4.1787243	4.6814446	0.50272036	0.2567145	0.8093544299533921	0.5905496121700008	ENSG00000148737.18	TCF7L2	False
ENST00000413440	295.70758	5.6168513	6.119563	0.5027118	0.1139315	0.8093544299533921	0.9433561869507229	ENSG00000116731.23	PRDM2	False
ENST00000409144	9.163412	0.7231901	1.2256966	0.50250643	0.5879982	0.8826337262766747	0.23062399499073027	ENSG00000006625.18	GGCT	False
ENST00000395205	73.293655	3.2558858	3.75839	0.5025041	0.55067396	0.8700738757342981	0.25910545844458366	ENSG00000140463.14	BBS4	False
ENST00000374329	36.420723	2.8665211	3.3690062	0.50248504	0.32751963	0.8142173533113395	0.48476267137124185	ENSG00000117643.16	MAN1C1	False
ENST00000299505	140.99702	4.6304274	5.132907	0.50247955	0.013731346	0.8093544299533921	1.8622868747130297	ENSG00000166398.14	GARRE1	False
ENST00000381176	20.30132	1.7772833	2.279583	0.50229967	0.34361616	0.81719736681995	0.4639264226480371	ENSG00000138944.8	SHISAL1	False
ENST00000645843	302.9491	4.8739166	5.3761444	0.5022278	0.6826769	0.9167089134168167	0.16578478506554428	ENSG00000164074.17	ABHD18	False
ENST00000409321	6913.5493	10.293696	10.795756	0.50205994	0.108986996	0.8093544299533921	0.9626253172220252	ENSG00000187514.17	PTMA	True
ENST00000407280	321.01416	5.825358	6.327097	0.501739	0.23165375	0.8093544299533921	0.6351606651725676	ENSG00000216490.4	IFI30	False
ENST00000393179	8.838739	0.9552322	1.4569237	0.5016915	0.6522281	0.9066271606419737	0.1856004830675938	ENSG00000139323.14	POC1B	False
ENST00000379013	13.694128	1.4562782	1.9577777	0.50149953	0.487697	0.8529381765683051	0.3118499112074428	ENSG00000105668.8	UPK1A	False
ENST00000318683	7.712817	0.7950795	1.296485	0.5014054	0.57507265	0.8783102387709091	0.2402772895271716	ENSG00000179913.11	B3GNT3	False
ENST00000263849	66.5	3.1586769	3.6600776	0.5014007	0.49776503	0.8540375487251681	0.3029756137224546	ENSG00000104427.13	ZC2HC1A	False
ENST00000446735	102.31871	3.3731372	3.8744464	0.50130916	0.6712536	0.9132738921569098	0.17311335816063034	ENSG00000167085.14	PHB1	False
ENST00000345122	101.25851	3.5907857	4.091969	0.5011833	0.5446102	0.8692662506126195	0.2639142271780113	ENSG00000100852.14	ARHGAP5	False
ENST00000288607	24.259853	2.2394521	2.7405992	0.50114703	0.37837446	0.8230751633283137	0.4220781888725681	ENSG00000157778.9	PSMG3	True
ENST00000644203	66.74465	3.1074898	3.6086082	0.5011184	0.5697872	0.8768065382071643	0.24428730795586442	ENSG00000066230.12	SLC9A3	False
ENST00000453985	159.71672	4.5986433	5.099755	0.5011115	0.23491426	0.8093544299533921	0.6290906229159767	ENSG00000154258.17	ABCA9	False
ENST00000542677	44.763794	2.5053506	3.006382	0.5010314	0.5058216	0.8558786284660064	0.2960026413203651	ENSG00000166401.15	SERPINB8	False
ENST00000383794	549.818	6.5423183	7.043309	0.50099087	0.18330666	0.8093544299533921	0.7368217457032181	ENSG00000154781.17	CCDC174	False
ENST00000259400	350.02213	5.8315125	6.3324833	0.50097084	0.19115666	0.8093544299533921	0.7186105764400319	ENSG00000136874.11	STX17	False
ENST00000649856	12.44038	1.269177	1.7700262	0.50084925	0.47680005	0.8504371505934152	0.3216637037978263	ENSG00000255501.3	CARD18	False
ENST00000442047	282.08932	5.219936	5.7206917	0.5007558	0.35943973	0.8183252159569281	0.44437391986509256	ENSG00000187905.11	LRRC74B	False
ENST00000420283	42.0	2.79685	3.2975721	0.50072217	0.2675189	0.8093544299533921	0.572645517356117	ENSG00000187189.11	TSPYL4	False
ENST00000491895	14.88855	0.8936369	1.3943461	0.50070924	0.6484327	0.9058007019088778	0.18813511084671863	ENSG00000131979.20	GCH1	False
ENST00000588883	62.89248	3.6173189	4.117976	0.5006573	0.15045427	0.8093544299533921	0.8225954883391645	ENSG00000167380.17	ZNF226	False
ENST00000292357	11.4	0.9890473	1.4896426	0.50059533	0.56704247	0.8758872921733283	0.24638441238311126	ENSG00000187800.14	PEAR1	False
ENST00000281142	248.93301	5.346576	5.8469744	0.50039816	0.10777357	0.8093544299533921	0.9674877220064055	ENSG00000151466.12	SCLT1	False
ENST00000456951	15.986551	1.3543583	1.854732	0.5003737	0.52937424	0.8643107902232321	0.2762371943223897	ENSG00000213265.9	TSGA13	False
ENST00000458470	197.33917	4.826657	5.3270063	0.5003495	0.29127917	0.8109740254625081	0.5356905761615746	ENSG00000164627.18	KIF6	False
ENST00000519560	40.70905	2.7751973	3.2755015	0.5003042	0.48066685	0.8508238952382959	0.3181558322707332	ENSG00000184347.16	SLIT3	False
ENST00000487429	5.4482803	0.3821185	0.8822291	0.5001106	0.6186575	0.895592664697484	0.2085496971370356	ENSG00000112651.12	MRPL2	False
ENST00000358337	418.5974	6.0349	6.534957	0.50005674	0.075446405	0.8093544299533921	1.122361452187466	ENSG00000120314.19	WDR55	False
ENST00000533969	85.52692	3.5745542	4.07461	0.500056	0.53591603	0.8665861353230246	0.2709032520753323	ENSG00000110700.7	RPS13	False
ENST00000391836	22.087461	1.7819214	2.281928	0.5000067	0.56983024	0.8768065382071643	0.2442545080557741	ENSG00000185420.19	SMYD3	True
ENST00000591818	16.64136	1.4176645	1.9176469	0.49998236	0.35517755	0.8175932215882654	0.4495544909911615	ENSG00000079805.19	DNM2	False
ENST00000216962	34.0	2.5618372	3.061707	0.49986982	0.39015862	0.8265132116000594	0.4087587896753151	ENSG00000100994.12	PYGB	False
ENST00000563588	235.01456	5.2024493	5.7019167	0.49946737	0.106651515	0.8093544299533921	0.9720329718978833	ENSG00000156873.16	PHKG2	False
ENST00000495062	32.32075	2.0713975	2.5708613	0.4994638	0.66686124	0.9123463812421979	0.175964526904546	ENSG00000165115.15	KIF27	False
ENST00000370271	152.44324	4.5714517	5.0708156	0.4993639	0.18827978	0.8093544299533921	0.7251963229816066	ENSG00000119906.13	SLF2	False
ENST00000438792	433.63153	5.3352165	5.8345222	0.49930573	0.6968077	0.9210956347302779	0.15688706974676625	ENSG00000126777.18	KTN1	False
ENST00000610672	197.7474	4.8920126	5.391313	0.49930048	0.1337724	0.8093544299533921	0.873633471472691	ENSG00000148297.16	MED22	False
ENST00000690125	18.653818	1.4173422	1.9165258	0.49918365	0.57717484	0.8792004419030465	0.23869260700225817	ENSG00000064787.14	BCAS1	False
ENST00000369799	654.7	6.810819	7.3099008	0.4990816	0.028678644	0.8093544299533921	1.5424413802860104	ENSG00000168710.18	AHCYL1	False
ENST00000338754	325.28522	5.818359	6.3174114	0.49905252	0.20877159	0.8093544299533921	0.6803286086462622	ENSG00000128294.16	TPST2	False
ENST00000677800	176.07336	4.820593	5.319538	0.49894524	0.23102729	0.8093544299533921	0.6363367158043891	ENSG00000123815.13	COQ8B	False
ENST00000222224	93.055305	4.034029	4.5328755	0.49884653	0.25065714	0.8093544299533921	0.6009199178479326	ENSG00000105617.4	LENG1	False
ENST00000396908	205.5924	4.954943	5.453758	0.49881458	0.47576502	0.8500785913164485	0.32260749237268915	ENSG00000167595.16	PROSER3	False
ENST00000393316	57.01661	3.1631353	3.6618738	0.49873853	0.53018934	0.8648242843919811	0.2755690122628061	ENSG00000188761.13	BCL2L15	False
ENST00000371681	8.6	0.8630492	1.3617784	0.49872917	0.3673525	0.8192702949872638	0.4349170171960763	ENSG00000165338.17	HECTD2	False
ENST00000484723	55.116463	2.7975004	3.296023	0.49852252	0.62652355	0.8986654492835523	0.20306259694257753	ENSG00000134744.14	TUT4	False
ENST00000534358	74.81061	2.6293597	3.1277716	0.4984119	0.82973	0.961666173855514	0.08106322059341071	ENSG00000118058.25	KMT2A	False
ENST00000557802	582.3434	6.626948	7.1252327	0.49828482	0.043018915	0.8093544299533921	1.3663405497842984	ENSG00000100897.18	DCAF11	False
ENST00000222573	48.58083	2.8623168	3.360371	0.49805427	0.4002646	0.8298121044971967	0.3976528276385153	ENSG00000105855.10	ITGB8	False
ENST00000507110	58.6	3.6176302	4.1156225	0.49799228	0.25143412	0.8093544299533921	0.5995757924383739	ENSG00000112996.11	MRPS30	False
ENST00000552440	12.361268	0.98169166	1.4795258	0.49783415	0.6318516	0.9002255149083827	0.19938490114047647	ENSG00000136014.12	USP44	False
ENST00000428003	32.97625	1.6286272	2.126458	0.49783075	0.56715035	0.8758872921733283	0.2463017922116603	ENSG00000185842.16	DNAH14	False
ENST00000682323	64.10365	3.1956348	3.693433	0.4977982	0.5735555	0.87762699845426	0.2414245292502249	ENSG00000138496.17	PARP9	False
ENST00000342683	148.25583	4.4271827	4.924951	0.4977684	0.3799004	0.8231329589941108	0.4203302538941935	ENSG00000189227.6	C15orf61	False
ENST00000395126	8.5	1.2318697	1.7296245	0.4977548	0.52667266	0.8628966334781174	0.2784592245564341	ENSG00000068028.18	RASSF1	False
ENST00000328914	130.38583	4.4272375	4.924963	0.4977255	0.23681174	0.8093544299533921	0.6255967671501703	ENSG00000164916.11	FOXK1	False
ENST00000657706	131.78711	4.196157	4.693747	0.49759007	0.47274667	0.8499137416212882	0.32537152139107084	ENSG00000113712.19	CSNK1A1	False
ENST00000680783	40.428402	2.7444344	3.2419739	0.49753952	0.5234435	0.8618517854807809	0.28113017214295166	ENSG00000135744.9	AGT	False
ENST00000409322	67.20822	2.9000752	3.3975546	0.49747944	0.75210625	0.9367761286654671	0.12372080270715848	ENSG00000135930.15	EIF4E2	False
ENST00000381340	478.78827	6.148466	6.645514	0.4970479	0.2673811	0.8093544299533921	0.572869291366236	ENSG00000123104.12	ITPR2	False
ENST00000503079	13.942053	0.7035067	1.2005545	0.49704778	0.60683227	0.8902000191870786	0.2169313354170326	ENSG00000172062.17	SMN1	False
ENST00000373510	412.82373	6.1059804	6.6029124	0.49693203	0.1553002	0.8093544299533921	0.8088279850148736	ENSG00000160062.15	ZBTB8A	False
ENST00000496811	136.74797	4.584675	5.0815954	0.4969206	0.06386921	0.8093544299533921	1.1947084685458873	ENSG00000174953.14	DHX36	False
ENST00000281127	30.220266	2.1400664	2.636936	0.49686956	0.4676758	0.8496539504698483	0.3300550974571075	ENSG00000021645.20	NRXN3	False
ENST00000221444	72.45466	3.636508	4.1332664	0.49675846	0.31358826	0.8118754707110037	0.5036402024158126	ENSG00000104848.2	KCNA7	False
ENST00000415603	53.59778	3.1743736	3.6711175	0.49674392	0.29650027	0.8111088466013822	0.5279749132682745	ENSG00000204560.10	DHX16	False
ENST00000651925	154.62044	4.8520794	5.3486695	0.49659014	0.19294448	0.8093544299533921	0.7145676373296113	ENSG00000286112.1	KYAT1	False
ENST00000396535	20.14851	2.1787376	2.6752748	0.4965372	0.3812523	0.823716002720574	0.4187875403843059	ENSG00000185634.12	SHC4	False
ENST00000525508	589.2875	6.511997	7.0085278	0.49653053	0.41431925	0.834214748032089	0.3826648912854928	ENSG00000171316.14	CHD7	False
ENST00000522206	14.707403	1.6102711	2.1067061	0.49643505	0.3570627	0.8177495557578855	0.44725551848530154	ENSG00000104490.18	NCALD	True
ENST00000671876	780.225	7.0029716	7.49934	0.4963684	0.14904332	0.8093544299533921	0.8266874792296282	ENSG00000173214.7	MFSD4B	False
ENST00000432458	97.41089	3.5835698	4.07981	0.49624038	0.5795074	0.8801492864119468	0.2369410060677849	ENSG00000144635.9	DYNC1LI1	False
ENST00000532507	72.47321	3.5426195	4.0385647	0.49594522	0.45838904	0.8478742186373767	0.33876577121213086	ENSG00000173327.8	MAP3K11	False
ENST00000309334	242.91861	5.6042137	6.1001477	0.495934	0.18147354	0.8093544299533921	0.7411866930356406	ENSG00000150347.17	ARID5B	False
ENST00000288071	29.186985	1.8742737	2.3700905	0.49581683	0.65204406	0.9065143079276402	0.18572305851196885	ENSG00000157349.17	DDX19B	False
ENST00000339656	396.65182	6.0388603	6.5346727	0.49581242	0.12465996	0.8093544299533921	0.9042730065125655	ENSG00000198466.12	ZNF587	False
ENST00000436844	48.394947	3.2603266	3.7561278	0.4958012	0.18163265	0.8093544299533921	0.7408060738198813	ENSG00000106628.13	POLD2	False
ENST00000642424	37.96281	2.6463435	3.1419954	0.49565196	0.5311731	0.8650705573587383	0.27476391871276407	ENSG00000215301.11	DDX3X	False
ENST00000307439	13.741205	1.698697	2.1942549	0.4955579	0.1433006	0.8093544299533921	0.8437520127263721	ENSG00000169435.14	RASSF6	False
ENST00000294338	342.4	5.940681	6.4362116	0.4955306	0.50180906	0.8548764927378353	0.29946150140805017	ENSG00000162366.8	PDZK1IP1	False
ENST00000368449	69.4	3.4095285	3.9050193	0.4954908	0.13421859	0.8093544299533921	0.8721873328144665	ENSG00000160691.19	SHC1	False
ENST00000320631	998.0	7.3625855	7.857959	0.49537325	0.21484718	0.8093544299533921	0.6678703478464335	ENSG00000110047.18	EHD1	False
ENST00000641597	20.013935	1.8149785	2.3103511	0.49537265	0.39108428	0.8273686668756721	0.4077296365846816	ENSG00000092621.13	PHGDH	False
ENST00000368863	91.83908	4.1285005	4.623663	0.4951625	0.27073026	0.8093544299533921	0.5674632044115615	ENSG00000143442.24	POGZ	True
ENST00000311128	79.742714	3.5413816	4.036531	0.49514937	0.47554258	0.8500118764885034	0.3228105947889171	ENSG00000174839.13	DENND6A	False
ENST00000443617	570.2472	6.6647544	7.1598577	0.49510336	0.1642081	0.8093544299533921	0.7846054259552567	ENSG00000103657.14	HERC1	False
ENST00000593639	126.74054	3.8717384	4.366839	0.4951005	0.60500336	0.8899892143002557	0.21824221560589274	ENSG00000133226.19	SRRM1	False
ENST00000369063	55.972527	3.34492	3.8399897	0.49506974	0.22999868	0.8093544299533921	0.6382746602973092	ENSG00000130347.13	RTN4IP1	False
ENST00000341864	127.8	4.0730147	4.5679693	0.4949546	0.5500023	0.8698453977153369	0.2596355126113142	ENSG00000187325.5	TAF9B	False
ENST00000297784	34.44386	2.7949688	3.2896886	0.49471974	0.08220216	0.8093544299533921	1.0851167764710996	ENSG00000165091.18	TMC1	False
ENST00000344420	246.15901	5.2273984	5.722105	0.49470663	0.3154942	0.8118754707110037	0.5010086072380021	ENSG00000213699.9	SLC35F6	False
ENST00000565592	39.6	2.5155466	3.01002	0.49447346	0.4354237	0.842654100473947	0.36108793411825113	ENSG00000167964.13	RAB26	False
ENST00000307403	37.72035	1.7900506	2.2845137	0.4944631	0.66980237	0.9130319046815818	0.17405332160403578	ENSG00000184863.11	RBM33	True
ENST00000556006	82.83671	2.836044	3.3303518	0.49430776	0.7420373	0.9352199817307463	0.12957426565342875	ENSG00000118307.20	DNAI7	False
ENST00000706179	24.300392	1.7270446	2.221288	0.49424338	0.4368704	0.8427484754954933	0.359647383603184	ENSG00000087111.22	PIGS	True
ENST00000619735	76.40369	3.0639172	3.5580614	0.4941442	0.71793395	0.9272141667828993	0.14391550735969338	ENSG00000100109.17	TFIP11	False
ENST00000635918	26.381977	1.8543502	2.3484926	0.4941424	0.4262597	0.8391468018325449	0.370325728629524	ENSG00000236444.5	UBE2L5	False
ENST00000481013	156.88971	4.458059	4.9520473	0.4939885	0.38518447	0.8242482227560738	0.4143312347930864	ENSG00000120699.14	EXOSC8	False
ENST00000377943	322.83224	5.771086	6.2650466	0.49396038	0.22821653	0.8093544299533921	0.6416529044101226	ENSG00000125870.11	SNRPB2	False
ENST00000533751	14.344249	0.7976535	1.2916105	0.49395698	0.53052706	0.8648242843919811	0.2752924635024296	ENSG00000154359.13	LONRF1	False
ENST00000262415	112.48582	4.0059657	4.499906	0.49394035	0.5838824	0.8819641855083519	0.23367462187184881	ENSG00000067596.12	DHX8	False
ENST00000395557	130.81154	4.0337043	4.527378	0.4936738	0.58768636	0.8826128203198247	0.23085438908238684	ENSG00000164221.13	CCDC112	False
ENST00000377811	40.513985	2.503424	2.9969811	0.4935572	0.57641697	0.8790282287562944	0.2392632423539281	ENSG00000147123.12	NDUFB11	False
ENST00000681512	17.93457	1.1816244	1.6749638	0.49333942	0.70034546	0.9213739711151103	0.1546876844331849	ENSG00000172543.9	CTSW	False
ENST00000203556	101.3	4.1116204	4.6048717	0.49325132	0.34845808	0.81719736681995	0.45784945881480166	ENSG00000089639.11	GMIP	False
ENST00000328923	101.5	4.182197	4.675445	0.493248	0.024367508	0.8093544299533921	1.6131888907529734	ENSG00000182199.11	SHMT2	False
ENST00000324862	95.4	4.02992	4.523158	0.49323797	0.16358425	0.8093544299533921	0.7862585201624535	ENSG00000117360.13	PRPF3	False
ENST00000310571	332.71918	5.7067523	6.1999407	0.49318838	0.25530648	0.8093544299533921	0.5929381581768626	ENSG00000175575.13	PAAF1	False
ENST00000397992	203.54633	5.1865935	5.6797285	0.49313498	0.08381283	0.8093544299533921	1.0766894801575237	ENSG00000140836.17	ZFHX3	False
ENST00000644926	354.85727	5.34062	5.8335557	0.49293566	0.46810687	0.8496539504698483	0.32965498888072364	ENSG00000135083.17	CCNJL	False
ENST00000530527	8.011986	1.1039512	1.5968767	0.49292552	0.5106844	0.856964511073161	0.29184743310721617	ENSG00000070081.18	NUCB2	False
ENST00000590602	847.7756	7.1485753	7.6412773	0.492702	0.06555919	0.8093544299533921	1.1833663977518798	ENSG00000141524.19	TMC6	False
ENST00000602149	66.153946	3.5869913	4.0795665	0.49257517	0.23985355	0.8093544299533921	0.6200538564893168	ENSG00000121406.9	ZNF549	True
ENST00000612039	125.8	4.542747	5.035316	0.49256897	0.32831514	0.8142173533113395	0.48370909121818007	ENSG00000143811.20	PYCR2	False
ENST00000450876	59.731823	2.7212856	3.2138534	0.49256778	0.6128065	0.8927658698984382	0.21267663752237406	ENSG00000166448.15	TMEM130	False
ENST00000393909	92.596886	4.089398	4.5816903	0.4922924	0.09802299	0.8093544299533921	1.008672054631577	ENSG00000115364.14	MRPL19	False
ENST00000559061	8.458545	1.0520527	1.5442508	0.4921981	0.30489203	0.8118754707110037	0.5158539233627606	ENSG00000028528.15	SNX1	False
ENST00000379847	106.360085	3.9427013	4.434895	0.4921937	0.462964	0.8485544709786854	0.3344527799104855	ENSG00000165264.11	NDUFB6	False
ENST00000629350	63.777832	3.298165	3.7903423	0.49217725	0.22677982	0.8093544299533921	0.6443955965557226	ENSG00000134058.12	CDK7	False
ENST00000555944	497.06403	6.14807	6.640196	0.492126	0.31551984	0.8118754707110037	0.500973327622909	ENSG00000088833.18	NSFL1C	False
ENST00000390477	29.0	1.7892908	2.2810717	0.49178088	0.633767	0.9008885448054796	0.19807037208338524	ENSG00000211829.9	TRDC	False
ENST00000361390	5067.8	9.790237	10.2818575	0.49162006	0.104412004	0.8093544299533921	0.981249567196229	ENSG00000198888.2	MT-ND1	False
ENST00000393965	324.7539	5.8575974	6.349193	0.49159575	0.03970941	0.8093544299533921	1.401106548531476	ENSG00000135637.15	CCDC142	False
ENST00000565362	63.265297	2.5898535	3.081408	0.4915545	0.7200118	0.9280763849316231	0.14266040368089977	ENSG00000179889.20	PDXDC1	True
ENST00000611392	10.848838	1.2222748	1.713727	0.49145222	0.33552206	0.8158433703746901	0.4742789261006639	ENSG00000283201.1	ZNF724	False
ENST00000650955	18.17925	1.5835031	2.0749161	0.491413	0.4242229	0.8384889416362945	0.3724059052687327	ENSG00000164114.19	MAP9	False
ENST00000379081	16.199562	1.5432125	2.034218	0.49100554	0.5884081	0.8828536255238867	0.2303213481794461	ENSG00000164970.15	FAM219A	False
ENST00000314446	111.16355	3.2287953	3.7197857	0.4909904	0.7860988	0.9476917709108522	0.1045228787028334	ENSG00000131042.15	LILRB2	False
ENST00000275072	176.43181	4.9715557	5.4623194	0.49076366	0.12955254	0.8093544299533921	0.8875540572366526	ENSG00000146281.6	PM20D2	False
ENST00000438970	9.619876	1.165229	1.6559896	0.49076068	0.32784024	0.8142173533113395	0.4843377425884163	ENSG00000180257.14	ZNF816	True
ENST00000479414	8.805983	0.74224085	1.2327123	0.49047142	0.5602441	0.8737130051602651	0.25162272124239266	ENSG00000160124.9	MIX23	True
ENST00000699561	51.39881	3.043026	3.5334053	0.49037933	0.27242693	0.8093544299533921	0.5647499588119397	ENSG00000076248.12	UNG	False
ENST00000436117	24.487005	2.0951583	2.5853548	0.49019647	0.40359688	0.8303154186824399	0.3940522018259554	ENSG00000105976.16	MET	False
ENST00000693068	526.8334	6.3911386	6.8813334	0.4901948	0.21838313	0.8093544299533921	0.660780906943577	ENSG00000100241.22	SBF1	False
ENST00000321297	14.5758	1.382043	1.8721923	0.49014926	0.6078086	0.8907962838808695	0.2162331664884872	ENSG00000168010.11	ATG16L2	False
ENST00000299565	83.11578	3.6175082	4.1075754	0.49006724	0.5152475	0.8587509528528511	0.28798408670887005	ENSG00000169684.13	CHRNA5	False
ENST00000327794	26.131947	2.3574784	2.8472254	0.48974705	0.4026951	0.830273436445602	0.39502366610130335	ENSG00000185842.16	DNAH14	False
ENST00000602624	171.63025	4.91437	5.404066	0.48969603	0.19683701	0.8093544299533921	0.705893245036135	ENSG00000244038.11	DDOST	False
ENST00000453153	67.7782	3.4419174	3.9315243	0.48960686	0.19733615	0.8093544299533921	0.7047933442413671	ENSG00000138399.18	FASTKD1	False
ENST00000485616	13.557318	1.3462907	1.8358067	0.48951602	0.5722805	0.8772146664105537	0.24239103222306174	ENSG00000106686.18	SPATA6L	False
ENST00000382758	11.5	0.96938604	1.4588542	0.48946816	0.5086219	0.8561468013132967	0.29360496847192735	ENSG00000150456.11	EEF1AKMT1	False
ENST00000713848	10.845253	0.94921565	1.4385208	0.48930514	0.69012356	0.9186724533179029	0.1610731472729245	ENSG00000115839.20	RAB3GAP1	False
ENST00000284878	41.586914	2.268017	2.7572012	0.48918414	0.5785061	0.8797154914228587	0.237692048230446	ENSG00000154639.19	CXADR	False
ENST00000215115	15.750671	1.5423673	2.0314875	0.48912013	0.40049484	0.8298121044971967	0.3974030709848947	ENSG00000099385.12	BCL7C	False
ENST00000269601	73.47633	3.6258395	4.1147523	0.48891282	0.41044357	0.8325620614246227	0.38674653915897544	ENSG00000141759.15	TXNL4A	False
ENST00000421731	158.81932	4.635937	5.1248097	0.48887253	0.19476	0.8093544299533921	0.7105002458436777	ENSG00000144554.13	FANCD2	False
ENST00000389879	219.20064	5.315472	5.8043337	0.48886156	0.14891575	0.8093544299533921	0.827059358805382	ENSG00000090061.17	CCNK	False
ENST00000370094	605.5422	6.56033	7.0489054	0.48857546	0.15317927	0.8093544299533921	0.814799995974128	ENSG00000198408.14	OGA	False
ENST00000436782	78.78121	3.0939524	3.5823646	0.48841214	0.52606887	0.8628966334781174	0.27895739980836165	ENSG00000129103.19	SUMF2	False
ENST00000255476	37.9	2.5757892	3.0641973	0.4884081	0.25853348	0.8093544299533921	0.5874832116604786	ENSG00000133111.4	RFXAP	False
ENST00000334574	91.20014	4.0221047	4.51041	0.4883051	0.029824998	0.8093544299533921	1.5254195734350986	ENSG00000186628.12	FSD2	False
ENST00000530673	44.83722	2.8323987	3.3206756	0.48827696	0.51901376	0.85960357922321	0.28482112599104786	ENSG00000149823.10	VPS51	True
ENST00000586988	37.012886	2.7262666	3.214361	0.48809433	0.5120406	0.8575230487420669	0.290695589402442	ENSG00000130816.17	DNMT1	False
ENST00000248975	43.187233	2.8148296	3.302916	0.48808646	0.5281391	0.8637495285395624	0.27725166714454863	ENSG00000128245.15	YWHAH	False
ENST00000646433	48.428295	2.8602245	3.3482687	0.48804426	0.46566957	0.8494197755236921	0.3319221386847333	ENSG00000171453.20	POLR1C	False
ENST00000521420	1015.9291	7.4942393	7.9821873	0.48794794	0.091744274	0.8093544299533921	1.0374210321528072	ENSG00000055163.21	CYFIP2	False
ENST00000658277	8.869867	0.9623254	1.4502356	0.4879102	0.514883	0.8587509528528511	0.2882914624986556	ENSG00000157193.18	LRP8	False
ENST00000407684	22.834995	1.8774137	2.3653188	0.48790503	0.54833186	0.8693177891645862	0.260956521945983	ENSG00000157833.13	GAREM2	False
ENST00000435575	66.1114	3.2551167	3.7428598	0.48774314	0.4193745	0.8372501845950583	0.3773979846816836	ENSG00000088726.16	TMEM40	False
ENST00000625626	79.284966	3.4975693	3.9852366	0.48766732	0.5633531	0.875031379389378	0.24921929511414576	ENSG00000112584.14	FAM120B	False
ENST00000651655	118.47261	2.169204	2.6567936	0.4875896	0.80669177	0.9552005372235465	0.09329237604611995	ENSG00000175390.15	EIF3F	False
ENST00000379068	9.049528	0.6455613	1.1331022	0.4875409	0.57485175	0.8781741341262993	0.2404441411914925	ENSG00000101868.13	POLA1	False
ENST00000222305	24.424221	1.0391269	1.5262797	0.4871528	0.7068877	0.9234034770961242	0.15064956156585754	ENSG00000105698.16	USF2	False
ENST00000318010	12.203875	1.046239	1.5333194	0.48708034	0.5587378	0.8733263988897364	0.252791935332171	ENSG00000214013.10	GANC	False
ENST00000357037	150.01656	4.488562	4.9755144	0.4869523	0.40940222	0.8323007445595858	0.38784980515893686	ENSG00000177469.13	CAVIN1	False
ENST00000687399	53.218956	1.8363873	2.323205	0.48681772	0.7936407	0.950362321783052	0.10037608319693603	ENSG00000135968.22	GCC2	False
ENST00000293373	1683.1823	8.170429	8.657124	0.48669434	0.10035481	0.8093544299533921	0.9984617938164105	ENSG00000123338.13	NCKAP1L	False
ENST00000455858	50.787773	3.3308537	3.8175254	0.4866717	0.23321997	0.8093544299533921	0.6322342717542944	ENSG00000174989.13	FBXW8	False
ENST00000267328	34.3	1.8288311	2.3154633	0.48663223	0.49567625	0.8537766521893764	0.3048018901728756	ENSG00000139832.5	RAB20	False
ENST00000435506	56.0306	2.60666	3.0932562	0.48659635	0.57713974	0.8792004419030465	0.23871902412570503	ENSG00000141698.17	NT5C3B	False
ENST00000265293	13.111547	1.4771552	1.9636008	0.48644555	0.31655368	0.8118754707110037	0.4995526304869424	ENSG00000113645.15	WWC1	False
ENST00000246657	100.394066	4.019356	4.5057583	0.4864025	0.44777775	0.8464256755917331	0.34893749207467745	ENSG00000126353.3	CCR7	False
ENST00000562599	44.99127	2.6341264	3.120224	0.48609757	0.53043467	0.8648242843919811	0.27536809912644494	ENSG00000102978.13	POLR2C	False
ENST00000675552	38.19378	2.5849924	3.0710406	0.48604822	0.5879404	0.8826128203198247	0.2306667002631971	ENSG00000112367.12	FIG4	False
ENST00000268912	163.0315	4.8535476	5.339455	0.48590755	0.20298864	0.8093544299533921	0.6925282672683206	ENSG00000141194.7	OR4D1	False
ENST00000427792	15.298924	1.4640025	1.9499017	0.4858992	0.4377923	0.8431338035519199	0.3587318800118515	ENSG00000151779.14	NBAS	True
ENST00000264254	36.1	2.439337	2.92518	0.48584294	0.4711396	0.8496539504698483	0.32685038206961026	ENSG00000115539.14	PDCL3	False
ENST00000641149	46.39719	2.8035915	3.2894058	0.48581433	0.63599575	0.9016915978332832	0.19654578945072856	ENSG00000177535.10	OR2B11	False
ENST00000369020	117.98434	4.2695193	4.755284	0.4857645	0.4055851	0.8312293045789577	0.3919179971709991	ENSG00000146285.15	SCML4	False
ENST00000680643	63.53061	3.0768063	3.562525	0.48571873	0.5066171	0.8558786284660064	0.2953201306945888	ENSG00000159063.14	ALG8	False
ENST00000378661	22.9	1.872201	2.3578582	0.48565722	0.46913525	0.8496539504698483	0.3287019294227519	ENSG00000162881.7	OXER1	False
ENST00000314641	55.661354	3.1177845	3.6033862	0.48560166	0.50522286	0.8558786284660064	0.29651700957405985	ENSG00000112276.14	BVES	False
ENST00000358517	15.01993	1.0108919	1.4964852	0.48559332	0.66744256	0.9124991026791659	0.17558610354141443	ENSG00000120278.17	PLEKHG1	False
ENST00000240316	187.3	5.0339484	5.5192933	0.4853449	0.2018456	0.8093544299533921	0.6949807106823213	ENSG00000121058.5	COIL	False
ENST00000369002	422.056	5.995102	6.480322	0.48521996	0.12018466	0.8093544299533921	0.9201509609588213	ENSG00000025796.14	SEC63	False
ENST00000216471	46.19013	2.8473303	3.3323565	0.48502612	0.4888429	0.8530972137173114	0.31083068410902037	ENSG00000100583.5	SAMD15	False
ENST00000634607	516.5127	6.529821	7.0148354	0.48501444	0.1397964	0.8093544299533921	0.8545039935482633	ENSG00000106443.17	PHF14	False
ENST00000256951	13.730881	1.5015329	1.9865189	0.48498595	0.50241923	0.8551707956010974	0.29893374354276986	ENSG00000134531.10	EMP1	False
ENST00000302874	41.92759	2.4065363	2.8914542	0.48491788	0.59496874	0.8857731799485989	0.22550585454847877	ENSG00000168228.16	ZCCHC4	False
ENST00000676885	179.00821	3.1600735	3.644938	0.48486447	0.77877134	0.9446071596283676	0.1085900390998914	ENSG00000166352.18	IFTAP	True
ENST00000221978	10.462545	1.213437	1.6981559	0.48471892	0.5038516	0.8556848333281974	0.29769736441125233	ENSG00000105374.10	NKG7	False
ENST00000219837	341.3461	5.9351125	6.4197726	0.48466015	0.14376763	0.8093544299533921	0.842338901340136	ENSG00000103550.14	KNOP1	False
ENST00000266126	128.78186	4.4824643	4.9670944	0.4846301	0.20275252	0.8093544299533921	0.6930337485278987	ENSG00000119718.11	EIF2B2	False
ENST00000524104	52.26059	3.0514565	3.5360658	0.48460937	0.52861416	0.8637576891901744	0.27686120479962856	ENSG00000040341.18	STAU2	False
ENST00000264345	48.25343	2.833616	3.3180547	0.48443866	0.5551322	0.8723568062898063	0.2556035730103772	ENSG00000138641.18	HERC3	False
ENST00000649030	6.0	0.5926326	1.0770582	0.4844256	0.4045262	0.8308673230355685	0.39305334097905714	ENSG00000182636.8	NDN	False
ENST00000323670	139.87527	4.6634746	5.1476874	0.48421288	0.4215235	0.838029552988072	0.37517819662465307	ENSG00000131943.20	C19orf12	False
ENST00000420715	9.9	1.0336742	1.5173794	0.48370516	0.3833371	0.823835243286134	0.41641913532402	ENSG00000105619.14	TFPT	False
ENST00000310806	674.9064	6.8603015	7.3439803	0.48367882	0.074107155	0.8093544299533921	1.130139857938154	ENSG00000129534.14	MIS18BP1	False
ENST00000355112	50.984013	3.3008976	3.7845485	0.48365092	0.35148668	0.8172002775093227	0.4540911248579504	ENSG00000197299.13	BLM	False
ENST00000651918	94.78792	3.3113148	3.7949064	0.48359156	0.60133785	0.888250341980818	0.22088145943480747	ENSG00000087274.19	ADD1	False
ENST00000585867	33.776314	2.213637	2.697207	0.48356986	0.46359438	0.8489239594146564	0.33386184025575566	ENSG00000078328.23	RBFOX1	False
ENST00000354777	20.690546	1.6777588	2.1612668	0.483508	0.5286489	0.8637576891901744	0.2768326565227139	ENSG00000116729.14	WLS	False
ENST00000593771	9.2	1.1775948	1.6610816	0.48348677	0.6203239	0.8963672800698408	0.2073814884170588	ENSG00000077348.10	EXOSC5	False
ENST00000368653	92.209236	3.5917032	4.0751147	0.48341155	0.66772103	0.9124991026791659	0.17540494335046783	ENSG00000148773.14	MKI67	False
ENST00000507872	60.085224	2.9975758	3.4808054	0.48322964	0.74345887	0.9355313117282439	0.1287430544417662	ENSG00000164180.14	TMEM161B	False
ENST00000610051	138.36876	4.1843095	4.6675224	0.48321295	0.5903651	0.8838774865141505	0.22887931546066276	ENSG00000094975.15	SUCO	False
ENST00000652180	90.53371	3.6825874	4.165637	0.48304963	0.4390269	0.843416202945035	0.35750887663728825	ENSG00000010310.9	GIPR	False
ENST00000319540	72.94844	3.4675913	3.950386	0.48279476	0.4199695	0.8374027596300101	0.37678224971809054	ENSG00000145284.12	SCD5	False
ENST00000392952	163.275	4.9709105	5.453541	0.48263025	0.09247982	0.8093544299533921	1.0339530356357398	ENSG00000099204.22	ABLIM1	False
ENST00000327374	678.9561	6.7962165	7.278791	0.48257446	0.36370304	0.8185742609699567	0.4392530661847547	ENSG00000183597.16	TANGO2	False
ENST00000409299	182.55554	5.0600247	5.5425386	0.4825139	0.06561323	0.8093544299533921	1.18300856542286	ENSG00000101417.12	PXMP4	False
ENST00000648538	28.080807	2.2581236	2.7405164	0.4823928	0.43489155	0.842654100473947	0.36161902892093617	ENSG00000077800.13	FKBP6	False
ENST00000244043	96.38055	3.914282	4.3966465	0.48236442	0.4953143	0.8537766521893764	0.30511913345986885	ENSG00000124212.6	PTGIS	False
ENST00000265801	55.68155	2.8723528	3.3547106	0.48235774	0.51811826	0.8589934435588001	0.2855710997174922	ENSG00000061337.16	LZTS1	False
ENST00000356853	210.40352	5.211025	5.6931467	0.48212147	0.23079416	0.8093544299533921	0.6367751818037818	ENSG00000187736.14	NHEJ1	False
ENST00000578013	66.84685	2.727953	3.2099254	0.48197246	0.6461524	0.9049469109688706	0.1896650536108692	ENSG00000141447.19	OSBPL1A	False
ENST00000470487	41.095196	2.8411167	3.3229382	0.48182154	0.19886898	0.8093544299533921	0.7014329645802382	ENSG00000173905.9	GOLIM4	True
ENST00000228936	47.265858	2.6491125	3.1308272	0.48171473	0.5079603	0.8558786284660064	0.2941702122967884	ENSG00000111339.12	ART4	False
ENST00000491381	132.63254	4.312321	4.7939763	0.48165512	0.37118158	0.8199748637125035	0.4304135869061007	ENSG00000124104.19	SNX21	False
ENST00000703174	81.204994	3.094391	3.5760393	0.4816482	0.60986155	0.8920263818920305	0.2147687448516827	ENSG00000213639.11	PPP1CB	False
ENST00000252136	55.15993	3.0357141	3.5169258	0.48121166	0.48913226	0.8532668149653283	0.310573697138309	ENSG00000099899.16	TRMT2A	False
ENST00000463563	27.329418	2.1230464	2.6042366	0.4811902	0.69718903	0.9211045853287517	0.1566494530757839	ENSG00000163714.18	U2SURP	False
ENST00000220931	55.279602	3.2668705	3.7480488	0.48117828	0.37933704	0.8231329589941108	0.420974746017754	ENSG00000104490.18	NCALD	False
ENST00000453291	18.688389	1.0075182	1.4884173	0.4808991	0.6714895	0.9132738921569098	0.17296078872601686	ENSG00000119402.18	FBXW2	False
ENST00000361367	376.8	5.908817	6.389641	0.480824	0.45808196	0.8478742186373767	0.3390568104553408	ENSG00000198730.10	CTR9	False
ENST00000315616	57.52865	3.4957159	3.9764006	0.48068476	0.15456578	0.8093544299533921	0.8108866463402328	ENSG00000166133.18	RPUSD2	False
ENST00000370608	65.130165	3.1465664	3.6272001	0.48063374	0.5395522	0.867777183814941	0.26796652283883715	ENSG00000153898.13	MCOLN2	False
ENST00000314622	284.28717	5.720793	6.2013826	0.48058987	0.0076344684	0.8093544299533921	2.117221199489248	ENSG00000178694.10	NSUN3	False
ENST00000504143	8.100489	0.98557025	1.4659799	0.48040968	0.59151304	0.8844109433291127	0.2280356785410965	ENSG00000151422.14	FER	False
ENST00000616661	45.6372	2.92538	3.4057775	0.48039746	0.22054589	0.8093544299533921	0.6565010351811515	ENSG00000162496.10	DHRS3	False
ENST00000367630	123.1991	3.685107	4.165315	0.48020816	0.63379186	0.9008885448054796	0.19805334021366458	ENSG00000009844.16	VTA1	False
ENST00000327214	165.84462	3.7055643	4.185752	0.48018765	0.78903955	0.9490241621051221	0.10290122635105604	ENSG00000111790.14	FGFR1OP2	False
ENST00000419810	54.055565	2.694952	3.1751099	0.48015785	0.6044896	0.8899892143002557	0.21861114899832645	ENSG00000115756.13	HPCAL1	False
ENST00000543906	43.2937	2.2126052	2.692665	0.48005986	0.64065474	0.9030378888992515	0.19337595445697658	ENSG00000154917.11	RAB6B	False
ENST00000506502	576.29407	6.577713	7.0576115	0.47989845	0.22728795	0.8093544299533921	0.6434235919860906	ENSG00000275740.1	ENSG00000275740	False
ENST00000305631	611.4356	6.7587953	7.238686	0.47989082	0.064386874	0.8093544299533921	1.1912026565597746	ENSG00000168350.8	DEGS2	False
ENST00000450460	136.29973	3.8503516	4.330087	0.4797356	0.68840235	0.9179002356029698	0.16215765281431882	ENSG00000083642.19	PDS5B	False
ENST00000368235	72.45197	3.7000084	4.1797	0.4796915	0.29439473	0.8111088466013822	0.5310699663847013	ENSG00000163382.13	NAXE	False
ENST00000306049	16.070484	1.2156751	1.6953347	0.47965956	0.59939337	0.8872137205946347	0.22228806679241753	ENSG00000172171.11	TEFM	False
ENST00000446587	118.70232	3.8455467	4.325144	0.4795971	0.61377	0.8931197440399965	0.21199433721485988	ENSG00000139233.7	LLPH	False
ENST00000234827	173.70923	4.6480327	5.1275845	0.4795518	0.29181615	0.8111088466013822	0.5348906837608313	ENSG00000116205.14	TCEANC2	False
ENST00000578390	6.8337693	0.62758666	1.107118	0.47953135	0.5316421	0.8654401044021904	0.2743806520564108	ENSG00000161381.14	PLXDC1	False
ENST00000345365	479.0516	6.234262	6.7137837	0.47952175	0.22739479	0.8093544299533921	0.6432194909933112	ENSG00000185379.21	RAD51D	False
ENST00000458659	19.653866	1.1112963	1.5907462	0.47944987	0.64101434	0.9030378888992515	0.19313225652685007	ENSG00000102804.16	TSC22D1	False
ENST00000538627	18.6	1.741995	2.2212467	0.47925174	0.40160236	0.8298121044971967	0.39620374630890376	ENSG00000198960.11	ARMCX6	False
ENST00000340126	1595.1321	8.020478	8.499353	0.47887516	0.36557704	0.8185742609699567	0.4370210853701707	ENSG00000067066.17	SP100	False
ENST00000297293	43.80477	2.4386318	2.9173765	0.47874475	0.5852428	0.8819641855083519	0.23266391470724423	ENSG00000164715.6	LMTK2	False
ENST00000569417	35.68885	2.091519	2.5699449	0.47842574	0.68314	0.9169633556647193	0.16549029742683638	ENSG00000167965.18	MLST8	False
ENST00000589056	80.811295	3.6954033	4.1737475	0.4783442	0.49165896	0.8537766521893764	0.3083360455397758	ENSG00000078142.14	PIK3C3	False
ENST00000582812	65.63454	2.2343645	2.7123237	0.47795916	0.71406835	0.9257062139447186	0.14626021401322875	ENSG00000166579.16	NDEL1	True
ENST00000523638	43.320835	1.8720397	2.3499417	0.47790205	0.6944775	0.9200987304432667	0.15834182108833084	ENSG00000254004.7	ZNF260	False
ENST00000588807	49.782322	2.929797	3.407523	0.47772598	0.42297772	0.8383020471972034	0.3736825125070794	ENSG00000142444.7	TIMM29	False
ENST00000372407	14.0	1.1011655	1.5788732	0.47770762	0.43085104	0.8410214692507391	0.36567285211646083	ENSG00000142949.17	PTPRF	False
ENST00000305850	206.83894	4.904701	5.382182	0.4774809	0.30837625	0.8118754707110037	0.5109190733565884	ENSG00000166451.14	CENPN	False
ENST00000167825	22.8	1.5294584	2.0069072	0.47744882	0.5852301	0.8819641855083519	0.23267333604653165	ENSG00000074964.17	ARHGEF10L	False
ENST00000254325	141.676	4.6258693	5.103198	0.47732878	0.33859116	0.8165573104081602	0.47032438678393274	ENSG00000132005.9	RFX1	False
ENST00000540080	20.39635	0.99316484	1.4704869	0.47732204	0.66707176	0.9124991026791659	0.17582744469553002	ENSG00000122705.18	CLTA	False
ENST00000601417	37.418266	2.4856715	2.9629502	0.4772787	0.34239584	0.81719736681995	0.46547151786958296	ENSG00000268964.3	ERVV-2	False
ENST00000367876	116.5778	4.4744754	4.9516573	0.4771819	0.20622154	0.8093544299533921	0.685665983128431	ENSG00000143157.12	POGK	False
ENST00000556772	107.930016	4.0695195	4.546653	0.47713327	0.4341545	0.842654100473947	0.36235568266563284	ENSG00000133961.21	NUMB	False
ENST00000356554	1308.1383	7.9443755	8.421305	0.4769292	0.04452132	0.8093544299533921	1.3514319619099413	ENSG00000198162.12	MAN1A2	False
ENST00000540162	126.18248	4.526378	5.003274	0.4768958	0.26300883	0.8093544299533921	0.580029665848642	ENSG00000175581.14	MRPL48	False
ENST00000324439	28.690155	2.3905654	2.86743	0.47686458	0.44173756	0.8450668151866445	0.35483566966337265	ENSG00000163743.14	RCHY1	False
ENST00000379361	72.37169	3.719512	4.1963196	0.4768076	0.22093214	0.8093544299533921	0.6557410988851634	ENSG00000165186.12	PTCHD1	False
ENST00000306010	141.7756	4.6319504	5.10872	0.47676945	0.16232973	0.8093544299533921	0.7896019246803466	ENSG00000170430.10	MGMT	False
ENST00000406452	115.20038	4.4099073	4.886659	0.4767518	0.12253143	0.8093544299533921	0.9117525018172393	ENSG00000176623.12	RMDN1	False
ENST00000371752	182.3954	4.957762	5.434457	0.47669506	0.53370774	0.8656930641736459	0.27269650056393185	ENSG00000124201.15	ZNFX1	False
ENST00000303904	177.5	4.921703	5.3983483	0.47664547	0.24043374	0.8093544299533921	0.6190045922394207	ENSG00000168090.10	COPS6	False
ENST00000409688	74.57823	3.301676	3.778173	0.47649693	0.69631416	0.920817891646946	0.15719477553492697	ENSG00000180354.16	MTURN	False
ENST00000358395	284.0419	5.5369396	6.013383	0.4764433	0.29609448	0.8111088466013822	0.52856969309725	ENSG00000101236.17	RNF24	False
ENST00000264605	44.73046	2.8560247	3.3323286	0.47630382	0.46318993	0.8488197498301115	0.33424089123431805	ENSG00000115648.14	MLPH	False
ENST00000371410	543.8703	6.4127545	6.8889675	0.47621298	0.24350743	0.8093544299533921	0.6134877829492795	ENSG00000101882.10	NKAP	False
ENST00000522136	50.610607	2.062246	2.5383327	0.47608662	0.7163739	0.9268660837715982	0.1448602330056811	ENSG00000113240.14	CLK4	True
ENST00000399562	219.47197	5.1319265	5.607998	0.47607136	0.22641395	0.8093544299533921	0.6450968179338143	ENSG00000242259.9	C22orf39	False
ENST00000542713	306.01654	5.508409	5.9844475	0.47603846	0.50127494	0.8548764927378353	0.2999240034181439	ENSG00000096060.15	FKBP5	False
ENST00000371321	130.551	4.329604	4.8055573	0.4759531	0.3479203	0.81719736681995	0.4585202326420773	ENSG00000165841.11	CYP2C19	False
ENST00000426620	30.743023	2.1536388	2.6292944	0.47565556	0.67645246	0.9148257517461899	0.1697627208625744	ENSG00000172939.9	OXSR1	True
ENST00000555152	11.673945	1.5748967	2.0505517	0.47565496	0.5195687	0.8596276200549111	0.2843570349805421	ENSG00000196792.12	STRN3	True
ENST00000281141	35.503197	2.6821592	3.1577601	0.47560096	0.2266443	0.8093544299533921	0.6446551846427641	ENSG00000151465.14	CDC123	False
ENST00000331272	21.9	1.9498926	2.4253967	0.47550404	0.3887514	0.8259378738446596	0.41032804780621984	ENSG00000107829.15	FBXW4	False
ENST00000289577	243.52222	4.6154103	5.0908217	0.47541142	0.730844	0.9321540723766666	0.13617530172228398	ENSG00000158604.15	TMED4	False
ENST00000599400	5.360109	0.8190579	1.2944545	0.47539657	0.48868456	0.8530497344797782	0.3109713780078642	ENSG00000076944.18	STXBP2	False
ENST00000444760	33.219738	2.4494605	2.924592	0.4751315	0.5097934	0.8568012854819689	0.2926057907383236	ENSG00000163832.16	ELP6	False
ENST00000566488	77.5576	2.234194	2.709237	0.47504306	0.7235163	0.9290277801612368	0.14055168902564888	ENSG00000166454.10	ATMIN	False
ENST00000521578	201.09996	4.984795	5.4597964	0.47500134	0.19616584	0.8093544299533921	0.7073766070834694	ENSG00000184489.13	PTP4A3	False
ENST00000696929	41.2071	2.5712357	3.0462246	0.47498894	0.5659993	0.8756247794447481	0.24718408360436483	ENSG00000143575.16	HAX1	True
ENST00000600118	605.4998	6.8165164	7.291471	0.4749546	0.21840133	0.8093544299533921	0.6607447257487875	ENSG00000130724.10	CHMP2A	False
ENST00000427012	27.583399	1.4142946	1.8892184	0.47492385	0.73977256	0.9345775597603275	0.13090178283141496	ENSG00000183337.18	BCOR	False
ENST00000340457	18.686897	1.8871574	2.3620422	0.47488475	0.33990696	0.81719736681995	0.46863994170159784	ENSG00000267368.1	UPK3BL1	False
ENST00000587304	44.81617	2.6168592	3.09159	0.47473073	0.4648171	0.8492019855291293	0.3327178969279021	ENSG00000267221.3	C17orf113	False
ENST00000308580	870.3258	7.1126785	7.58737	0.4746914	0.22668745	0.8093544299533921	0.6445725300769625	ENSG00000138594.14	TMOD3	False
ENST00000509059	89.32573	3.6486342	4.123294	0.47465968	0.42502937	0.8384964729269883	0.3715810615356519	ENSG00000152582.14	SPEF2	False
ENST00000410077	25.206272	2.3111136	2.7856197	0.47450614	0.42048034	0.8375455281164398	0.37625430454323633	ENSG00000152969.21	JAKMIP1	False
ENST00000531852	6.9582186	0.7999602	1.2743503	0.4743901	0.66032475	0.9103157985469302	0.18024242285542988	ENSG00000166435.17	XRRA1	False
ENST00000611880	28.39635	1.3710893	1.8454657	0.47437632	0.7530015	0.9367761286654671	0.12320415227152995	ENSG00000133460.20	SLC2A11	False
ENST00000375579	44.38329	2.650545	3.1248488	0.47430396	0.4784677	0.8504371505934152	0.32014737228764306	ENSG00000188312.15	CENPP	False
ENST00000397701	47.16964	1.8545308	2.3288257	0.4742949	0.77066827	0.9426301048560082	0.11313252245647966	ENSG00000182362.14	YBEY	False
ENST00000216106	110.828476	4.240639	4.714919	0.47427988	0.056847118	0.8093544299533921	1.2452915492238124	ENSG00000100281.14	HMGXB4	False
ENST00000544693	17.10412	1.9085828	2.3828611	0.47427833	0.43531582	0.842654100473947	0.3611955520725249	ENSG00000185864.19	NPIPB4	False
ENST00000284268	653.94476	6.861309	7.335569	0.47425985	0.11031806	0.8093544299533921	0.9573533949267229	ENSG00000154122.14	ANKH	False
ENST00000444376	137.2094	4.3353467	4.8096	0.47425318	0.6590803	0.9101517354341213	0.18106165178750736	ENSG00000153187.21	HNRNPU	False
ENST00000559403	40.660633	2.5154371	2.9896662	0.4742291	0.48519602	0.8528619444606792	0.3140827665111459	ENSG00000249961.10	TERB1	False
ENST00000330943	230.38606	5.38645	5.8605084	0.47405863	0.17007464	0.8093544299533921	0.7693604352925556	ENSG00000167208.16	SNX20	False
ENST00000424549	59.026184	2.9530804	3.4270072	0.47392678	0.6325967	0.9005140664598242	0.19887309746248918	ENSG00000183426.17	NPIPA1	False
ENST00000679096	41.876015	2.2302773	2.704202	0.47392464	0.6267409	0.8986654492835523	0.20291198189375012	ENSG00000092108.22	SCFD1	False
ENST00000530849	129.88167	3.9295464	4.4034443	0.47389793	0.55793154	0.8731262404848221	0.2534190852619127	ENSG00000167257.11	RNF214	False
ENST00000618411	182.21939	5.0733576	5.5470867	0.47372913	0.31169015	0.8118754707110037	0.5062769196789975	ENSG00000087087.20	SRRT	False
ENST00000338315	19.861233	1.7800117	2.2536676	0.47365594	0.5417458	0.8677958347030249	0.26620446146700527	ENSG00000205639.12	MFSD2B	False
ENST00000544436	10.59454	0.75217587	1.2258132	0.47363728	0.62899244	0.8998400021113475	0.20135457556780745	ENSG00000112531.17	QKI	True
ENST00000263956	10.985601	1.1476682	1.6212733	0.47360504	0.6915383	0.9190096639099691	0.16018377816905732	ENSG00000119041.11	GTF3C3	False
ENST00000298307	185.66167	4.8342924	5.3078675	0.47357512	0.2277025	0.8093544299533921	0.6426322041191387	ENSG00000165516.11	KLHDC2	False
ENST00000675515	11.621328	1.2210096	1.6945083	0.4734987	0.5635006	0.8750364609798353	0.24910563016235912	ENSG00000075624.17	ACTB	False
ENST00000532782	13.897929	1.497409	1.9707596	0.47335064	0.4771945	0.8504371505934152	0.32130458139717527	ENSG00000166266.14	CUL5	False
ENST00000705349	47.60607	2.3134696	2.7865906	0.47312093	0.6381821	0.9024912984836757	0.195055378773077	ENSG00000170006.13	TMEM154	False
ENST00000377424	125.65022	4.275781	4.748731	0.47294998	0.32560232	0.8142173533113395	0.48731250555512884	ENSG00000142583.18	SLC2A5	False
ENST00000676480	35.81435	2.154425	2.6273427	0.4729178	0.5789446	0.8799660572403326	0.23736297491060185	ENSG00000135047.16	CTSL	False
ENST00000616250	293.00616	4.7600265	5.2329373	0.47291088	0.8255803	0.9605312221906871	0.08324067930800058	ENSG00000198625.14	MDM4	True
ENST00000490337	43.76767	2.8450282	3.3179047	0.47287655	0.49807584	0.8542691002014094	0.30270452144401067	ENSG00000169282.19	KCNAB1	False
ENST00000477432	147.27022	4.5447426	5.0172806	0.472538	0.27657098	0.8093544299533921	0.5581933980508583	ENSG00000136758.20	YME1L1	True
ENST00000705193	104.971634	4.001265	4.4737	0.472435	0.21594399	0.8093544299533921	0.6656588741246993	ENSG00000139946.11	PELI2	False
ENST00000267460	104.971634	4.001265	4.4737	0.472435	0.21594399	0.8093544299533921	0.6656588741246993	ENSG00000139946.11	PELI2	False
ENST00000618002	47.757385	2.9435835	3.4158857	0.4723022	0.42632005	0.8391468018325449	0.37026424571676453	ENSG00000181031.16	RPH3AL	False
ENST00000260947	80.12823	3.9295998	4.401842	0.47224236	0.4300982	0.840824720967489	0.36643236914246546	ENSG00000138376.11	BARD1	False
ENST00000544292	40.48521	2.108475	2.580688	0.47221303	0.63585764	0.9016915978332832	0.19664010502111348	ENSG00000148498.17	PARD3	False
ENST00000544104	17.843708	1.5472623	2.0194287	0.47216642	0.61678904	0.8947523168136701	0.20986334998427278	ENSG00000150048.10	CLEC1A	False
ENST00000687386	13.81958	1.4187311	1.8907573	0.47202623	0.41195306	0.8334373536331832	0.38515226492380894	ENSG00000148053.18	NTRK2	False
ENST00000444616	4.7418795	0.54156786	1.0134231	0.47185522	0.32018313	0.8124773131184021	0.49460155673302353	ENSG00000164074.17	ABHD18	False
ENST00000711204	43.535885	2.8816159	3.353284	0.471668	0.10398814	0.8093544299533921	0.9830161863692353	ENSG00000292338.1	DHRSX	False
ENST00000334651	43.535885	2.8816159	3.353284	0.471668	0.10398814	0.8093544299533921	0.9830161863692353	ENSG00000169084.15	DHRSX	False
ENST00000194530	82.18448	2.3029866	2.7745519	0.47156525	0.8345713	0.962643068203717	0.07853655327473173	ENSG00000082146.13	STRADB	False
ENST00000227524	158.81284	4.730412	5.201974	0.4715619	0.27398425	0.8093544299533921	0.562274396505047	ENSG00000110107.9	PRPF19	False
ENST00000330386	24.227474	2.3184156	2.7898262	0.4714105	0.49350786	0.8537766521893764	0.30670592417860504	ENSG00000183495.15	EP400	True
ENST00000367157	246.38057	5.12138	5.592787	0.47140694	0.5051674	0.8558786284660064	0.29656466234942785	ENSG00000163545.11	NUAK2	False
ENST00000634956	82.5906	3.8983257	4.369723	0.47139716	0.18163528	0.8093544299533921	0.7407998030620342	ENSG00000158406.6	H4C8	False
ENST00000381535	32.83438	2.3199375	2.7913303	0.47139287	0.44427282	0.8455994575468359	0.3523502592184662	ENSG00000100321.15	SYNGR1	False
ENST00000284000	15.352148	0.87868124	1.3499897	0.4713084	0.5482085	0.8693177891645862	0.2610542547025379	ENSG00000153879.9	CEBPG	False
ENST00000372972	32.233776	2.507995	2.9792848	0.47128987	0.4440946	0.8455994575468359	0.352524509298015	ENSG00000101811.15	CSTF2	False
ENST00000398073	370.7	5.9357038	6.4069886	0.47128487	0.1835354	0.8093544299533921	0.7362801643155162	ENSG00000175215.11	CTDSP2	False
ENST00000374759	415.8509	6.0385985	6.509024	0.4704256	0.35381088	0.8173803121090482	0.4512288204421684	ENSG00000157637.13	SLC38A10	False
ENST00000286186	363.3761	5.7311845	6.2015257	0.4703412	0.3923722	0.828362224196607	0.40630178045604765	ENSG00000003400.16	CASP10	False
ENST00000330501	635.1489	6.614647	7.084874	0.47022724	0.18644422	0.8093544299533921	0.7294510689385283	ENSG00000186812.13	ZNF397	False
ENST00000234038	245.962	5.288005	5.758162	0.47015715	0.1916885	0.8093544299533921	0.7174039571405092	ENSG00000115685.15	PPP1R7	False
ENST00000284116	321.5221	5.483378	5.9535074	0.4701295	0.33405185	0.8156608368598933	0.47618612205862165	ENSG00000153982.11	GDPD1	False
ENST00000534304	19.847727	1.4208889	1.8909612	0.47007227	0.62595224	0.8983561281982678	0.20345879944635906	ENSG00000174501.15	ANKRD36C	True
ENST00000515169	58.262657	2.8873417	3.3574119	0.47007012	0.5422348	0.8679727289428625	0.2658126306421828	ENSG00000159733.14	ZFYVE28	False
ENST00000355632	78.52702	3.7201107	4.1900787	0.46996808	0.266035	0.8093544299533921	0.5750612385456438	ENSG00000186812.13	ZNF397	False
ENST00000570440	47.25305	3.0418756	3.5118303	0.46995473	0.4552258	0.8473426594424552	0.3417731364874957	ENSG00000182108.11	DEXI	False
ENST00000395019	35.115334	2.6075442	3.077428	0.46988392	0.4760946	0.8503458491386693	0.3223067411609188	ENSG00000150281.7	CTF1	False
ENST00000487256	60.659508	3.1337492	3.603475	0.46972585	0.51059544	0.8568867825908673	0.2919230673543347	ENSG00000187492.9	CDHR4	False
ENST00000373422	158.77016	3.2259808	3.6952903	0.46930957	0.7278847	0.9309431364277914	0.13793740344458208	ENSG00000134686.21	PHC2	False
ENST00000523281	21.494238	2.0392292	2.5082312	0.469002	0.6595021	0.9101539440874783	0.18078382445426358	ENSG00000176731.12	RBIS	False
ENST00000428119	35.053905	2.8279731	3.29697	0.46899676	0.31759185	0.8118754707110037	0.4981306563940074	ENSG00000005486.17	RHBDD2	False
ENST00000395544	104.41431	4.037956	4.506784	0.46882772	0.12941667	0.8093544299533921	0.8880097644497671	ENSG00000083290.20	ULK2	False
ENST00000549786	12.273244	1.4107385	1.8795035	0.46876502	0.5128394	0.8577892264817722	0.29001863613099094	ENSG00000123066.9	MED13L	False
ENST00000586529	20.7	2.0162685	2.4848723	0.46860385	0.44073302	0.8446156514523803	0.3558244150480897	ENSG00000267303.1	ENSG00000267303	False
ENST00000663165	72.739944	3.7586849	4.2272725	0.46858764	0.33842266	0.8165573104081602	0.47054057036067765	ENSG00000179240.13	GVQW3	False
ENST00000001008	78.39242	3.584404	4.0529346	0.46853065	0.55550164	0.8723568062898063	0.25531465468223274	ENSG00000004478.8	FKBP4	False
ENST00000644652	140.03592	4.6244993	5.092737	0.46823788	0.5163542	0.8587697515903885	0.28705228338667166	ENSG00000111642.16	CHD4	True
ENST00000698673	7.900678	0.85905296	1.3272203	0.46816736	0.6238876	0.8979233606519958	0.20489364708357288	ENSG00000119969.16	HELLS	False
ENST00000529689	125.33949	4.1219583	4.5901103	0.46815205	0.556224	0.8725429329491033	0.2547502850459991	ENSG00000137500.10	CCDC90B	False
ENST00000291574	167.28978	4.7704387	5.2385445	0.4681058	0.30885395	0.8118754707110037	0.5102468342721236	ENSG00000160218.13	TRAPPC10	False
ENST00000600228	14.2015705	1.5368881	2.0049472	0.46805906	0.3739809	0.8216366408512873	0.42715056644412963	ENSG00000204611.7	ZNF616	False
ENST00000265563	730.2012	7.021059	7.4889417	0.46788263	0.102646865	0.8093544299533921	0.9886543103501068	ENSG00000114302.17	PRKAR2A	False
ENST00000656590	58.38964	3.3236382	3.7914853	0.4678471	0.57094496	0.8770132194562891	0.24340575269701661	ENSG00000175054.16	ATR	False
ENST00000351808	52.81251	2.7988155	3.2666624	0.46784687	0.5413788	0.8677958347030249	0.26649875801662365	ENSG00000032742.18	IFT88	False
ENST00000303407	820.6598	7.043043	7.5108232	0.4677801	0.3476043	0.81719736681995	0.45891485411163496	ENSG00000169925.17	BRD3	False
ENST00000313899	779.6642	6.94505	7.41275	0.4677	0.28210202	0.8101884948599599	0.5495938062181854	ENSG00000138668.20	HNRNPD	True
ENST00000561623	41.04915	2.2848663	2.7525272	0.4676609	0.53298324	0.865635036834895	0.27328644460362794	ENSG00000077235.18	GTF3C1	False
ENST00000379198	81.9	3.818636	4.286205	0.46756887	0.12481169	0.8093544299533921	0.9037447481664808	ENSG00000176022.7	B3GALT6	False
ENST00000686079	33.65438	2.3791673	2.8466883	0.46752095	0.4613433	0.8481416265840513	0.3359757930817251	ENSG00000133812.18	SBF2	False
ENST00000596244	12.345526	1.1540331	1.6211417	0.4671086	0.5717426	0.8771552891618881	0.24279945208303658	ENSG00000105700.11	KXD1	False
ENST00000682983	14.336682	1.2490584	1.7161516	0.46709323	0.50259984	0.8551707956010974	0.29877765797723077	ENSG00000182150.20	ERCC6L2	False
ENST00000601467	48.543373	3.140812	3.607544	0.46673203	0.08099541	0.8093544299533921	1.0915395881890326	ENSG00000129451.12	KLK10	True
ENST00000377960	19.717869	1.6985515	2.1652384	0.46668684	0.69740725	0.9212025833663481	0.15651354488177968	ENSG00000122694.16	GLIPR2	True
ENST00000637923	221.86382	5.375145	5.841743	0.46659803	0.13020052	0.8093544299533921	0.8853872807354374	ENSG00000196628.20	TCF4	False
ENST00000589859	34.207924	2.2834623	2.7500515	0.4665892	0.5114293	0.8572896379232406	0.2912143863230215	ENSG00000154889.17	MPPE1	False
ENST00000355072	60.257435	2.8161285	3.282471	0.46634245	0.72379315	0.9290277801612368	0.14038553198768286	ENSG00000197386.14	HTT	False
ENST00000375077	278.34824	5.60549	6.071805	0.4663148	0.2439413	0.8093544299533921	0.6127146535087605	ENSG00000106789.13	CORO2A	False
ENST00000306796	241.10661	5.450146	5.9164596	0.46631336	0.027816981	0.8093544299533921	1.5556900049212161	ENSG00000169718.18	DUS1L	False
ENST00000293379	57.2	3.1343067	3.600552	0.4662454	0.5134009	0.8579435221911546	0.28954336394676333	ENSG00000161638.11	ITGA5	False
ENST00000612897	20.203175	2.1150937	2.5812624	0.46616864	0.39790747	0.8298121044971967	0.4002179123733281	ENSG00000132677.13	RHBG	True
ENST00000634772	232.61423	5.28979	5.7559385	0.46614838	0.57075167	0.8769054949825502	0.24355281137043894	ENSG00000080503.25	SMARCA2	False
ENST00000682621	16.534798	1.8221931	2.2882328	0.46603966	0.37589803	0.8226496355690782	0.4249299464176784	ENSG00000198561.16	CTNND1	False
ENST00000344641	136.68771	4.410155	4.8760443	0.46588945	0.41756317	0.8367259608007798	0.3792778138530537	ENSG00000148187.18	MRRF	False
ENST00000674710	19.793537	1.9160277	2.3817444	0.46571672	0.35632658	0.8175932215882654	0.44815178040663284	ENSG00000104381.14	GDAP1	False
ENST00000367992	187.66006	4.721474	5.187116	0.46564198	0.36977974	0.8194459451468774	0.4320568921757936	ENSG00000158869.11	FCER1G	False
ENST00000359680	333.19272	5.7725215	6.238144	0.46562243	0.09470008	0.8093544299533921	1.023649639732389	ENSG00000196459.15	TRAPPC2	False
ENST00000595418	17.0	1.8375363	2.3030124	0.46547604	0.45153934	0.8472077019271466	0.3453044084210573	ENSG00000198093.11	ZNF649	True
ENST00000335877	128.19156	4.484898	4.950323	0.465425	0.41643557	0.8360430631283409	0.3804521826471257	ENSG00000125818.18	PSMF1	False
ENST00000216133	157.6	4.7671375	5.232522	0.46538448	0.06620094	0.8093544299533921	1.1791358320693814	ENSG00000100307.13	CBX7	False
ENST00000553458	304.5379	5.690208	6.1555595	0.46535158	0.049105197	0.8093544299533921	1.3088725406259512	ENSG00000119711.13	ALDH6A1	False
ENST00000530296	58.869324	3.156429	3.621746	0.465317	0.52711016	0.8628966334781174	0.2780986132147692	ENSG00000164733.23	CTSB	False
ENST00000643708	19.150867	2.0499809	2.5152125	0.46523166	0.3302039	0.8142173533113395	0.4812178137406337	ENSG00000049167.16	ERCC8	False
ENST00000375550	20.04462	2.0733688	2.5385108	0.465142	0.45185322	0.8472077019271466	0.34500262263775594	ENSG00000127083.8	OMD	False
ENST00000262992	180.86578	4.722136	5.187269	0.4651332	0.3674815	0.8192702949872638	0.4347645196793347	ENSG00000109452.13	INPP4B	False
ENST00000547555	11.32955	0.90316296	1.3682804	0.46511745	0.634398	0.901006220382149	0.19763820610352714	ENSG00000050426.16	LETMD1	True
ENST00000448451	123.41969	4.142326	4.607438	0.4651122	0.60300386	0.8894240585995573	0.21967990815361882	ENSG00000131504.18	DIAPH1	False
ENST00000321898	63.606697	2.8154109	3.280519	0.46510816	0.7484021	0.9361427260504037	0.1258649917078733	ENSG00000123352.18	SPATS2	False
ENST00000567041	768.0599	6.8325486	7.297564	0.4650154	0.39757362	0.8298121044971967	0.4005824397509732	ENSG00000103994.18	ZNF106	False
ENST00000630077	94.696144	3.287172	3.7521815	0.46500945	0.78657675	0.9479270330289515	0.10425889597669204	ENSG00000159082.18	SYNJ1	False
ENST00000317233	41.248817	2.7952614	3.2601347	0.4648733	0.7361492	0.9334787413514541	0.13303416034475096	ENSG00000144218.21	AFF3	False
ENST00000226444	14.819145	1.4772831	1.9421387	0.46485555	0.533411	0.8656930641736459	0.2729380113647591	ENSG00000109193.12	SULT1E1	False
ENST00000415073	161.5406	4.822926	5.287761	0.46483517	0.36979917	0.8194459451468774	0.4320340715527505	ENSG00000133884.11	DPF2	False
ENST00000434319	1049.643	7.066218	7.530924	0.46470594	0.3779704	0.8230751633283137	0.42254221264380465	ENSG00000172322.14	CLEC12A	False
ENST00000333421	75.39995	3.2952878	3.7599633	0.46467543	0.508131	0.8558786284660064	0.2940242856255126	ENSG00000107362.14	ABHD17B	False
ENST00000368892	129.59604	4.468977	4.9335685	0.4645915	0.1454419	0.8093544299533921	0.8373104466931613	ENSG00000163159.15	VPS72	True
ENST00000437275	46.227226	2.7977161	3.2621975	0.46448135	0.5375482	0.8669369265370219	0.2695826006609562	ENSG00000185252.19	ZNF74	True
ENST00000515665	47.195137	2.9189923	3.3832676	0.46427536	0.4958218	0.8537766521893764	0.30467437900954075	ENSG00000168685.15	IL7R	True
ENST00000231887	32.7936	2.2758832	2.740106	0.4642229	0.44538403	0.845708078626981	0.3512653637043004	ENSG00000113790.11	EHHADH	False
ENST00000303383	132.86797	4.1038013	4.567952	0.4641509	0.51939994	0.8596276200549111	0.284498104066486	ENSG00000171241.9	SHCBP1	False
ENST00000218340	101.717026	4.162459	4.626596	0.46413708	0.37772086	0.8230751633283137	0.4228290271566617	ENSG00000102218.6	RP2	False
ENST00000572102	124.09157	4.3059773	4.7700768	0.4640994	0.30237612	0.8118754707110037	0.5194525081598426	ENSG00000166676.17	TVP23A	False
ENST00000581516	8.006861	0.74423474	1.2082906	0.46405584	0.35461432	0.8173803121090482	0.45024373390787253	ENSG00000076351.13	SLC46A1	True
ENST00000359236	50.579185	3.1178732	3.5817764	0.4639032	0.19914164	0.8093544299533921	0.7008379282813019	ENSG00000176834.14	VSIG10	False
ENST00000688935	100.543976	3.9831867	4.447033	0.4638462	0.37668785	0.8226842929596185	0.42401838244159307	ENSG00000144649.10	GASK1A	False
ENST00000356940	26.58517	1.6942323	2.1580586	0.4638263	0.66251475	0.9106125039890064	0.17880445079901813	ENSG00000099246.18	RAB18	False
ENST00000369373	35.22718	2.6502883	3.1139886	0.4637003	0.40233552	0.8299279309551659	0.3954116193332495	ENSG00000162825.18	NBPF20	False
ENST00000429687	18.113102	1.3713137	1.8349993	0.46368563	0.56177956	0.8742754159282188	0.2504340674186766	ENSG00000129484.14	PARP2	False
ENST00000552142	11.31872	1.3994404	1.8630323	0.46359193	0.62463546	0.8981172263072559	0.20437336628990255	ENSG00000111145.8	ELK3	True
ENST00000567695	82.6	3.737933	4.201498	0.4635651	0.38598946	0.8244554421335727	0.4134245571651897	ENSG00000089486.17	CDIP1	False
ENST00000507390	38.567818	2.6650107	3.1285243	0.4635136	0.32062557	0.8125420389446386	0.4940018408648334	ENSG00000181904.9	C5orf24	False
ENST00000619866	14.7	1.7740687	2.237534	0.46346533	0.25629473	0.8093544299533921	0.5912603283339807	ENSG00000276231.5	PIK3R6	False
ENST00000484477	114.03603	4.3365912	4.8000555	0.46346426	0.21077845	0.8093544299533921	0.6761738037718491	ENSG00000107551.21	RASSF4	True
ENST00000397276	495.6666	6.4090705	6.872509	0.4634385	0.10849956	0.8093544299533921	0.9645720359025816	ENSG00000100836.11	PABPN1	False
ENST00000704577	101.04438	3.8344896	4.2978964	0.4634068	0.64598656	0.9049129263557762	0.1897765195877297	ENSG00000153827.15	TRIP12	False
ENST00000187762	44.280407	3.1203594	3.583589	0.46322966	0.56583303	0.8756247794447481	0.24731170294908733	ENSG00000072954.7	TMEM38A	False
ENST00000432704	12.203746	1.4047366	1.8679597	0.4632231	0.6369354	0.9018991094981259	0.19590460416434347	ENSG00000167491.18	GATAD2A	False
ENST00000538492	20.6	1.6450342	2.1079955	0.46296132	0.556203	0.8725429329491033	0.2547666669944437	ENSG00000197562.10	RAB40C	False
ENST00000318121	145.62074	4.357257	4.820176	0.46291924	0.56024224	0.8737130051602651	0.25162415359369283	ENSG00000092853.14	CLSPN	False
ENST00000374111	23.290081	1.9359732	2.3988204	0.46284723	0.5426852	0.8680718729934456	0.2654520136827554	ENSG00000178645.14	C10orf53	False
ENST00000428128	104.90944	3.4267826	3.8896294	0.46284676	0.64206046	0.9034944865138398	0.19242407531709996	ENSG00000187627.18	RGPD1	True
ENST00000475164	16.185518	1.5530785	2.0159144	0.4628359	0.6400122	0.9030378888992515	0.19381174420308872	ENSG00000169641.16	LUZP1	False
ENST00000310232	13.761083	1.1312972	1.5940206	0.46272337	0.53256726	0.865635036834895	0.27362553351787183	ENSG00000244607.7	CCDC13	False
ENST00000528258	25.0808	1.9407157	2.4034255	0.46270978	0.69796675	0.9212025833663481	0.15616526320583266	ENSG00000196150.14	ZNF250	False
ENST00000369939	393.77472	5.6283917	6.091037	0.46264505	0.63956887	0.9030211248450054	0.19411268619825228	ENSG00000116299.17	ELAPOR1	False
ENST00000566906	74.1992	3.5547132	4.017307	0.46259356	0.33698013	0.8158433703746901	0.4723957010291269	ENSG00000103495.15	MAZ	False
ENST00000525975	19.81303	1.309658	1.7721806	0.4625225	0.7529962	0.9367761286654671	0.1232072118394882	ENSG00000110422.12	HIPK3	False
ENST00000422247	51.575268	2.9889555	3.4513843	0.4624288	0.5161883	0.8587697515903885	0.28719182369342866	ENSG00000174799.12	CEP135	False
ENST00000435723	540.8321	6.5709114	7.0332904	0.46237898	0.30865222	0.8118754707110037	0.5105305919615969	ENSG00000105887.11	MTPN	False
ENST00000249776	13.884438	1.0512298	1.5135566	0.46232677	0.54672724	0.8693177891645862	0.26222928732273826	ENSG00000128944.14	KNSTRN	False
ENST00000397225	19.102493	2.0623593	2.5246725	0.46231318	0.48099673	0.8508696399096464	0.31785787797325843	ENSG00000128309.18	MPST	False
ENST00000646667	484.70038	6.2173095	6.6794853	0.46217585	0.23153219	0.8093544299533921	0.6353886273340965	ENSG00000092439.16	TRPM7	False
ENST00000691812	62.89214	3.212017	3.674167	0.46214986	0.54687387	0.8693177891645862	0.26211282898704213	ENSG00000156531.18	PHF6	False
ENST00000535663	18.452808	1.6517652	2.1138978	0.46213257	0.6272389	0.8989292237495614	0.20256699521644794	ENSG00000135905.21	DOCK10	False
ENST00000377843	1362.5496	7.693794	8.155914	0.46212053	0.22039671	0.8093544299533921	0.6567948879848257	ENSG00000113712.19	CSNK1A1	False
ENST00000426004	33.720848	2.4648273	2.926541	0.4617138	0.52063304	0.8602982840770351	0.2834682729507027	ENSG00000204070.10	SYS1	False
ENST00000376354	28.196026	2.0767984	2.5383582	0.46155977	0.55645466	0.8725429329491033	0.25457021742430663	ENSG00000125246.16	CLYBL	False
ENST00000643704	16.418089	1.493792	1.955338	0.46154594	0.53297186	0.865635036834895	0.2732957212043747	ENSG00000185532.20	PRKG1	False
ENST00000652245	9.156691	1.0702902	1.5317385	0.4614483	0.48955706	0.8535577747074619	0.3101966841161438	ENSG00000138798.13	EGF	False
ENST00000256720	183.1006	5.0195394	5.480937	0.46139765	0.055041213	0.8093544299533921	1.2593120069179922	ENSG00000134324.12	LPIN1	False
ENST00000426592	564.9469	6.771915	7.232858	0.46094322	0.42881787	0.8407629197723834	0.3677271265027938	ENSG00000163565.20	IFI16	False
ENST00000568344	11.921119	1.4772387	1.9381543	0.46091568	0.4392263	0.8435527536466257	0.3573116635572196	ENSG00000139973.18	SYT16	False
ENST00000265631	22.809738	2.1347349	2.595469	0.46073413	0.41684595	0.8363922147126204	0.38002441627366834	ENSG00000004864.14	SLC25A13	False
ENST00000336156	615.7291	6.569538	7.0302544	0.46071625	0.27686796	0.8093544299533921	0.5577273056162487	ENSG00000100364.19	KIAA0930	False
ENST00000294485	290.39508	5.5830064	6.0436254	0.46061897	0.20969917	0.8093544299533921	0.6784032909734776	ENSG00000162490.7	DRAXIN	False
ENST00000324570	15.116443	1.2938837	1.7544969	0.46061325	0.5991759	0.8872137205946347	0.22244568455271624	ENSG00000166669.14	ATF7IP2	False
ENST00000368467	46.7	2.524603	2.9851131	0.46051025	0.560692	0.8737995356030378	0.2512756308720563	ENSG00000163344.6	PMVK	False
ENST00000402543	611.97034	6.82811	7.2884817	0.4603715	0.28170082	0.810159386210085	0.5502118892441622	ENSG00000114439.19	BBX	False
ENST00000505548	91.90621	3.7038162	4.164059	0.460243	0.64700127	0.9053155767396736	0.18909486921612717	ENSG00000131508.17	UBE2D2	False
ENST00000648261	391.15704	6.175838	6.6360683	0.46023035	0.22567993	0.8093544299533921	0.6465070538141613	ENSG00000285827.1	ENSG00000285827	False
ENST00000649673	21.382061	1.7131602	2.1733046	0.4601444	0.6189887	0.8959164107825682	0.20831728428616078	ENSG00000168216.13	LMBRD1	False
ENST00000311506	487.1772	6.2409883	6.7008567	0.45986843	0.38043323	0.8231329589941108	0.41972155359912217	ENSG00000087995.16	METTL2A	False
ENST00000564011	9.92735	0.875096	1.334836	0.45973998	0.64594424	0.9049129263557762	0.18980497163421733	ENSG00000205629.12	LCMT1	True
ENST00000641042	25.5765	2.2149298	2.674571	0.45964122	0.36379215	0.8185742609699567	0.43914667504105687	ENSG00000180708.6	OR10K2	False
ENST00000296585	66.57011	3.5735397	4.033087	0.45954704	0.19450644	0.8093544299533921	0.7110660224735202	ENSG00000164171.11	ITGA2	False
ENST00000395270	156.14938	4.75478	5.2142215	0.45944166	0.18140867	0.8093544299533921	0.7413419522597624	ENSG00000196313.13	POM121	False
ENST00000369144	2813.1	8.95411	9.413389	0.45927906	0.21681261	0.8093544299533921	0.6639154612198842	ENSG00000107581.14	EIF3A	False
ENST00000524469	48.019215	2.7554858	3.214604	0.45911813	0.67135185	0.9132738921569098	0.17304980996754993	ENSG00000135541.22	AHI1	False
ENST00000306085	3461.9602	9.11839	9.577389	0.45899868	0.21442011	0.8093544299533921	0.6687344855514237	ENSG00000169871.13	TRIM56	False
ENST00000524929	48.027416	2.6822805	3.1410813	0.4588008	0.5433034	0.8685822893933551	0.2649576007375152	ENSG00000118515.12	SGK1	False
ENST00000436748	25.789425	1.5061374	1.9649273	0.45878994	0.653765	0.9073302006622772	0.18457831843136938	ENSG00000143401.15	ANP32E	True
ENST00000319194	119.8463	4.403879	4.862651	0.4587717	0.07356972	0.8093544299533921	1.1333008822394386	ENSG00000166938.13	DIS3L	False
ENST00000255764	93.0	3.9760034	4.434374	0.45837045	0.3258662	0.8142173533113395	0.48696069365533956	ENSG00000133398.4	MED10	False
ENST00000375448	325.0915	5.5527873	6.011058	0.45827055	0.39424562	0.8290075231731883	0.40423311790446786	ENSG00000159339.13	PADI4	False
ENST00000568233	108.82362	4.0799227	4.5381584	0.45823574	0.3397649	0.81719736681995	0.4688214975687424	ENSG00000102898.13	NUTF2	True
ENST00000471863	24.137272	1.9586068	2.416778	0.45817125	0.48043907	0.8507787223054524	0.31836168519175573	ENSG00000112655.16	PTK7	False
ENST00000005386	243.24252	5.371486	5.8296366	0.4581504	0.3213506	0.8125420389446386	0.49302087906755515	ENSG00000005175.10	RPAP3	False
ENST00000696747	13.33328	1.0042585	1.4623321	0.45807362	0.67947334	0.9160714841034383	0.16782757836630072	ENSG00000175352.12	NRIP3	False
ENST00000381295	337.07556	4.9745083	5.4325647	0.45805645	0.6907388	0.919004777469187	0.16068615000026337	ENSG00000090989.18	EXOC1	False
ENST00000273347	308.8322	5.36381	5.8216443	0.45783424	0.34622195	0.81719736681995	0.46064539735527377	ENSG00000144815.18	NXPE3	False
ENST00000357559	83.13576	2.9134629	3.3712099	0.45774698	0.67923594	0.916032440992384	0.16797934565709216	ENSG00000114416.19	FXR1	False
ENST00000551338	9.569278	1.3351911	1.7928259	0.4576348	0.5091399	0.8564750561401068	0.2931628709645805	ENSG00000108774.15	RAB5C	False
ENST00000518668	59.312782	2.629217	3.0868402	0.45762324	0.7140225	0.9257062139447186	0.14628809222470554	ENSG00000105339.11	DENND3	False
ENST00000562968	20.366177	2.0034447	2.4610672	0.45762253	0.40142012	0.8298121044971967	0.39640086744077774	ENSG00000077238.14	IL4R	True
ENST00000368400	34.137005	2.4137146	2.8710299	0.4573152	0.49789643	0.8540375487251681	0.30286098516772997	ENSG00000179085.8	DPM3	False
ENST00000373130	362.8121	5.717179	6.174373	0.45719433	0.29228753	0.8111088466013822	0.5341897149632193	ENSG00000196182.11	STK40	False
ENST00000699011	10.155184	1.3688965	1.8259643	0.45706785	0.6856852	0.9173021276178854	0.1638752133452863	ENSG00000112851.16	ERBIN	True
ENST00000394510	954.6758	7.2088666	7.6657763	0.45690966	0.38877386	0.8259378738446596	0.41030294505847387	ENSG00000170776.22	AKAP13	False
ENST00000374242	343.69147	5.896045	6.3528395	0.45679426	0.14742137	0.8093544299533921	0.831439542694715	ENSG00000148153.14	INIP	True
ENST00000453130	16.616648	1.4670897	1.9238217	0.45673203	0.4411214	0.8446156514523803	0.355441873491042	ENSG00000258881.6	ENSG00000258881	False
ENST00000397902	128.85753	4.121234	4.5779624	0.45672846	0.46435916	0.8492019855291293	0.3331459791270158	ENSG00000196605.7	ZNF846	False
ENST00000452647	149.17368	4.730351	5.1867714	0.45642042	0.15320529	0.8093544299533921	0.814726237524469	ENSG00000279170.3	TSTD3	False
ENST00000393256	47.89673	1.3947253	1.851028	0.45630264	0.75074655	0.9364552947652945	0.12450665594768766	ENSG00000153094.26	BCL2L11	False
ENST00000329281	29.12637	2.075055	2.531354	0.45629907	0.5937569	0.8854386196300512	0.22639132009576413	ENSG00000117475.14	BLZF1	False
ENST00000288111	52.3	3.001199	3.457431	0.45623207	0.5910855	0.8843425619428408	0.22834969898667573	ENSG00000157379.14	DHRS1	False
ENST00000681661	356.63654	5.912567	6.3687	0.4561329	0.18874168	0.8093544299533921	0.7241321744795086	ENSG00000141252.21	VPS53	False
ENST00000250241	13.706561	1.3820997	1.8382125	0.45611274	0.39226958	0.828362224196607	0.40641536781853904	ENSG00000129351.18	ILF3	False
ENST00000341976	234.88754	5.158791	5.6147904	0.45599937	0.39801323	0.8298121044971967	0.4001024871781626	ENSG00000187792.5	ZNF70	False
ENST00000695825	12.773219	0.95419484	1.4097737	0.45557886	0.50652087	0.8558786284660064	0.29540265812742095	ENSG00000196352.18	CD55	False
ENST00000641819	145.89452	4.1155252	4.5710917	0.4555664	0.48675248	0.8529381765683051	0.31269182683583124	ENSG00000176798.3	OR51L1	False
ENST00000249806	8.65976	1.0267699	1.4822491	0.45547926	0.42447713	0.8384964729269883	0.3721457035508066	ENSG00000128973.13	CLN6	False
ENST00000687244	256.2905	5.5575137	6.0128875	0.45537376	0.2112592	0.8093544299533921	0.6751843667337378	ENSG00000147123.12	NDUFB11	False
ENST00000559709	8.19998	1.0261639	1.4814597	0.4552958	0.5017716	0.8548764927378353	0.29949389818149313	ENSG00000034053.15	APBA2	False
ENST00000250916	44.1	2.8601532	3.315423	0.4552698	0.4766868	0.8504371505934152	0.32176686901617657	ENSG00000129911.9	KLF16	False
ENST00000682234	36.771877	2.8931715	3.3483527	0.45518112	0.14187343	0.8093544299533921	0.8480989186126904	ENSG00000132549.20	VPS13B	False
ENST00000525193	10.911026	0.9434833	1.3985941	0.45511085	0.6620527	0.9104548772915186	0.17910744486174124	ENSG00000079819.20	EPB41L2	False
ENST00000392271	169.7279	4.618077	5.073184	0.4551072	0.4258372	0.8389266064589959	0.3707564136950876	ENSG00000105176.18	URI1	False
ENST00000585561	503.92407	6.2888417	6.7439218	0.45508003	0.3849291	0.8242482227560738	0.4146192661730008	ENSG00000136448.13	NMT1	False
ENST00000446863	10.756304	1.1217259	1.5767586	0.4550327	0.6211555	0.8965773677600053	0.20679966469132058	ENSG00000131374.15	TBC1D5	True
ENST00000416732	20.947742	1.9587463	2.4137342	0.45498788	0.4728514	0.8499322100157903	0.32527532481840493	ENSG00000198130.16	HIBCH	True
ENST00000691441	155.72385	4.191568	4.6464863	0.45491838	0.6517956	0.9065143079276402	0.18588855848659525	ENSG00000108061.13	SHOC2	False
ENST00000259873	219.11613	5.303935	5.7587776	0.45484257	0.11411846	0.8093544299533921	0.9426441096944235	ENSG00000204568.12	MRPS18B	False
ENST00000311772	153.8	4.7619762	5.216805	0.45482874	0.11763627	0.8093544299533921	0.9294587514846828	ENSG00000117751.18	PPP1R8	False
ENST00000305817	55.10253	2.962367	3.4170854	0.45471835	0.4837614	0.85232372583003	0.3153687875710364	ENSG00000171864.5	PRND	False
ENST00000372072	229.15591	5.171478	5.626012	0.45453405	0.43520683	0.842654100473947	0.36130429707399536	ENSG00000157600.12	TMEM164	False
ENST00000675675	134.2111	3.8594334	4.313952	0.45451856	0.65004355	0.9059847552747755	0.1870575485033538	ENSG00000185900.11	POMK	False
ENST00000477474	36.953087	2.5148995	2.9693363	0.45443678	0.5914041	0.8844109433291127	0.22811568338590438	ENSG00000109689.20	STIM2	False
ENST00000621550	15.931996	1.2668532	1.7212774	0.45442414	0.49664518	0.8537766521893764	0.3039537729774669	ENSG00000278259.5	MYO19	False
ENST00000589753	70.36623	3.4937553	3.9480693	0.454314	0.36484903	0.8185742609699567	0.4378868028833638	ENSG00000130734.10	ATG4D	False
ENST00000287022	158.55598	4.5053887	4.959676	0.45428705	0.37097478	0.8199748637125035	0.43065561506801375	ENSG00000156467.10	UQCRB	False
ENST00000324679	86.35597	3.9381704	4.3922677	0.45409727	0.1327025	0.8093544299533921	0.8771208965443653	ENSG00000151748.15	SAV1	False
ENST00000551192	60.726524	2.695172	3.1489518	0.4537797	0.59261036	0.8847360299442464	0.22723076105617962	ENSG00000135451.13	TROAP	False
ENST00000452476	286.2465	5.7498736	6.2036514	0.4537778	0.087421685	0.8093544299533921	1.0583808247313118	ENSG00000145220.14	LYAR	False
ENST00000685500	119.00838	4.055206	4.508951	0.45374537	0.6680005	0.9125636621323021	0.17522319992195678	ENSG00000137413.17	TAF8	False
ENST00000381854	102.05826	3.7317894	4.185467	0.45367742	0.5628574	0.8746406637442441	0.24960162792028717	ENSG00000106993.12	CDC37L1	False
ENST00000302586	33.506294	2.3262405	2.7799087	0.45366812	0.5671818	0.8758872921733283	0.246277693818759	ENSG00000171097.14	KYAT1	False
ENST00000371146	225.18518	3.7834845	4.2371187	0.45363426	0.7947437	0.9508949638774769	0.0997728969533261	ENSG00000162607.13	USP1	False
ENST00000403268	282.52213	5.5832677	6.0368314	0.4535637	0.08288425	0.8093544299533921	1.0815279771479658	ENSG00000167065.14	DUSP18	True
ENST00000367612	724.1351	6.794578	7.2478385	0.45326042	0.26000986	0.8093544299533921	0.5850101908565276	ENSG00000169905.13	TOR1AIP2	False
ENST00000392290	15.3	1.532486	1.9857404	0.45325446	0.4931061	0.8537766521893764	0.3070596276256578	ENSG00000162972.11	MAIP1	False
ENST00000424117	23.251059	1.7091507	2.162324	0.45317328	0.6690636	0.9127366894097521	0.1745325790129757	ENSG00000114933.16	INO80D	False
ENST00000246229	28.1	2.6975012	3.150619	0.45311785	0.22390202	0.8093544299533921	0.649941994339252	ENSG00000126003.7	PLAGL2	False
ENST00000597692	552.42566	6.5782504	7.031297	0.4530468	0.09669359	0.8093544299533921	1.0146023138881979	ENSG00000269242.1	ENSG00000269242	False
ENST00000641688	36.37426	1.2608508	1.7138525	0.45300174	0.73966575	0.9345775597603275	0.13096449265197255	ENSG00000170180.22	GYPA	False
ENST00000674268	413.49713	6.318287	6.7711134	0.4528265	0.091912	0.8093544299533921	1.0366277770897694	ENSG00000159658.15	EFCAB14	False
ENST00000427335	48.58006	2.9516551	3.4044664	0.45281124	0.5306734	0.8648242843919811	0.27517269338126965	ENSG00000090530.10	P3H2	False
ENST00000278550	56.254627	3.0683496	3.520971	0.45262146	0.5010893	0.8548764927378353	0.30008489262543514	ENSG00000149256.16	TENM4	False
ENST00000369367	1401.9141	7.9034824	8.356037	0.4525547	0.13437086	0.8093544299533921	0.8716948921457398	ENSG00000139218.18	SCAF11	False
ENST00000377861	167.38884	4.848302	5.3008156	0.4525137	0.17061107	0.8093544299533921	0.7679927968570235	ENSG00000184226.15	PCDH9	False
ENST00000245206	34.3	2.4652405	2.917723	0.45248246	0.45375985	0.8472077019271466	0.34317393528699647	ENSG00000125166.13	GOT2	False
ENST00000270460	1004.6837	7.3024635	7.754877	0.45241356	0.28536052	0.8106393935615843	0.5446061197036631	ENSG00000063245.15	EPN1	False
ENST00000483722	230.19511	5.058063	5.51035	0.4522872	0.50373447	0.8556848333281974	0.29779833033347375	ENSG00000112195.9	TREML2	False
ENST00000690024	16.663097	1.615612	2.0678716	0.45225954	0.6753967	0.9143775356855107	0.1704410779912919	ENSG00000079974.19	RABL2B	True
ENST00000567298	13.619708	1.5676923	2.0198638	0.45217156	0.60808945	0.8909135057265082	0.21603253340710363	ENSG00000104731.14	KLHDC4	False
ENST00000434945	154.22275	4.187065	4.6392193	0.45215416	0.5448784	0.8692662506126195	0.2637003894984393	ENSG00000178202.14	POGLUT3	False
ENST00000369893	170.05765	4.632524	5.084576	0.45205212	0.4120108	0.8334373536331832	0.3850914113794739	ENSG00000156398.13	SFXN2	False
ENST00000393711	17.08014	1.99378	2.4457164	0.45193636	0.20359015	0.8093544299533921	0.6912432277375627	ENSG00000137522.18	RNF121	False
ENST00000260372	156.12517	4.6324487	5.0843177	0.451869	0.44928113	0.8470024537044705	0.3474818251928	ENSG00000137814.12	HAUS2	False
ENST00000259199	80.92459	2.326318	2.7780795	0.45176148	0.761945	0.939913304152022	0.11807637124448436	ENSG00000136682.16	ZNG1B	False
ENST00000589699	238.3392	5.435213	5.886951	0.45173788	0.106616706	0.8093544299533921	0.9721747408459623	ENSG00000166974.13	MAPRE2	False
ENST00000383746	77.08465	3.718477	4.16984	0.45136285	0.3291437	0.8142173533113395	0.48261444920177804	ENSG00000179152.20	TCAIM	False
ENST00000449193	14.121353	1.3820567	1.833404	0.45134723	0.35617524	0.8175932215882654	0.44833626968750895	ENSG00000180592.17	SKIDA1	False
ENST00000394807	70.886665	3.3218365	3.77307	0.45123363	0.46984547	0.8496539504698483	0.328044952543391	ENSG00000185670.9	ZBTB3	False
ENST00000453446	84.0376	3.4827268	3.933721	0.45099425	0.5877366	0.8826128203198247	0.23081725883747786	ENSG00000139631.20	CSAD	False
ENST00000342556	13.950281	1.0886406	1.5395937	0.45095313	0.5650203	0.8755018923501372	0.2479359310813974	ENSG00000166886.13	NAB2	False
ENST00000578272	15.626734	1.3808082	1.8317454	0.45093715	0.7388705	0.9345775597603275	0.13143167175978557	ENSG00000134046.12	MBD2	True
ENST00000644036	100.01814	3.9177792	4.3686686	0.45088935	0.37821004	0.8230751633283137	0.42226694887276023	ENSG00000099956.20	SMARCB1	False
ENST00000687785	25.468933	2.2194374	2.6701927	0.45075536	0.5261666	0.8628966334781174	0.27887670876760057	ENSG00000132639.15	SNAP25	False
ENST00000411809	306.29266	5.5646667	6.015393	0.45072603	0.37517244	0.8220437669135772	0.42576907655565843	ENSG00000113282.14	CLINT1	False
ENST00000336854	17.7	1.7660888	2.216697	0.45060813	0.5045479	0.855803731079597	0.29709760224550097	ENSG00000123395.15	ATG101	False
ENST00000398782	111.15881	4.1731887	4.623759	0.4505701	0.54030395	0.867777183814941	0.2673618610364219	ENSG00000125844.17	RRBP1	False
ENST00000322723	771.0706	6.9521317	7.4026904	0.45055866	0.3109738	0.8118754707110037	0.5072762087820663	ENSG00000115053.17	NCL	False
ENST00000589975	164.25385	4.8149247	5.265427	0.4505024	0.053297512	0.8093544299533921	1.2732930620537968	ENSG00000154265.16	ABCA5	False
ENST00000677348	30.63435	1.5262209	1.9766979	0.450477	0.74400365	0.9358045784008151	0.12842493178958048	ENSG00000075413.19	MARK3	False
ENST00000597136	53.1	3.4649775	3.9154496	0.45047212	0.23034722	0.8093544299533921	0.6376170320633	ENSG00000130726.12	TRIM28	False
ENST00000378891	20.4	1.9209994	2.371076	0.4500767	0.43237165	0.8419670576542266	0.3641427937137825	ENSG00000107404.21	DVL1	False
ENST00000417550	109.00673	3.8451338	4.295104	0.44997025	0.5209775	0.8607342644345788	0.2831810350421192	ENSG00000196150.14	ZNF250	False
ENST00000559471	98.654594	3.671296	4.121212	0.44991612	0.615961	0.8944279309061053	0.21044677388861205	ENSG00000138593.9	SECISBP2L	False
ENST00000452145	14.672201	1.582524	2.0323682	0.44984424	0.6508641	0.9063064353714655	0.18650966615786535	ENSG00000204172.12	AGAP9	False
ENST00000477163	124.13204	4.3522873	4.801997	0.4497099	0.15318577	0.8093544299533921	0.8147815763103142	ENSG00000132716.19	DCAF8	True
ENST00000428969	7.5742407	0.8667354	1.316389	0.44965357	0.20851365	0.8093544299533921	0.6808655149785423	ENSG00000175198.17	PCCA	True
ENST00000477837	11.22503	1.1245679	1.5741202	0.4495523	0.6837451	0.9170737297062175	0.16510578175086627	ENSG00000160856.21	FCRL3	False
ENST00000506290	118.16632	4.490085	4.9394164	0.44933128	0.44552806	0.845708078626981	0.3511249380798341	ENSG00000145715.15	RASA1	False
ENST00000367161	339.4266	5.6528773	6.1021795	0.4493022	0.2594254	0.8093544299533921	0.585987502143008	ENSG00000133059.18	DSTYK	False
ENST00000409068	413.6354	5.962557	6.411703	0.44914627	0.38258332	0.823716002720574	0.41727396825723745	ENSG00000115977.21	AAK1	False
ENST00000371621	1695.4114	8.217168	8.666282	0.44911385	0.18449819	0.8093544299533921	0.7340078880131191	ENSG00000196396.10	PTPN1	False
ENST00000452959	76.427925	3.643179	4.092174	0.4489951	0.4492204	0.8470024537044705	0.34754054028967696	ENSG00000168314.19	MOBP	False
ENST00000395811	89.50602	3.9465084	4.395387	0.44887877	0.58206487	0.8811795547307322	0.23502861359945268	ENSG00000133030.22	MPRIP	False
ENST00000568351	31.946451	2.730195	3.1790452	0.44885015	0.36219886	0.8185742609699567	0.4410529215922556	ENSG00000186187.12	ZNRF1	True
ENST00000685964	39.15962	1.4370743	1.8859227	0.44884837	0.7519888	0.9367761286654671	0.12378861139619657	ENSG00000089682.18	RBM41	False
ENST00000648482	15.804907	1.6058391	2.0546634	0.4488243	0.56890404	0.8764925907303623	0.24496098042099895	ENSG00000158683.10	PKD1L1	False
ENST00000296641	152.66386	4.6139164	5.0627356	0.44881916	0.48429957	0.8524476847822213	0.31488591626597606	ENSG00000164220.7	F2RL2	False
ENST00000446836	15.211191	1.0129585	1.4617593	0.4488008	0.6863521	0.9174340039208425	0.16345304954816897	ENSG00000160799.12	CCDC12	False
ENST00000270066	93.52702	4.0816216	4.5303707	0.44874907	0.30439833	0.8118754707110037	0.5165577372948942	ENSG00000105771.14	SMG9	False
ENST00000367456	73.70019	1.6407223	2.089462	0.44873977	0.789429	0.949202832298963	0.10268691873086387	ENSG00000055208.20	TAB2	False
ENST00000532455	189.62296	5.1243973	5.5731354	0.4487381	0.17179818	0.8093544299533921	0.7649814299093046	ENSG00000166012.17	TAF1D	False
ENST00000680073	11.384338	1.576624	2.0252402	0.44861615	0.37447312	0.8216366408512873	0.426579345373993	ENSG00000198570.7	RD3	False
ENST00000514272	64.04587	3.2609594	3.7095218	0.44856238	0.5820818	0.8811795547307322	0.23501598354991443	ENSG00000169609.14	C15orf40	True
ENST00000348499	57.813194	3.129666	3.5782208	0.44855475	0.51132405	0.8572896379232406	0.29130378152248987	ENSG00000160221.18	GATD3	False
ENST00000591096	14.164775	1.1485714	1.5969507	0.44837928	0.46087155	0.8481416265840513	0.3364201028155973	ENSG00000266967.7	AARSD1	True
ENST00000420474	42.516785	2.975113	3.423442	0.44832897	0.4777146	0.8504371505934152	0.3208314871829291	ENSG00000087586.18	AURKA	False
ENST00000360579	28.026852	1.9931082	2.4412606	0.44815242	0.71299446	0.9254110311098495	0.14691384688235815	ENSG00000111237.19	VPS29	False
ENST00000563944	9.235984	1.2712697	1.7192905	0.44802082	0.47139156	0.8496539504698483	0.3266181987862055	ENSG00000213648.11	SULT1A4	False
ENST00000563638	9.235984	1.2712697	1.7192905	0.44802082	0.47139156	0.8496539504698483	0.3266181987862055	ENSG00000261052.6	SULT1A3	False
ENST00000568319	12.004539	1.6176529	2.06563	0.44797707	0.5059368	0.8558786284660064	0.29590372921324387	ENSG00000198931.11	APRT	False
ENST00000421806	348.54855	5.722772	6.170643	0.44787073	0.29380742	0.8111088466013822	0.5319372446637713	ENSG00000196233.14	LCOR	False
ENST00000693303	21.155617	2.2209516	2.668639	0.4476874	0.34711447	0.81719736681995	0.4595272772376998	ENSG00000153015.17	CWC27	False
ENST00000639662	973.6613	7.238111	7.685751	0.44763994	0.18531388	0.8093544299533921	0.7320920497891362	ENSG00000228623.9	ZNF883	False
ENST00000497679	15.155055	1.2079388	1.6555558	0.44761705	0.60896486	0.8914167523245257	0.21540776706762702	ENSG00000120662.16	MTRF1	False
ENST00000450295	1355.9878	7.7667146	8.214268	0.44755316	0.28472552	0.8106393935615843	0.5455736097385476	ENSG00000187764.12	SEMA4D	False
ENST00000355219	44.250793	2.9544573	3.4019632	0.44750595	0.36081323	0.8185742609699567	0.44271754615625325	ENSG00000099954.19	CECR2	True
ENST00000334828	270.69427	5.4400744	5.8875775	0.4475031	0.18809742	0.8093544299533921	0.7256171674286384	ENSG00000171314.9	PGAM1	False
ENST00000683716	55.59367	2.9631612	3.4106164	0.44745517	0.53787434	0.8669919443883375	0.2693191729948003	ENSG00000064309.16	CDON	False
ENST00000340694	14.11006	1.0398941	1.4869719	0.44707775	0.67006564	0.9130654593182218	0.17388265057857213	ENSG00000158528.12	PPP1R9A	False
ENST00000319725	39.58165	2.5792933	3.0262785	0.44698524	0.57334965	0.877589260808717	0.2415804447292151	ENSG00000107164.17	FUBP3	False
ENST00000358752	130.37227	4.523276	4.970232	0.44695616	0.22886762	0.8093544299533921	0.6404156461645512	ENSG00000196371.4	FUT4	False
ENST00000380087	264.1232	5.540502	5.987421	0.44691896	0.010299039	0.8093544299533921	1.9872032941915745	ENSG00000102054.18	RBBP7	False
ENST00000264451	193.0947	4.937816	5.3845806	0.44676447	0.33003363	0.8142173533113395	0.48144180364670774	ENSG00000014824.14	SLC30A9	False
ENST00000697042	205.29805	4.959349	5.406026	0.44667673	0.49482015	0.8537766521893764	0.3055526253733427	ENSG00000101577.11	LPIN2	False
ENST00000542328	9.0	0.8809199	1.3275509	0.446631	0.34249452	0.81719736681995	0.4653463760268048	ENSG00000197150.13	ABCB8	False
ENST00000283195	33.993286	1.5160103	1.9625895	0.44657922	0.6956247	0.9206326357743269	0.15762499991841586	ENSG00000153201.17	RANBP2	False
ENST00000374611	46.0963	2.0992815	2.5457826	0.44650102	0.68682784	0.917507040123707	0.16315211038423139	ENSG00000141562.19	NARF	False
ENST00000641386	36.581547	2.1755185	2.6219192	0.44640064	0.5028318	0.8551707956010974	0.29857725014187225	ENSG00000176230.7	OR4K17	False
ENST00000550758	33.35494	2.5140011	2.960376	0.4463749	0.5469372	0.8693177891645862	0.2620625153917813	ENSG00000011465.18	DCN	True
ENST00000321276	37.73458	2.9394715	3.3857985	0.44632697	0.25387976	0.8093544299533921	0.5953719282043869	ENSG00000163082.10	SGPP2	False
ENST00000674681	24537.646	11.976386	12.422339	0.44595337	0.26361924	0.8093544299533921	0.5790228895985121	ENSG00000075624.17	ACTB	False
ENST00000368485	1954.7034	8.215386	8.661215	0.44582844	0.2956748	0.8111088466013822	0.5291856869998419	ENSG00000160712.13	IL6R	False
ENST00000367808	15.522389	1.5072665	1.9530821	0.44581556	0.55496085	0.8721680705828307	0.25573765575062407	ENSG00000117475.14	BLZF1	False
ENST00000330342	125.73439	4.2720685	4.717738	0.44566965	0.46655744	0.8495536202086525	0.3310948777401272	ENSG00000185344.15	ATP6V0A2	False
ENST00000414610	10.178886	0.9995459	1.4451752	0.4456293	0.54788697	0.8693177891645862	0.26130902981003923	ENSG00000118690.13	ARMC2	False
ENST00000535212	128.74254	4.476202	4.921782	0.44558	0.33977747	0.81719736681995	0.4688054222226966	ENSG00000123106.11	CCDC91	True
ENST00000403066	18.458385	1.9243475	2.3697474	0.44539988	0.5295525	0.8644614955397509	0.27609096148585666	ENSG00000100012.12	SEC14L3	False
ENST00000264990	39.263	2.5566406	3.0019817	0.4453411	0.50066924	0.8548764927378353	0.30044908903918205	ENSG00000240303.8	ACAD11	False
ENST00000698144	1307.12	7.7970777	8.242131	0.44505358	0.29310447	0.8111088466013822	0.532977558619506	ENSG00000115415.21	STAT1	False
ENST00000347136	48.56773	1.6658505	2.1108823	0.44503176	0.77121854	0.9426941894540061	0.11282253955930895	ENSG00000148358.21	GPR107	False
ENST00000382199	636.587	6.901626	7.346649	0.44502306	0.45803103	0.8478742186373767	0.3391051004811669	ENSG00000073792.16	IGF2BP2	False
ENST00000598581	13.32591	1.6092148	2.0541778	0.44496298	0.34532407	0.81719736681995	0.46177315005143843	ENSG00000268104.3	SLC6A14	False
ENST00000698142	410.66913	5.6765537	6.121482	0.44492817	0.53394437	0.8658886340325633	0.27250398973514195	ENSG00000115415.21	STAT1	False
ENST00000269300	72.04425	3.55428	3.9991715	0.44489145	0.3960474	0.829430883623299	0.40225281881364183	ENSG00000141506.15	PIK3R5	False
ENST00000344111	445.03818	6.1874576	6.6322722	0.44481468	0.11168486	0.8093544299533921	0.9520057005260288	ENSG00000240230.6	COX19	False
ENST00000304381	82.38704	3.3555574	3.8003356	0.4447782	0.5656045	0.8756247794447481	0.24748713782795909	ENSG00000170537.13	TMC7	False
ENST00000389698	32.79084	1.6420056	2.0862596	0.44425404	0.76776195	0.9416169255668378	0.11477341757865211	ENSG00000174373.17	RALGAPA1	False
ENST00000409157	20.1	1.8612193	2.3052275	0.44400823	0.35475996	0.8173803121090482	0.45006540106898973	ENSG00000155729.13	KCTD18	False
ENST00000318158	29.01673	2.437887	2.881765	0.44387794	0.5030648	0.8551707956010974	0.29837605998142736	ENSG00000137106.18	GRHPR	False
ENST00000683161	271.22604	5.5801697	6.023918	0.44374847	0.2631202	0.8093544299533921	0.579845802464882	ENSG00000288701.1	PRRC2B	True
ENST00000681139	404.2233	4.4881597	4.931792	0.44363213	0.8474967	0.965714928002741	0.07186199014813677	ENSG00000077232.19	DNAJC10	False
ENST00000322989	93.55883	3.8966467	4.3402047	0.44355798	0.33973983	0.81719736681995	0.46885353575575156	ENSG00000134419.15	RPS15A	False
ENST00000319294	46.88773	3.3838637	3.8269951	0.44313145	0.18531062	0.8093544299533921	0.7320996977280884	ENSG00000160185.15	UBASH3A	False
ENST00000455335	16.43518	1.799365	2.2423337	0.4429686	0.52682453	0.8628966334781174	0.2783340083754352	ENSG00000106635.8	BCL7B	True
ENST00000469141	891.52313	7.370926	7.813837	0.44291115	0.47132397	0.8496539504698483	0.32668047566046754	ENSG00000054118.15	THRAP3	False
ENST00000313143	182.31937	4.864462	5.307259	0.44279718	0.15377712	0.8093544299533921	0.813108269944819	ENSG00000161202.20	DVL3	False
ENST00000398731	27.874023	2.345516	2.7882822	0.4427662	0.48064414	0.8508238952382959	0.31817635123724847	ENSG00000139154.16	AEBP2	False
ENST00000674093	127.24923	4.023524	4.466194	0.44267035	0.51747394	0.8587697515903885	0.2861115196899603	ENSG00000092529.26	CAPN3	False
ENST00000453973	55.633476	3.0903451	3.532727	0.44238186	0.536637	0.866669630156121	0.27031938030635866	ENSG00000042493.16	CAPG	False
ENST00000254508	21.57259	1.9631649	2.4052877	0.44212282	0.6031131	0.8895199662125675	0.21960122759265752	ENSG00000132182.13	NUP210	False
ENST00000421043	77.59138	3.3349934	3.7769845	0.4419911	0.59962666	0.8872137205946347	0.2221190659768945	ENSG00000198839.10	ZNF277	False
ENST00000475277	509.9842	6.248654	6.6905785	0.44192457	0.46182832	0.8481416265840513	0.3355194378723551	ENSG00000143669.16	LYST	False
ENST00000519807	242.44365	5.372023	5.8139405	0.44191742	0.06791481	0.8093544299533921	1.1680355335817145	ENSG00000008988.11	RPS20	True
ENST00000203629	7.5	0.941665	1.3835096	0.44184464	0.530562	0.8648242843919811	0.2752638717879049	ENSG00000089692.9	LAG3	False
ENST00000574940	10.691197	1.0101094	1.4517658	0.44165635	0.5713667	0.8771043619672497	0.24308505367692826	ENSG00000140987.21	ZSCAN32	False
ENST00000591508	17.879055	1.6795912	2.121131	0.44153976	0.4700719	0.8496539504698483	0.3278356984173033	ENSG00000130803.15	ZNF317	True
ENST00000379263	379.1828	5.9758544	6.4173903	0.44153595	0.066405736	0.8093544299533921	1.1777944060770635	ENSG00000105821.15	DNAJC2	False
ENST00000564218	53.6756	2.9832172	3.4246256	0.4414084	0.4803378	0.8507787223054524	0.3184532366475028	ENSG00000176723.10	ZNF843	False
ENST00000506209	42.922462	3.0215003	3.462851	0.4413507	0.27239144	0.8093544299533921	0.5648065468235149	ENSG00000143257.12	NR1I3	False
ENST00000439915	29.65709	2.0607677	2.5018003	0.44103265	0.7008474	0.9214833595450952	0.15437654132464246	ENSG00000119778.15	ATAD2B	False
ENST00000409368	8.903415	1.1251019	1.5658879	0.440786	0.5718271	0.8771552891618881	0.24273525607837773	ENSG00000116030.17	SUMO1	False
ENST00000360184	270.84216	4.8465915	5.2872915	0.44070005	0.7085681	0.9237315579253875	0.149618406015266	ENSG00000197102.14	DYNC1H1	False
ENST00000521277	12.881041	1.6543068	2.094973	0.44066632	0.48711893	0.8529381765683051	0.31236499325362205	ENSG00000183137.16	CEP57L1	False
ENST00000641417	26.069218	1.9490968	2.389731	0.44063413	0.5004003	0.8548764927378353	0.3006824344493465	ENSG00000204700.5	OR2J2	False
ENST00000600003	17.099438	1.7208399	2.1613827	0.44054282	0.50049794	0.8548764927378353	0.30059770812160125	ENSG00000197857.16	ZNF44	False
ENST00000528302	980.96027	7.443299	7.8838243	0.44052553	0.28838095	0.8109740254625081	0.5400334307894652	ENSG00000087365.16	SF3B2	False
ENST00000685653	93.22138	4.0556555	4.4961686	0.44051313	0.1649455	0.8093544299533921	0.7826595332447933	ENSG00000132155.14	RAF1	False
ENST00000355962	66.6779	3.0486002	3.4890952	0.440495	0.5667039	0.8758719814065489	0.24664378662466782	ENSG00000198650.11	TAT	False
ENST00000374193	16.985277	1.9234896	2.3639703	0.4404807	0.3555545	0.8175932215882654	0.44909383108233614	ENSG00000148225.17	WDR31	False
ENST00000230859	29.725544	2.2749958	2.7154276	0.44043183	0.45568123	0.8473426594424552	0.34133885572361694	ENSG00000112941.14	TENT4A	False
ENST00000440067	101.00618	3.3829176	3.822831	0.43991327	0.63551414	0.9016400598756685	0.1968747819916122	ENSG00000161040.19	FBXL13	False
ENST00000476605	15.786366	0.95899135	1.3988826	0.43989128	0.7003772	0.9213739711151103	0.1546679842865528	ENSG00000107745.20	MICU1	False
ENST00000361677	450.9222	6.213755	6.653483	0.43972778	0.1226025	0.8093544299533921	0.9115006739085192	ENSG00000198863.8	RUNDC1	False
ENST00000318130	212.11462	4.174183	4.6139045	0.43972158	0.6819511	0.9165294746754324	0.1662467621934682	ENSG00000116406.20	EDEM3	False
ENST00000394479	1941.2712	8.185985	8.625679	0.4396944	0.17815322	0.8093544299533921	0.7492063313666123	ENSG00000162924.16	REL	False
ENST00000457514	39.34379	2.5208035	2.960493	0.43968964	0.49413747	0.8537766521893764	0.30615221625804345	ENSG00000237353.7	PATE4	False
ENST00000369152	7.7	1.1085216	1.5481709	0.43964934	0.5474879	0.8693177891645862	0.26162546314878765	ENSG00000178096.9	BOLA1	False
ENST00000373669	46.843285	2.521257	2.9608216	0.4395647	0.6535915	0.9073302006622772	0.1846935954076642	ENSG00000102309.15	PIN4	False
ENST00000396197	165.1386	4.8427873	5.282103	0.4393158	0.23506513	0.8093544299533921	0.6288117857546479	ENSG00000151116.17	UEVLD	False
ENST00000651864	82.305435	3.79967	4.2387657	0.43909574	0.20231009	0.8093544299533921	0.6939824668114958	ENSG00000160336.17	ZNF761	True
ENST00000261667	235.2656	5.327458	5.766527	0.43906927	0.07395771	0.8093544299533921	1.1310165360803348	ENSG00000102753.10	KPNA3	False
ENST00000367339	201.4532	4.934262	5.373275	0.439013	0.3492983	0.81719736681995	0.45680353006556684	ENSG00000131019.11	ULBP3	False
ENST00000295269	620.1301	6.54389	6.9827247	0.43883467	0.40377498	0.8303453948335059	0.3938605992226646	ENSG00000180251.5	SLC9A4	False
ENST00000337929	273.35825	5.445128	5.883885	0.43875694	0.2336996	0.8093544299533921	0.6313420218970597	ENSG00000103522.17	IL21R	False
ENST00000580900	163.23154	4.671336	5.109976	0.43863964	0.22327785	0.8093544299533921	0.6511543546609477	ENSG00000099810.21	MTAP	False
ENST00000673981	33.941586	2.4691174	2.907524	0.4384067	0.5124961	0.8577892264817722	0.2903094234849567	ENSG00000119703.15	ZC2HC1C	False
ENST00000297145	28.769726	2.148079	2.5864205	0.43834162	0.3640061	0.8185742609699567	0.4388913359122626	ENSG00000164603.12	BMT2	False
ENST00000615553	51.477367	3.1711233	3.6094189	0.4382956	0.073525295	0.8093544299533921	1.1335632263296782	ENSG00000152242.11	ARK2N	False
ENST00000673097	21.163162	1.6121893	2.0504384	0.4382491	0.6622529	0.9105659425462344	0.17897612929734083	ENSG00000204397.10	CARD16	True
ENST00000273590	55.597115	3.2605803	3.6987646	0.43818426	0.3560528	0.8175932215882654	0.448485611528053	ENSG00000145022.5	TCTA	False
ENST00000360449	15.611081	1.3907818	1.8288732	0.4380914	0.58702934	0.8826128203198247	0.23134019353551022	ENSG00000139117.14	CPNE8	False
ENST00000258494	21.267918	1.9269441	2.3649046	0.4379605	0.4485921	0.8470024537044705	0.34814838221874356	ENSG00000136010.14	ALDH1L2	False
ENST00000493030	69.37695	3.3762653	3.8141534	0.43788815	0.4454062	0.845708078626981	0.3512437433946979	ENSG00000154370.16	TRIM11	True
ENST00000533244	35.91229	2.7022989	3.1401653	0.43786645	0.51789963	0.8589659058679011	0.28575439719467927	ENSG00000173992.9	CCS	False
ENST00000515234	6.003869	0.8883135	1.3261768	0.4378633	0.4146661	0.8342271906977036	0.38230148206128356	ENSG00000150628.7	SPATA4	False
ENST00000520953	1071.1351	7.51824	7.956044	0.43780422	0.0609551	0.8093544299533921	1.214989953612127	ENSG00000153914.16	SREK1	False
ENST00000610583	188.03407	4.838075	5.2757916	0.43771648	0.45718277	0.8478742186373767	0.33991015011278475	ENSG00000253731.3	PCDHGA6	False
ENST00000475622	11.997777	1.1197366	1.5570911	0.43735456	0.5970548	0.8865666112633599	0.22398582070312853	ENSG00000153395.10	LPCAT1	False
ENST00000377799	351.1276	5.8319016	6.269249	0.4373474	0.31995124	0.8121593305743525	0.49491620743689807	ENSG00000107614.22	TRDMT1	False
ENST00000229330	52.583336	2.696429	3.1337087	0.4372797	0.56781346	0.8761634615731728	0.2457943197659369	ENSG00000111727.12	HCFC2	False
ENST00000641045	78.32002	3.9621913	4.3994584	0.43726707	0.26092738	0.8093544299533921	0.5834803479531047	ENSG00000172320.4	OR5A1	False
ENST00000514419	11.765543	1.251309	1.6885529	0.43724382	0.5945131	0.8857079187793583	0.2258385579870227	ENSG00000135317.14	SNX14	False
ENST00000674538	493.25684	3.3446865	3.7818198	0.4371333	0.8346378	0.962643068203717	0.0785019395882017	ENSG00000072864.16	NDE1	False
ENST00000324288	717.81586	6.9945273	7.431609	0.4370818	0.09431002	0.8093544299533921	1.025442149736113	ENSG00000179583.21	CIITA	False
ENST00000580206	9.840701	1.4604708	1.8974912	0.43702042	0.4384191	0.8433778173202353	0.35811053021472644	ENSG00000180777.15	ANKRD30B	False
ENST00000309859	260.10638	5.5638256	6.000786	0.43696022	0.058162924	0.8093544299533921	1.23535376922769	ENSG00000103365.15	GGA2	False
ENST00000433712	52.192333	3.135617	3.572557	0.43693995	0.53681767	0.8667540534925389	0.27017319738438206	ENSG00000144481.17	TRPM8	False
ENST00000575014	8.2	0.9480963	1.3848817	0.43678546	0.54777294	0.8693177891645862	0.26139942256248466	ENSG00000132361.18	CLUH	False
ENST00000435522	18.818258	1.4888693	1.9255917	0.4367224	0.48477858	0.8525489554115399	0.31445657503970487	ENSG00000144554.13	FANCD2	True
ENST00000243440	8.2	0.84269905	1.279243	0.43654394	0.45923874	0.8478845691074629	0.33796148534750114	ENSG00000123685.9	BATF3	False
ENST00000081029	47.280952	2.8865397	3.3226979	0.43615818	0.53623027	0.8666569343588499	0.2706486770619309	ENSG00000061794.13	MRPS35	False
ENST00000257626	59.272003	3.3545792	3.7907314	0.43615222	0.29363492	0.8111088466013822	0.5321922960605495	ENSG00000186088.16	GSAP	False
ENST00000230568	37.1	2.5897093	3.0257788	0.4360695	0.49972615	0.8548764927378353	0.3012679269911757	ENSG00000112799.9	LY86	False
ENST00000687300	29.663319	2.053073	2.4889681	0.4358952	0.544619	0.8692662506126195	0.26390719261959167	ENSG00000133812.18	SBF2	False
ENST00000445969	15.8910885	1.4479293	1.88376	0.4358307	0.57145786	0.8771043619672497	0.24301578732409151	ENSG00000117226.12	GBP3	True
ENST00000381482	29.4	1.9683958	2.4041607	0.4357649	0.6069881	0.8902072735238908	0.21681984293427803	ENSG00000125834.13	STK35	False
ENST00000552499	47.46344	1.888091	2.3238325	0.43574154	0.7418415	0.9352195071985765	0.1296888779882464	ENSG00000166986.15	MARS1	False
ENST00000648619	16.337355	1.7491078	2.184709	0.43560123	0.441138	0.8446156514523803	0.3554255308095379	ENSG00000175643.10	RMI2	False
ENST00000522677	188.88841	4.9331193	5.3687	0.43558073	0.49457407	0.8537766521893764	0.30576865700260625	ENSG00000185697.17	MYBL1	False
ENST00000233190	680.3671	6.9513946	7.3866167	0.43522215	0.14028154	0.8093544299533921	0.8529994654052448	ENSG00000023228.15	NDUFS1	False
ENST00000322269	20.49318	1.73949	2.1745155	0.43502545	0.5743834	0.8777929733665634	0.24079813654916737	ENSG00000071889.17	FAM3A	False
ENST00000560638	174.52557	4.772726	5.2077384	0.43501234	0.18711543	0.8093544299533921	0.7278903960979874	ENSG00000092439.16	TRPM7	False
ENST00000677673	777.92145	6.577501	7.0122538	0.43475294	0.36619434	0.8185742609699567	0.4362883753955849	ENSG00000166352.18	IFTAP	False
ENST00000601232	37.481987	2.5932252	3.0278099	0.43458462	0.6458828	0.9049129263557762	0.18984629053045357	ENSG00000105393.16	BABAM1	True
ENST00000349139	129.84402	4.4957514	4.9302697	0.43451834	0.30159009	0.8118754707110037	0.5205829402814175	ENSG00000065183.16	WDR3	False
ENST00000263401	175.7532	4.9192305	5.353583	0.4343524	0.12157253	0.8093544299533921	0.915164538983778	ENSG00000110442.12	COMMD9	False
ENST00000176763	1639.0911	7.973766	8.408051	0.4342847	0.38903323	0.8259378738446596	0.410013303070756	ENSG00000072786.13	STK10	False
ENST00000654733	292.98972	5.502674	5.93695	0.4342761	0.26562148	0.8093544299533921	0.5757368023740501	ENSG00000075711.21	DLG1	False
ENST00000699800	140.47696	4.413291	4.847553	0.4342618	0.29394388	0.8111088466013822	0.531735574584525	ENSG00000091592.17	NLRP1	False
ENST00000646012	28.220142	2.1374996	2.5717	0.43420053	0.6486586	0.9058007019088778	0.18798383726244255	ENSG00000074803.21	SLC12A1	False
ENST00000691461	13.118479	1.6222095	2.0563488	0.43413925	0.39811203	0.8298121044971967	0.39999470013833627	ENSG00000144741.19	SLC25A26	False
ENST00000433083	244.01746	5.4627914	5.8969307	0.43413925	0.09977374	0.8093544299533921	1.0009837381980589	ENSG00000111752.11	PHC1	False
ENST00000261313	531.2	6.4340386	6.8680964	0.4340577	0.17372575	0.8093544299533921	0.7601357946743109	ENSG00000089220.5	PEBP1	False
ENST00000540664	49.127087	2.6077373	3.0417368	0.43399954	0.7525684	0.9367761286654671	0.12345400775371065	ENSG00000196233.14	LCOR	False
ENST00000374586	388.48062	6.133205	6.5671153	0.43391037	0.039866824	0.8093544299533921	1.3993883643674205	ENSG00000106771.13	TMEM245	False
ENST00000680718	1873.3486	7.9987826	8.432642	0.43385935	0.45999128	0.8481416265840513	0.3372504046363594	ENSG00000168014.18	C2CD3	False
ENST00000345016	601.8873	6.8354354	7.2691884	0.433753	0.33510703	0.8158433703746901	0.4748164632421499	ENSG00000065000.20	AP3D1	False
ENST00000240123	20.60439	2.1371343	2.5708563	0.43372202	0.40231064	0.8299279309551659	0.3954384818033858	ENSG00000120896.14	SORBS3	False
ENST00000473807	20.352776	1.8727096	2.3064163	0.43370664	0.42750472	0.840169088369937	0.3690590876681025	ENSG00000137210.14	TMEM14B	False
ENST00000513920	23.481426	2.1085875	2.5418553	0.43326783	0.40996253	0.8323419057979902	0.3872558301770848	ENSG00000197826.13	CFAP299	False
ENST00000389416	23.703495	1.3034511	1.7367125	0.4332614	0.6458574	0.9049129263557762	0.18986336427745817	ENSG00000155093.20	PTPRN2	False
ENST00000157812	272.3	5.7853436	6.2185736	0.43322992	0.37045074	0.8198057627961249	0.43126953910223925	ENSG00000013275.8	PSMC4	False
ENST00000369017	26.184368	2.338252	2.7714128	0.43316078	0.5223484	0.8616542041707533	0.282039727971224	ENSG00000107672.15	NSMCE4A	False
ENST00000421999	108.85441	4.1855183	4.618668	0.4331498	0.22800735	0.8093544299533921	0.6420511598154753	ENSG00000184220.12	CMSS1	False
ENST00000192788	194.11272	4.799914	5.232731	0.43281698	0.41771618	0.836886090598871	0.37911870712598766	ENSG00000065060.18	BLTP3A	False
ENST00000309395	83.722984	3.7539527	4.186678	0.4327252	0.34970877	0.81719736681995	0.4562934815968408	ENSG00000173542.9	MOB1B	False
ENST00000591615	147.6843	4.4582973	4.8909683	0.43267107	0.35604206	0.8175932215882654	0.4484986981957674	ENSG00000141576.16	RNF157	True
ENST00000235835	70.3	3.5474386	3.9799907	0.4325521	0.15319858	0.8093544299533921	0.8147452462359831	ENSG00000053371.13	AKR7A2	False
ENST00000216044	101.22438	4.1383986	4.570775	0.43237638	0.41220126	0.8334373536331832	0.38489068969917606	ENSG00000100226.16	GTPBP1	False
ENST00000677997	16.368494	1.5783354	2.0107117	0.43237627	0.5380699	0.8671730859460387	0.26916129889787643	ENSG00000065911.13	MTHFD2	False
ENST00000601372	60.447937	3.592922	4.0252237	0.43230176	0.114510044	0.8093544299533921	0.9411564167277381	ENSG00000167785.9	ZNF558	False
ENST00000412611	13.510152	1.1714334	1.6036986	0.43226516	0.57764924	0.8794550641073513	0.23833579692638257	ENSG00000179152.20	TCAIM	False
ENST00000447310	28.80404	1.8131366	2.2450752	0.43193865	0.6898591	0.9186431748190395	0.1612396073988202	ENSG00000251369.10	ZNF550	False
ENST00000227752	150.5	4.680372	5.112195	0.43182278	0.27663603	0.8093544299533921	0.5580912499072479	ENSG00000110324.12	IL10RA	False
ENST00000370205	391.85168	6.011528	6.4432917	0.43176365	0.25154358	0.8093544299533921	0.5993867598762381	ENSG00000172339.10	ALG14	False
ENST00000678382	46.27834	2.7111971	3.1428509	0.43165374	0.5408173	0.8677958347030249	0.2669494080231516	ENSG00000072121.17	ZFYVE26	False
ENST00000307897	47.194366	2.5934973	3.0251477	0.4316504	0.5417469	0.8677958347030249	0.26620355360043674	ENSG00000174442.12	ZWILCH	False
ENST00000320865	134.62282	4.22401	4.655636	0.43162584	0.66087484	0.9103843223966964	0.17988077936691751	ENSG00000175711.9	B3GNTL1	False
ENST00000628426	69.7849	3.0640843	3.4954393	0.431355	0.63990647	0.9030378888992515	0.19388350143104416	ENSG00000182022.18	CHST15	False
ENST00000319715	452.61102	5.467795	5.8991036	0.43130875	0.7629581	0.940089844663147	0.11749930656026976	ENSG00000122257.20	RBBP6	False
ENST00000287844	167.94913	4.74931	5.1805053	0.43119526	0.24109676	0.8093544299533921	0.6178086172362375	ENSG00000033050.9	ABCF2	False
ENST00000681865	912.78644	7.386688	7.8178515	0.4311633	0.26515666	0.8093544299533921	0.5764974658619219	ENSG00000140564.13	FURIN	False
ENST00000392619	207.29703	5.2634196	5.6945224	0.43110275	0.14924376	0.8093544299533921	0.8261038263711562	ENSG00000186407.7	CD300E	False
ENST00000684799	42.500828	2.6812525	3.112342	0.4310894	0.62421525	0.8979233606519958	0.20466562874062194	ENSG00000169249.14	ZRSR2	False
ENST00000407780	158.6417	4.5004015	4.9314766	0.4310751	0.5277147	0.8635213693726634	0.2776007838437541	ENSG00000160223.18	ICOSLG	False
ENST00000579123	175.36421	4.8011813	5.232255	0.43107367	0.34499213	0.81719736681995	0.4621908107369068	ENSG00000002834.19	LASP1	True
ENST00000674380	27.976406	1.9345279	2.3654768	0.43094897	0.6715934	0.913296195544647	0.1728935626021768	ENSG00000077782.23	FGFR1	False
ENST00000428634	66.87589	3.271304	3.702138	0.43083405	0.6053129	0.8899892143002557	0.218020082196631	ENSG00000131779.11	PEX11B	False
ENST00000641193	51.865746	2.7654333	3.1961632	0.43072987	0.58762115	0.8826128203198247	0.23090257944801812	ENSG00000279301.5	OR2T11	False
ENST00000309964	207.68033	4.929704	5.360363	0.43065882	0.49998322	0.8548764927378353	0.3010445697086813	ENSG00000134852.15	CLOCK	False
ENST00000550487	12.999095	1.5452272	1.9758649	0.43063772	0.49818987	0.8543917973883706	0.3026051104994233	ENSG00000178449.9	COX14	True
ENST00000308251	78.00602	3.6014612	4.0320873	0.43062615	0.5054457	0.8558786284660064	0.2963254776724161	ENSG00000168418.8	KCNG4	False
ENST00000684639	2679.3171	8.551269	8.9817095	0.4304409	0.44673544	0.8459831455694948	0.3499495914781897	ENSG00000072110.16	ACTN1	False
ENST00000323571	1859.7239	8.147065	8.577111	0.43004608	0.38858747	0.8259378738446596	0.4105112019424182	ENSG00000171475.14	WIPF2	False
ENST00000569878	114.34652	4.3343415	4.764176	0.42983437	0.22154145	0.8093544299533921	0.6545450072575988	ENSG00000188266.14	HYKK	False
ENST00000381461	957.0875	7.378016	7.8077993	0.42978334	0.3126461	0.8118754707110037	0.5049469969354693	ENSG00000183354.12	BRD10	False
ENST00000550585	90.59471	3.9490538	4.378833	0.42977905	0.22319709	0.8093544299533921	0.6513114765253515	ENSG00000197111.16	PCBP2	False
ENST00000424947	67.998924	3.1956313	3.6253908	0.4297595	0.57771313	0.8794550641073513	0.23828776046813072	ENSG00000112701.18	SENP6	False
ENST00000546694	109.84602	3.4997873	3.9294078	0.4296205	0.64155555	0.9032807118165814	0.1927657352027262	ENSG00000135655.16	USP15	False
ENST00000449636	118.93547	4.3337817	4.7633586	0.42957687	0.45575023	0.8473426594424552	0.3412731063839179	ENSG00000168000.16	BSCL2	False
ENST00000638135	110.87295	4.2507596	4.680255	0.42949533	0.38369584	0.823835243286134	0.4160129084168794	ENSG00000157184.7	CPT2	False
ENST00000590071	274.01892	5.401012	5.83044	0.4294281	0.39415136	0.8290075231731883	0.4043369708108314	ENSG00000142279.13	WTIP	False
ENST00000355552	58.57606	3.4541512	3.8835154	0.4293642	0.47896647	0.8504371505934152	0.3196948841529491	ENSG00000163870.16	TPRA1	False
ENST00000392649	17.32314	1.3400949	1.7692795	0.42918456	0.52326095	0.8618517854807809	0.28128167378254904	ENSG00000114757.19	PEX5L	False
ENST00000566283	61.58367	3.1498005	3.5789492	0.42914867	0.5444276	0.8692662506126195	0.2640598871531375	ENSG00000141002.20	TCF25	True
ENST00000226225	33.792763	2.5654166	2.9945264	0.4291098	0.5801271	0.8802063166690811	0.23647683148316756	ENSG00000109079.10	TNFAIP1	False
ENST00000682393	38.236305	2.072614	2.5016444	0.42903042	0.65794235	0.9096748540802239	0.18181215523324223	ENSG00000140650.13	PMM2	False
ENST00000424901	2014.5842	8.466304	8.895203	0.4288988	0.21851872	0.8093544299533921	0.6605113539169885	ENSG00000105221.18	AKT2	False
ENST00000440367	105.54895	3.5209248	3.949554	0.42862916	0.63620174	0.9016915978332832	0.1964051479098377	ENSG00000182983.15	ZNF662	False
ENST00000452556	50.724266	3.0273163	3.4559064	0.42859006	0.4995497	0.8548764927378353	0.3014213088852516	ENSG00000144451.20	SPAG16	False
ENST00000441174	308.42377	5.7055626	6.1341133	0.42855072	0.24939801	0.8093544299533921	0.6031070196741188	ENSG00000154144.13	TBRG1	False
ENST00000310053	21.246525	1.0445532	1.4730889	0.4285357	0.5909261	0.8843425619428408	0.22846681979912722	ENSG00000071794.16	HLTF	False
ENST00000485938	345.775	5.8253765	6.253806	0.4284296	0.24986471	0.8093544299533921	0.6022950736475596	ENSG00000102805.16	CLN5	False
ENST00000479991	8.6	0.92662555	1.355043	0.4284175	0.55300987	0.8715539528845245	0.2572671192638491	ENSG00000242732.6	RTL5	False
ENST00000667857	101.790665	3.4656641	3.894001	0.42833686	0.66923434	0.9127366894097521	0.1744217854293084	ENSG00000005483.23	KMT2E	False
ENST00000492097	33.89888	2.5344293	2.9627624	0.42833304	0.48470515	0.8524943649695848	0.3145223657527246	ENSG00000175066.16	GK5	False
ENST00000642478	5.71556	0.55616695	0.9844432	0.42827624	0.37427408	0.8216366408512873	0.42681025426626823	ENSG00000184154.16	LRRC51	True
ENST00000643159	8.234996	0.88943595	1.3175948	0.42815882	0.66201746	0.9104548772915186	0.1791305533159524	ENSG00000136104.22	RNASEH2B	False
ENST00000367837	342.5816	5.5298743	5.9579735	0.42809916	0.34161094	0.81719736681995	0.46646823174213675	ENSG00000112339.15	HBS1L	False
ENST00000490721	7.47864	0.9321011	1.3601618	0.4280607	0.67873675	0.9157831829030997	0.16829863778632226	ENSG00000078487.18	ZCWPW1	False
ENST00000310256	30.198975	2.2764623	2.7044334	0.42797112	0.5538651	0.8719450963276997	0.2565960191548268	ENSG00000173409.14	ARV1	False
ENST00000579016	54.314552	3.0154161	3.4433036	0.42788744	0.4814456	0.8508696399096464	0.3174527685266452	ENSG00000167280.17	ENGASE	False
ENST00000684484	5988.418	9.753281	10.181168	0.42788696	0.22784017	0.8093544299533921	0.6423697034962133	ENSG00000173212.5	MAB21L3	False
ENST00000613938	12.109675	1.4751954	1.9030225	0.42782712	0.63505524	0.9016178897355179	0.19718849343668451	ENSG00000166024.14	R3HCC1L	False
ENST00000359060	243.45706	5.3097587	5.737548	0.4277892	0.2207598	0.8093544299533921	0.6560800196362995	ENSG00000160075.12	SSU72	False
ENST00000162391	57.9	3.4837284	3.9114866	0.42775822	0.2509093	0.8093544299533921	0.6004832435032919	ENSG00000065970.9	FOXJ2	False
ENST00000307271	132.0	4.739456	5.167048	0.4275918	0.13885494	0.8093544299533921	0.8574386781209923	ENSG00000171115.4	GIMAP8	False
ENST00000382240	10.999285	1.1583004	1.585856	0.42755556	0.6014641	0.888250341980818	0.22079029483130175	ENSG00000127564.17	PKMYT1	False
ENST00000677302	240.14108	5.311221	5.7387486	0.42752743	0.21430138	0.8093544299533921	0.6689750372928971	ENSG00000079785.16	DDX1	False
ENST00000651580	13.969427	1.6026729	2.0301669	0.42749393	0.41644093	0.8360430631283409	0.3804465882111216	ENSG00000128656.15	CHN1	False
ENST00000375650	43.159668	2.927062	3.354417	0.42735505	0.31131428	0.8118754707110037	0.5068009510549577	ENSG00000204388.7	HSPA1B	False
ENST00000704369	80.39183	2.5760853	3.0033662	0.4272809	0.76730424	0.9414816663086462	0.11503240101306995	ENSG00000182504.12	CEP97	False
ENST00000303538	220.58125	5.2774878	5.7047386	0.42725086	0.16125314	0.8093544299533921	0.7924918214946821	ENSG00000121892.15	PDS5A	False
ENST00000407464	169.4	4.9000616	5.327202	0.42714024	0.14896278	0.8093544299533921	0.8269222288891801	ENSG00000169635.10	HIC2	False
ENST00000475252	8.13778	0.97051364	1.3976251	0.42711145	0.5392786	0.8676608670891853	0.26818679202829	ENSG00000188649.16	CC2D2B	True
ENST00000483273	101.206436	3.7320042	4.159107	0.42710304	0.5410111	0.8677958347030249	0.2667938282977228	ENSG00000233954.7	UQCRHL	True
ENST00000512160	67.758446	2.795812	3.2226615	0.4268496	0.67289174	0.9141728887441399	0.1720548053552045	ENSG00000164211.13	STARD4	True
ENST00000334197	177.05139	5.0025706	5.429372	0.4268012	0.18932118	0.8093544299533921	0.7228008082979219	ENSG00000197937.13	ZNF347	False
ENST00000323646	46.51246	2.6337233	3.0603356	0.42661238	0.7138776	0.9257062139447186	0.1463762339478428	ENSG00000176485.14	PLAAT3	False
ENST00000389826	169.82085	4.413057	4.839592	0.42653513	0.65693015	0.909025341524586	0.1824808065279949	ENSG00000163412.13	EIF4E3	True
ENST00000437654	11.98206	1.0803531	1.5068673	0.42651415	0.5464014	0.8693177891645862	0.2624882112777301	ENSG00000125347.15	IRF1	False
ENST00000414284	16.99683	1.8164514	2.242875	0.42642367	0.47490045	0.8500118764885034	0.32339741497809577	ENSG00000076944.18	STXBP2	False
ENST00000455662	724.0864	6.719166	7.145429	0.42626333	0.34259972	0.81719736681995	0.4652129966113677	ENSG00000124357.13	NAGK	False
ENST00000374283	79.54387	3.4388921	3.865093	0.42620087	0.6288238	0.8998400021113475	0.20147101770237907	ENSG00000165181.17	SHOC1	False
ENST00000374724	21.29338	1.8234631	2.2495513	0.4260882	0.57917607	0.8799660572403326	0.23718939159230826	ENSG00000070214.17	SLC44A1	False
ENST00000367405	18.196426	1.6108742	2.0368416	0.42596745	0.6242609	0.8979248084800966	0.20463386417422536	ENSG00000177888.8	ZBTB41	False
ENST00000315286	90.69386	3.7020938	4.1280036	0.42590976	0.6429783	0.9036380088385125	0.19180367676802237	ENSG00000180329.14	CCDC43	False
ENST00000696221	60.06953	2.458801	2.8846748	0.42587376	0.74023825	0.9345775597603275	0.1306284779661455	ENSG00000093072.19	ADA2	False
ENST00000283172	11.774088	1.2359724	1.6615765	0.4256041	0.48580375	0.8529381765683051	0.31353913432164937	ENSG00000153179.14	RASSF3	True
ENST00000544450	239.15605	5.4987626	5.9242735	0.42551088	0.160667	0.8093544299533921	0.7940733095061727	ENSG00000196405.13	EVL	False
ENST00000690283	12.851999	1.5214883	1.9469395	0.42545116	0.49265188	0.8537766521893764	0.30745985575508794	ENSG00000165678.22	GHITM	False
ENST00000691609	12.851999	1.5214883	1.9469395	0.42545116	0.49265188	0.8537766521893764	0.30745985575508794	ENSG00000165678.22	GHITM	False
ENST00000507141	21.953302	1.9356409	2.3610163	0.42537534	0.56572044	0.8756247794447481	0.2473981303174275	ENSG00000113389.16	NPR3	True
ENST00000435417	16.81646	0.9335747	1.3588802	0.4253055	0.70736104	0.9234034770961242	0.1503588623801474	ENSG00000163703.20	CRELD1	False
ENST00000369485	62.155495	2.8881896	3.3134675	0.42527795	0.64339083	0.9038483882924705	0.19152513029696558	ENSG00000111880.16	RNGTT	False
ENST00000366910	535.6074	6.363144	6.788258	0.42511415	0.2923508	0.8111088466013822	0.534095715120257	ENSG00000186205.14	MTARC1	False
ENST00000255495	4.18054	0.76418155	1.1892738	0.42509228	0.6458811	0.9049129263557762	0.18984741272795738	ENSG00000133131.15	MORC4	False
ENST00000585098	85.65777	3.8533108	4.2783475	0.42503667	0.3290903	0.8142173533113395	0.48268492209640196	ENSG00000166579.16	NDEL1	True
ENST00000337432	213.74142	5.0786405	5.5034337	0.42479324	0.42516774	0.8386257816677516	0.37143969602047183	ENSG00000108384.16	RAD51C	False
ENST00000583540	105.64939	3.861674	4.2864475	0.42477345	0.5637552	0.875047650343476	0.24890942827312013	ENSG00000189152.12	GRAPL	False
ENST00000389709	86.56542	3.4036198	3.8283355	0.42471576	0.6135528	0.8930687559101305	0.21214805141010545	ENSG00000070476.15	ZXDC	False
ENST00000611196	8.43748	1.1062931	1.5309055	0.4246124	0.5558572	0.8725429329491033	0.2550367789802815	ENSG00000197253.14	TPSB2	False
ENST00000433283	9.148632	0.879159	1.3035178	0.42435884	0.6004163	0.8874951743413665	0.22154752417649717	ENSG00000151779.14	NBAS	False
ENST00000685348	589.8244	5.7048125	6.129066	0.42425346	0.7374222	0.93417747534728	0.13228377574640274	ENSG00000132155.14	RAF1	False
ENST00000261879	56.221313	2.8939984	3.3182452	0.4242468	0.5926862	0.8847708896745496	0.22717520204497146	ENSG00000138613.14	APH1B	False
ENST00000431549	11.691439	1.1941351	1.6183785	0.42424345	0.40410638	0.8303453948335059	0.3935042944484542	ENSG00000280571.2	ENSG00000280571	False
ENST00000561609	10.73741	1.0219845	1.4460483	0.4240638	0.67000514	0.9130654593182218	0.17392186381741942	ENSG00000067225.21	PKM	False
ENST00000435406	213.1634	5.1048403	5.5288687	0.4240284	0.31586277	0.8118754707110037	0.5005015536779369	ENSG00000135506.17	OS9	False
ENST00000521450	11.604666	1.4052442	1.8292356	0.42399132	0.65132886	0.9064197091743617	0.18619967692317899	ENSG00000155508.14	CNOT8	False
ENST00000361114	43.769703	2.810397	3.2342825	0.42388558	0.587206	0.8826128203198247	0.231209511026112	ENSG00000107745.20	MICU1	False
ENST00000400191	5.928959	0.6207697	1.0446409	0.42387122	0.6231825	0.8975811763367424	0.20538476790227486	ENSG00000133216.17	EPHB2	False
ENST00000656437	39.242283	2.5245306	2.9481125	0.42358184	0.6329771	0.9007526731184061	0.198611982479189	ENSG00000142599.20	RERE	False
ENST00000402905	18.330952	0.87487584	1.2982448	0.423369	0.6814125	0.9165294746754324	0.16658989240153724	ENSG00000138380.18	CARF	False
ENST00000651144	37.3	2.8025541	3.2258692	0.42331505	0.4273619	0.8400203226575309	0.3692041928317467	ENSG00000102145.16	GATA1	False
ENST00000430246	54.500664	3.2064285	3.6296592	0.42323065	0.45545763	0.8473426594424552	0.3415520201843138	ENSG00000092199.19	HNRNPC	False
ENST00000574974	45.944805	2.3994467	2.8226671	0.4232204	0.7481797	0.9359809173951809	0.1259940944872215	ENSG00000141837.23	CACNA1A	False
ENST00000247843	44.767746	2.4293015	2.8524342	0.42313266	0.66671836	0.9122750422026159	0.17605758271660443	ENSG00000127337.7	YEATS4	False
ENST00000258613	15.299754	1.2870933	1.7102206	0.4231273	0.58496386	0.8819641855083519	0.23287096588471756	ENSG00000136114.17	THSD1	False
ENST00000415609	18.185667	1.6214126	2.0444725	0.42305982	0.7019868	0.9220740915045561	0.15367106053816187	ENSG00000144744.18	UBA3	False
ENST00000326648	212.20499	5.169361	5.5923705	0.4230094	0.44102412	0.8446156514523803	0.3555376533806901	ENSG00000180357.10	ZNF609	False
ENST00000505184	170.63281	4.909533	5.3324757	0.42294264	0.46042678	0.8481416265840513	0.3368394265142703	ENSG00000168785.8	TSPAN5	False
ENST00000714172	45.292732	1.8497692	2.2726908	0.42292154	0.7226687	0.9286770851316982	0.14106075047147537	ENSG00000010704.20	HFE	False
ENST00000407552	62.886272	3.4248598	3.8473926	0.4225328	0.530686	0.8648242843919811	0.27516235225599966	ENSG00000068903.21	SIRT2	True
ENST00000454076	24.705807	2.0346105	2.4571257	0.42251515	0.70216966	0.9221026914234706	0.1535579418732716	ENSG00000067829.20	IDH3G	False
ENST00000548553	56.841633	2.9388478	3.3613598	0.42251205	0.5981514	0.8869755502331795	0.22318888676379162	ENSG00000185432.12	TMT1A	False
ENST00000528021	13.626677	1.593974	2.016478	0.42250407	0.5603433	0.8737130051602651	0.25154579705595287	ENSG00000204370.14	SDHD	True
ENST00000639049	16.667995	1.6586941	2.0811763	0.42248213	0.61203086	0.8924767740121592	0.21322667650883645	ENSG00000112425.16	EPM2A	False
ENST00000566586	373.59888	6.1059356	6.5284076	0.422472	0.025281075	0.8093544299533921	1.597204456290569	ENSG00000174197.19	MGA	False
ENST00000479870	125.47359	4.6263585	5.0487866	0.42242813	0.39845094	0.8298121044971967	0.39962514335410054	ENSG00000198420.10	TCAF1	False
ENST00000571133	527.32336	6.5168633	6.9392595	0.42239618	0.049493283	0.8093544299533921	1.3054537372175963	ENSG00000171490.13	RSL1D1	False
ENST00000325844	105.48511	4.329205	4.7515736	0.42236853	0.05335832	0.8093544299533921	1.272797851551393	ENSG00000181991.16	MRPS11	False
ENST00000613904	58.877758	3.0396702	3.4619892	0.42231894	0.6019507	0.8884027676839197	0.2204390725307512	ENSG00000129696.13	TTI2	False
ENST00000528718	320.5	5.669026	6.091328	0.42230225	0.38950533	0.8261736231304877	0.4094865986810229	ENSG00000185000.12	DGAT1	False
ENST00000401095	12.0	1.2781347	1.7003777	0.422243	0.42808965	0.8406951956600023	0.3684652735908649	ENSG00000215912.13	TTC34	False
ENST00000611176	13.195186	1.2621247	1.6843276	0.42220294	0.73126626	0.9323969370757086	0.13592446400221156	ENSG00000269335.7	IKBKG	False
ENST00000476287	41.61503	2.6122944	3.0344672	0.42217278	0.59535265	0.8857731799485989	0.2252257091529202	ENSG00000112584.14	FAM120B	False
ENST00000503197	406.1234	5.367766	5.7899094	0.42214346	0.751934	0.9367761286654671	0.12382028202523207	ENSG00000129071.10	MBD4	False
ENST00000366528	101.77165	4.1215367	4.5433674	0.42183065	0.18966362	0.8093544299533921	0.7220159673105158	ENSG00000203667.10	COX20	False
ENST00000371505	48.654736	3.0348141	3.4566224	0.42180824	0.42014277	0.8374027596300101	0.3766031057780201	ENSG00000146221.10	TCTE1	False
ENST00000377685	146.17996	4.7537236	5.1755233	0.42179966	0.1859764	0.8093544299533921	0.7305421610408084	ENSG00000174437.18	ATP2A2	True
ENST00000696123	21.914272	1.6236315	2.045367	0.42173553	0.5911147	0.8843425619428408	0.22832824048150713	ENSG00000126768.13	TIMM17B	False
ENST00000338352	56.414356	2.8325803	3.2541726	0.42159224	0.63557154	0.9016400598756685	0.19683555853419746	ENSG00000189401.3	OTUD6A	False
ENST00000394709	93.56935	3.757151	4.178673	0.4215219	0.47029936	0.8496539504698483	0.32762560936062174	ENSG00000126803.10	HSPA2	False
ENST00000613922	18.8	1.6784164	2.0999138	0.42149746	0.599274	0.8872137205946347	0.22237457885905726	ENSG00000277632.2	CCL3	False
ENST00000683046	178.7782	4.582142	5.0035906	0.4214487	0.5188378	0.8594868130311181	0.2849683828460295	ENSG00000186314.12	PRELID2	False
ENST00000692419	18.848648	1.0832132	1.5044744	0.4212612	0.63356405	0.9008682131522836	0.19820947026445315	ENSG00000134313.17	KIDINS220	False
ENST00000523628	29.09342	1.8436273	2.2648816	0.42125428	0.64016473	0.9030378888992515	0.1937082550816958	ENSG00000196591.12	HDAC2	False
ENST00000596002	22.815052	1.8543777	2.275631	0.4212532	0.53243953	0.865635036834895	0.2737297086851436	ENSG00000167775.11	CD320	False
ENST00000560055	121.94966	4.2061286	4.627243	0.42111444	0.6317098	0.9002255149083827	0.1994823759724097	ENSG00000108107.15	RPL28	False
ENST00000339474	8.958505	1.1924464	1.61334	0.42089367	0.61093277	0.8922290531111089	0.21400658085006946	ENSG00000176809.11	LRRC37A3	False
ENST00000681537	491.39542	6.46109	6.8819714	0.42088127	0.17439966	0.8093544299533921	0.7584543684759169	ENSG00000165280.18	VCP	False
ENST00000359271	24.50333	2.0520663	2.4728878	0.42082143	0.46797132	0.8496539504698483	0.3297807576315681	ENSG00000197496.6	SLC2A10	False
ENST00000509756	15.762464	1.4989476	1.9197412	0.42079353	0.57594097	0.8786354755309875	0.23962202906131108	ENSG00000163281.12	GNPDA2	False
ENST00000556977	24.042105	2.156613	2.5773578	0.42074466	0.5506719	0.8700738757342981	0.25910710372050105	ENSG00000119685.20	TTLL5	False
ENST00000317697	412.26068	6.0425167	6.46324	0.42072344	0.15772758	0.8093544299533921	0.8020923482890563	ENSG00000177981.11	ASB8	False
ENST00000518597	235.31216	3.9815147	4.4021974	0.42068267	0.83700895	0.96299534456408	0.07726989653632896	ENSG00000183808.12	RBM12B	False
ENST00000395525	56.159798	1.2442483	1.6648222	0.42057395	0.83002126	0.9617724706824102	0.08091078241386923	ENSG00000128487.19	SPECC1	False
ENST00000409060	33.75737	2.2681234	2.688517	0.4203937	0.4652656	0.8492019855291293	0.33229905464229953	ENSG00000124641.16	MED20	True
ENST00000456894	16.894966	1.0636365	1.4839499	0.42031336	0.6801596	0.9162654157923604	0.16738914965592608	ENSG00000100242.16	SUN2	False
ENST00000219481	4.1961403	0.4020623	0.8220606	0.4199983	0.5115602	0.8572896379232406	0.2911032501166258	ENSG00000242612.7	DECR2	False
ENST00000649364	8.698984	1.1483003	1.5681326	0.41983235	0.55868906	0.8733180686281294	0.2528298344066007	ENSG00000161202.20	DVL3	False
ENST00000545121	65.5079	2.9224036	3.3421774	0.41977382	0.64062214	0.9030378888992515	0.19339805682201158	ENSG00000134255.16	CEPT1	False
ENST00000339463	35.90151	2.8026307	3.2222862	0.41965556	0.5410452	0.8677958347030249	0.2667664604535458	ENSG00000165702.15	GFI1B	False
ENST00000613039	60.60092	3.4586742	3.8782706	0.41959643	0.2547762	0.8093544299533921	0.5938411278474283	ENSG00000171643.14	S100Z	True
ENST00000267615	654.40607	6.6701374	7.089174	0.4190364	0.38871226	0.8259378738446596	0.41037176467538145	ENSG00000100605.17	ITPK1	False
ENST00000637012	35.748978	2.8336904	3.2526147	0.41892433	0.3159873	0.8118754707110037	0.5003303871571998	ENSG00000274386.6	TMEM269	False
ENST00000511437	6.9403687	0.77991456	1.1988331	0.41891855	0.5173213	0.8587697515903885	0.2862396493213552	ENSG00000150756.14	ATPSCKMT	False
ENST00000533632	345.7	5.8262963	6.245059	0.41876268	0.3537	0.8173803121090482	0.4513649254894544	ENSG00000196655.12	TRAPPC4	False
ENST00000589017	98.41696	3.5719736	3.9907355	0.41876197	0.66400385	0.9108538474750388	0.17782940315089002	ENSG00000108946.17	PRKAR1A	False
ENST00000392663	202.53568	4.938823	5.357399	0.41857576	0.43901077	0.843416202945035	0.3575248261910269	ENSG00000163093.12	BBS5	False
ENST00000374900	9.8	1.1016935	1.5200601	0.41836655	0.65266496	0.9067753778781373	0.18530970327521715	ENSG00000165591.7	FAAH2	False
ENST00000356189	348.20312	5.778082	6.1964307	0.4183488	0.3279785	0.8142173533113395	0.48415463557542354	ENSG00000176244.7	ACBD7	False
ENST00000633239	50.0751	2.685192	3.1035118	0.4183197	0.69853866	0.9212025833663481	0.15580955261969892	ENSG00000187017.18	ESPN	False
ENST00000519725	35.20037	2.3115203	2.7298393	0.418319	0.49954087	0.8548764927378353	0.30142897810663055	ENSG00000132554.21	RGS22	False
ENST00000398399	53.960327	3.1381028	3.5563223	0.41821957	0.47811043	0.8504371505934152	0.3204717796634308	ENSG00000206538.9	VGLL3	False
ENST00000612287	18.783459	2.1997204	2.6177666	0.41804624	0.23826864	0.8093544299533921	0.6229331074641232	ENSG00000138658.16	ZGRF1	False
ENST00000324170	40.938908	2.3315535	2.7495255	0.4179721	0.6452861	0.9048042904464558	0.19024770114936146	ENSG00000155329.12	ZCCHC10	False
ENST00000648772	68.42275	3.00758	3.4254735	0.4178934	0.6537503	0.9073302006622772	0.18458809856023284	ENSG00000121060.19	TRIM25	False
ENST00000371998	10.592949	1.6253313	2.0432076	0.41787636	0.3039366	0.8118754707110037	0.5172169981153201	ENSG00000124151.19	NCOA3	False
ENST00000556243	9.927482	1.1108993	1.5287653	0.417866	0.62407756	0.8979233606519958	0.20476143412680284	ENSG00000131966.14	ACTR10	False
ENST00000409825	57.159595	3.126007	3.543864	0.41785693	0.6568227	0.909001728958572	0.1825518585553191	ENSG00000068724.18	TTC7A	True
ENST00000273075	248.95068	5.6247334	6.0424824	0.41774893	0.04164975	0.8093544299533921	1.38038758683944	ENSG00000123992.20	DNPEP	False
ENST00000615216	385.76892	5.9585767	6.376089	0.41751242	0.42502865	0.8384964729269883	0.37158179238369493	ENSG00000177200.18	CHD9	False
ENST00000376585	551.20197	6.4841065	6.901477	0.41737032	0.32309994	0.8140535395798091	0.4906631212666537	ENSG00000177000.13	MTHFR	False
ENST00000699472	473.55536	6.23628	6.6536427	0.4173627	0.29842207	0.8111088466013822	0.525169063868642	ENSG00000175265.19	GOLGA8A	False
ENST00000592148	95.17407	3.9478748	4.3651023	0.4172275	0.4183255	0.836886090598871	0.3784856470656614	ENSG00000182534.14	MXRA7	False
ENST00000495350	299.67392	5.685856	6.1030464	0.41719055	0.08549107	0.8093544299533921	1.0680792540876975	ENSG00000108468.15	CBX1	False
ENST00000524189	31.106445	2.5360765	2.9531872	0.41711068	0.43468985	0.842654100473947	0.36182050084348655	ENSG00000197892.13	KIF13B	False
ENST00000285681	224.47754	5.171299	5.58829	0.41699123	0.45583755	0.8473426594424552	0.3411899044262839	ENSG00000155313.16	USP25	False
ENST00000715548	48.346737	2.8005161	3.2174697	0.41695356	0.57185376	0.8771552891618881	0.2427150213640618	ENSG00000148408.15	CACNA1B	False
ENST00000685175	94.80966	4.0252657	4.4419994	0.41673374	0.37559995	0.8222637715654749	0.42527447358111503	ENSG00000092931.12	MFSD11	False
ENST00000498306	14.185338	1.3770617	1.7937557	0.41669393	0.6784894	0.9156795930024131	0.16845694120693183	ENSG00000143207.21	COP1	False
ENST00000420696	96.88479	4.168035	4.58471	0.4166751	0.4670569	0.8496539504698483	0.33063020730360826	ENSG00000185630.20	PBX1	False
ENST00000652601	78.1271	3.426448	3.842876	0.41642785	0.5150238	0.8587509528528511	0.28817267788052997	ENSG00000142166.15	IFNAR1	False
ENST00000651642	28.513605	2.3972845	2.813668	0.4163835	0.58814484	0.882656172273764	0.2305157097232351	ENSG00000165392.11	WRN	False
ENST00000357790	39.27718	2.573067	2.989413	0.41634607	0.5410471	0.8677958347030249	0.2667649294362792	ENSG00000137818.12	RPLP1	False
ENST00000370490	97.12489	3.9462671	4.362605	0.41633797	0.30071634	0.8118754707110037	0.5218429722508676	ENSG00000185985.11	SLITRK2	False
ENST00000672709	4.845626	0.4423158	0.85847867	0.41616288	0.52351725	0.8618517854807809	0.2810690028159791	ENSG00000072210.19	ALDH3A2	False
ENST00000467062	17.959845	1.8439374	2.2600157	0.41607833	0.37660223	0.8226842929596185	0.4241171098622689	ENSG00000164975.16	SNAPC3	False
ENST00000613167	559.1825	6.5286293	6.9446588	0.41602945	0.20280471	0.8093544299533921	0.6929219535199461	ENSG00000102934.10	PLLP	False
ENST00000559963	32.697495	1.8738447	2.2898326	0.41598785	0.6017492	0.8883553108898068	0.22058449160185592	ENSG00000156958.15	GALK2	True
ENST00000302558	26.42958	1.3793811	1.7951472	0.41576612	0.7709076	0.9426301048560082	0.1129976835982939	ENSG00000169629.12	RGPD8	False
ENST00000691515	28.023937	2.422912	2.838446	0.41553402	0.29178533	0.8111088466013822	0.5349365474065331	ENSG00000273841.6	TAF9	False
ENST00000694989	51.95045	3.1973143	3.6128287	0.41551447	0.46943384	0.8496539504698483	0.32842560291070144	ENSG00000113048.19	MRPS27	False
ENST00000370336	38.5	2.2295356	2.6450107	0.41547513	0.58892703	0.8832368248660645	0.2299385119817406	ENSG00000080007.8	DDX43	False
ENST00000216237	61.411522	3.307718	3.7231379	0.41541982	0.4907676	0.8537766521893764	0.30912411833346937	ENSG00000100395.15	L3MBTL2	False
ENST00000376200	18.844442	2.3195977	2.734917	0.4153192	0.33546272	0.8158433703746901	0.4743557370284174	ENSG00000102452.18	NALCN	False
ENST00000460717	66.079895	3.2665493	3.6816819	0.41513252	0.5969058	0.8865304657230172	0.22409418112103444	ENSG00000213366.13	GSTM2	False
ENST00000327042	27.3	2.3668478	2.7819328	0.41508508	0.5565102	0.8725573307226513	0.254526863454783	ENSG00000180089.6	TMEM86B	False
ENST00000641592	26.749268	2.1513627	2.566264	0.41490126	0.46194515	0.8481416265840513	0.3354095916817816	ENSG00000221858.3	OR2A12	False
ENST00000259467	61.471214	3.2375352	3.652265	0.41472983	0.51048374	0.856842337601094	0.2920180850682475	ENSG00000136940.14	PDCL	False
ENST00000373493	521.55347	6.433296	6.848019	0.41472292	0.092162415	0.8093544299533921	1.0354461518165001	ENSG00000162521.19	RBBP4	False
ENST00000554659	104.33592	4.407492	4.8222117	0.41471958	0.06201498	0.8093544299533921	1.2075034033773155	ENSG00000100568.11	VTI1B	False
ENST00000268668	116.549095	3.5228472	3.9375591	0.41471195	0.66907674	0.9127366894097521	0.1745240673303971	ENSG00000140990.15	NDUFB10	False
ENST00000463916	11.905873	1.3529965	1.7676799	0.41468346	0.68233854	0.9166447384470666	0.16600010079033065	ENSG00000114127.11	XRN1	False
ENST00000415803	20.13132	2.1188118	2.5333664	0.4145546	0.37777972	0.8230751633283137	0.42276135707332263	ENSG00000164542.13	MATCAP2	False
ENST00000514543	435.809	6.389305	6.803537	0.41423178	0.12054566	0.8093544299533921	0.9188484102994291	ENSG00000145216.17	FIP1L1	False
ENST00000230538	29.651438	2.5116446	2.9258008	0.4141562	0.55105567	0.8702473315036294	0.25880452481615573	ENSG00000112769.20	LAMA4	False
ENST00000297258	80.7	3.266055	3.6801534	0.41409826	0.64416474	0.9043177692507586	0.19100305038120144	ENSG00000164687.11	FABP5	False
ENST00000274192	780.129	6.897194	7.3112793	0.4140854	0.46068567	0.8481416265840513	0.33659529626369517	ENSG00000145545.13	SRD5A1	False
ENST00000356725	69.32731	3.6996105	4.113679	0.41406846	0.33061898	0.8142173533113395	0.4806722215230024	ENSG00000197863.9	ZNF790	False
ENST00000414255	15.937553	1.4963979	1.9102335	0.41383564	0.49467635	0.8537766521893764	0.30567885098214487	ENSG00000171295.13	ZNF440	False
ENST00000378962	356.2169	5.6835685	6.097208	0.41363955	0.44674563	0.8459831455694948	0.34993968304094736	ENSG00000120280.6	TASL	False
ENST00000425562	558.63275	6.4928737	6.9064264	0.41355276	0.33540857	0.8158433703746901	0.47442584705609814	ENSG00000186001.14	LRCH3	False
ENST00000630925	239.837	4.5965314	5.0098867	0.41335535	0.67091614	0.9132738921569098	0.1733317602732597	ENSG00000137575.12	SDCBP	False
ENST00000396591	13.248546	1.4573345	1.8706691	0.4133346	0.4440616	0.8455994575468359	0.35255677363031446	ENSG00000145740.20	SLC30A5	False
ENST00000682957	17.22966	1.5587257	1.9720346	0.41330886	0.46573806	0.8494197755236921	0.33185827195939605	ENSG00000163359.17	COL6A3	False
ENST00000382093	126.96281	4.4755282	4.888832	0.41330385	0.31845772	0.8118754707110037	0.496948214922011	ENSG00000182551.14	ADI1	False
ENST00000586242	188.10277	4.8756804	5.2889376	0.41325712	0.54072714	0.8677958347030249	0.26702183309979177	ENSG00000030582.19	GRN	False
ENST00000244869	82.15452	3.4125822	3.8258376	0.41325545	0.6691485	0.9127366894097521	0.17447748816744282	ENSG00000124882.4	EREG	False
ENST00000373537	65.899376	3.3955753	3.8084235	0.41284823	0.5234832	0.8618517854807809	0.2810972375462812	ENSG00000166619.15	BLCAP	False
ENST00000397080	38.05874	2.3125803	2.7254233	0.412843	0.55942136	0.8736187755043462	0.2522609548987015	ENSG00000151881.15	TMEM267	False
ENST00000681820	24.534077	2.1707048	2.583539	0.41283417	0.5433118	0.8685822893933551	0.26495088277200635	ENSG00000043143.22	JADE2	False
ENST00000673623	226.139	5.2402587	5.65307	0.41281128	0.19502628	0.8093544299533921	0.7099068663975192	ENSG00000158473.8	CD1D	False
ENST00000302516	385.07162	6.0533276	6.466074	0.41274643	0.23869339	0.8093544299533921	0.6221596141986426	ENSG00000189091.13	SF3B3	False
ENST00000612655	475.93036	6.4804654	6.8931184	0.41265297	0.08844167	0.8093544299533921	1.053343065739502	ENSG00000099817.12	POLR2E	False
ENST00000331426	230.83499	5.3230124	5.7356234	0.412611	0.104334	0.8093544299533921	0.9815741555709585	ENSG00000184898.7	RBM43	False
ENST00000698999	53.907562	3.2266006	3.6390514	0.4124508	0.5737533	0.87762699845426	0.24127480558077785	ENSG00000228836.9	CT45A5	False
ENST00000356079	1454.9624	7.926546	8.338886	0.41234016	0.08369317	0.8093544299533921	1.0773099871889908	ENSG00000119004.17	CYP20A1	False
ENST00000560440	204.90694	5.13102	5.543332	0.41231203	0.30330274	0.8118754707110037	0.5181236733383645	ENSG00000136381.13	IREB2	False
ENST00000425006	13.587621	1.1114687	1.5237048	0.4122361	0.7031942	0.922182151926897	0.15292471940087393	ENSG00000189068.11	VSTM1	True
ENST00000374274	65.3	3.2774904	3.6896544	0.41216397	0.57094264	0.8770132194562891	0.24340752091441378	ENSG00000147164.12	SNX12	False
ENST00000518240	243.69543	5.4403706	5.852505	0.41213465	0.16504128	0.8093544299533921	0.782407409495168	ENSG00000147364.17	FBXO25	False
ENST00000433183	5.9	0.8162959	1.2284024	0.41210645	0.64161986	0.9032807118165814	0.1927222010769159	ENSG00000184792.16	OSBP2	False
ENST00000396373	377.00458	5.803825	6.215517	0.41169214	0.35471115	0.8173803121090482	0.4501251656116015	ENSG00000139083.11	ETV6	False
ENST00000367103	196.25113	5.0965095	5.5081587	0.41164923	0.19105905	0.8093544299533921	0.7188323793283289	ENSG00000162889.11	MAPKAPK2	False
ENST00000422581	6.341177	0.5582088	0.9697244	0.4115156	0.47708747	0.8504371505934152	0.32140199130003766	ENSG00000147535.17	PLPP5	False
ENST00000311044	42.20687	2.6105773	3.0220323	0.41145492	0.5688013	0.876453437893594	0.2450394320349363	ENSG00000174586.11	ZNF497	False
ENST00000618147	317.52722	5.6181984	6.029645	0.41144657	0.36419627	0.8185742609699567	0.43866450560548487	ENSG00000179059.10	ZFP42	False
ENST00000572628	21.144718	1.8186294	2.2300715	0.41144216	0.5163698	0.8587697515903885	0.28703914895084826	ENSG00000099385.12	BCL7C	False
ENST00000683652	81.93529	3.2484372	3.6597238	0.4112866	0.6690062	0.9127366894097521	0.17456983893239508	ENSG00000153029.16	MR1	False
ENST00000424479	47.391457	3.35612	3.767196	0.41107583	0.34164375	0.81719736681995	0.4664265189641582	ENSG00000147535.17	PLPP5	False
ENST00000548358	34.873432	2.6359255	3.0469732	0.4110477	0.57028544	0.8768692392893742	0.2439077166654992	ENSG00000139266.6	MARCHF9	False
ENST00000589054	25.443829	1.7119092	2.122916	0.4110068	0.72166586	0.9285152025899402	0.1416638399454473	ENSG00000049759.20	NEDD4L	True
ENST00000637228	137.10002	4.3201137	4.731058	0.41094446	0.610678	0.8921062708611095	0.214187713223182	ENSG00000185271.9	KLHL33	False
ENST00000280612	45.916607	2.8339462	3.2448447	0.41089845	0.5618671	0.8742763649491251	0.2503663833533284	ENSG00000151012.13	SLC7A11	False
ENST00000320623	18.10206	1.6352534	2.0460315	0.41077805	0.673935	0.9142573016579576	0.17138199097851312	ENSG00000181019.13	NQO1	False
ENST00000256545	103.2	4.1289954	4.5396976	0.41070223	0.28344637	0.8103610639894862	0.5475290981141291	ENSG00000134153.10	EMC7	False
ENST00000554752	51.78649	3.0707324	3.4810584	0.410326	0.54457235	0.8692662506126195	0.2639444105293793	ENSG00000006432.16	MAP3K9	False
ENST00000355754	774.0127	7.1804085	7.590726	0.41031742	0.4730962	0.8499990726699249	0.32505054772572733	ENSG00000162654.9	GBP4	False
ENST00000533783	16.077961	1.6206874	2.030791	0.41010368	0.454063	0.8472077019271466	0.3428838874210279	ENSG00000129170.10	CSRP3	False
ENST00000397064	10.790904	1.430744	1.8408451	0.41010106	0.6420438	0.9034944865138398	0.19243532391307736	ENSG00000218739.10	CEBPZOS	False
ENST00000398897	10.2	0.9441531	1.3542455	0.41009247	0.55403	0.8719910230509131	0.25646671724454806	ENSG00000157554.20	ERG	False
ENST00000325327	43.6	2.8838413	3.2938626	0.4100213	0.2610973	0.8093544299533921	0.583197599264969	ENSG00000176619.13	LMNB2	False
ENST00000693754	19.935575	1.781195	2.1910224	0.40982735	0.79218006	0.9502251718469603	0.10117609270532259	ENSG00000125037.13	EMC3	False
ENST00000546206	311.3012	5.797959	6.2076087	0.40964985	0.26326433	0.8093544299533921	0.5796079828896199	ENSG00000170540.15	ARL6IP1	False
ENST00000586536	112.9	4.2996583	4.7091804	0.40952206	0.282249	0.8102614157364052	0.5493675824786729	ENSG00000168101.15	NUDT16L1	False
ENST00000585026	8.691946	1.0286453	1.4379824	0.40933716	0.58531547	0.8819641855083519	0.23261000026978096	ENSG00000141551.15	CSNK1D	True
ENST00000322564	80.54342	3.7902422	4.1995773	0.40933514	0.23572528	0.8093544299533921	0.6275938330508215	ENSG00000175985.10	PLEKHD1	False
ENST00000515702	32.867516	1.957697	2.3669314	0.4092344	0.60683453	0.8902000191870786	0.2169297144337464	ENSG00000168421.14	RHOH	False
ENST00000641810	58.864502	3.1743352	3.5835369	0.40920162	0.5823088	0.8812301043095568	0.23484662517036167	ENSG00000212807.3	OR2A42	False
ENST00000223369	71.56733	3.5055368	3.9147038	0.40916705	0.6056797	0.8899892143002557	0.2177569885043109	ENSG00000106636.9	YKT6	False
ENST00000261854	900.1966	7.30357	7.7126045	0.40903473	0.12908576	0.8093544299533921	0.8891216495358175	ENSG00000138600.11	SPPL2A	False
ENST00000547986	22.585297	1.134801	1.5438302	0.40902913	0.72965705	0.9317595755864704	0.13688121463881894	ENSG00000184752.14	NDUFA12	False
ENST00000692873	55.638195	2.2551959	2.664202	0.40900612	0.76576555	0.9410582432937948	0.11590417671594863	ENSG00000122483.18	CCDC18	False
ENST00000435630	10.488668	0.96004725	1.36891	0.4088627	0.5847071	0.8819641855083519	0.23306164644206206	ENSG00000182973.20	CNOT10	False
ENST00000288022	146.64398	4.4765267	4.885296	0.40876913	0.43472642	0.842654100473947	0.36178396819006514	ENSG00000258429.2	PDF	False
ENST00000634734	2196.7993	8.447595	8.856315	0.40872002	0.57663417	0.8791592407063943	0.23909962693987113	ENSG00000107262.26	BAG1	False
ENST00000456893	29.931324	2.577512	2.9862232	0.4087112	0.5577828	0.8731262404848221	0.25353485950129184	ENSG00000106245.11	BUD31	False
ENST00000360299	357.4763	5.9428487	6.351552	0.40870333	0.12914957	0.8093544299533921	0.8889070318916844	ENSG00000111540.16	RAB5B	False
ENST00000595851	51.32377	2.9659662	3.3745387	0.40857244	0.5705183	0.8768692392893742	0.24373040925525613	ENSG00000083807.10	SLC27A5	False
ENST00000472454	8.761791	1.2943535	1.7028391	0.40848565	0.6053866	0.8899892143002557	0.21796718559778178	ENSG00000188649.16	CC2D2B	True
ENST00000521344	15.598971	1.1661754	1.5746255	0.40845013	0.58311564	0.881752549212678	0.2342453120293351	ENSG00000168300.14	PCMTD1	False
ENST00000695546	105.52782	4.3380537	4.7464547	0.408401	0.036665156	0.8093544299533921	1.4357464571339162	ENSG00000138750.16	NUP54	False
ENST00000559089	15.847986	1.5828642	1.9912511	0.40838695	0.58793914	0.8826128203198247	0.2306676248567752	ENSG00000246922.10	UBAP1L	False
ENST00000288502	69.45685	3.8660882	4.274138	0.40804982	0.5030595	0.8551707956010974	0.2983806396365261	ENSG00000157693.15	TMEM268	False
ENST00000371610	173.95549	4.9728856	5.3809323	0.40804672	0.17876348	0.8093544299533921	0.7477212019342846	ENSG00000124171.9	PARD6B	False
ENST00000606065	524.4231	5.9941235	6.402157	0.40803337	0.6980157	0.9212025833663481	0.15613481528711012	ENSG00000099804.9	CDC34	False
ENST00000357085	1962.2976	8.396535	8.804523	0.40798855	0.23393977	0.8093544299533921	0.6308959471936437	ENSG00000112343.11	TRIM38	False
ENST00000444096	17.099554	0.8634216	1.2712474	0.40782577	0.70273775	0.922182151926897	0.15320671705008765	ENSG00000137404.15	NRM	False
ENST00000299413	764.6869	7.0725365	7.4801345	0.40759802	0.058368344	0.8093544299533921	1.2338226291621006	ENSG00000166326.7	TRIM44	False
ENST00000607016	1443.8993	7.865831	8.273379	0.40754843	0.17515846	0.8093544299533921	0.7565688917944535	ENSG00000272325.2	NUDT3	False
ENST00000503196	74.20849	1.8625096	2.2700357	0.40752614	0.81593555	0.9578009348644966	0.08834414328526276	ENSG00000118564.15	FBXL5	True
ENST00000673466	181.0137	4.7015343	5.109057	0.40752268	0.39186203	0.8282186175044186	0.40686681071574143	ENSG00000117020.19	AKT3	False
ENST00000329399	41.4	3.056222	3.4637384	0.40751648	0.5387843	0.8673735641566814	0.2685850477146101	ENSG00000107438.9	PDLIM1	False
ENST00000497986	35.262314	2.7043612	3.1118686	0.40750742	0.5524862	0.8710701841073433	0.2576785800463782	ENSG00000130770.18	ATP5IF1	False
ENST00000253048	186.51	4.812045	5.219377	0.40733194	0.41779286	0.836886090598871	0.3790389897391887	ENSG00000130749.10	ZC3H4	False
ENST00000296435	19.145456	1.2243809	1.63165	0.40726912	0.75591105	0.9379412011107189	0.12152930476288684	ENSG00000164047.6	CAMP	False
ENST00000420054	60.57441	3.1896057	3.5968244	0.4072187	0.538458	0.8673735641566814	0.2688481745505092	ENSG00000215883.11	CYB5RL	False
ENST00000450169	78.04668	3.7991228	4.206252	0.4071293	0.25932938	0.8093544299533921	0.5861482805956677	ENSG00000106355.10	LSM5	False
ENST00000495526	97.94087	3.9592483	4.3663673	0.40711904	0.4396437	0.8441046460716138	0.35689913508851	ENSG00000084072.17	PPIE	True
ENST00000259253	455.11752	6.2916985	6.6987677	0.4070692	0.16578639	0.8093544299533921	0.780451136809116	ENSG00000136731.13	UGGT1	False
ENST00000295065	270.18692	5.611646	6.0185223	0.4068761	0.17837979	0.8093544299533921	0.7486543541374694	ENSG00000162959.14	MEMO1	False
ENST00000374787	121.60797	4.626692	5.0335355	0.40684366	0.39830133	0.8298121044971967	0.39978823992343215	ENSG00000136824.19	SMC2	False
ENST00000394427	28.345755	2.3280728	2.7348557	0.40678287	0.43192324	0.8415547706803203	0.3645934273115943	ENSG00000186867.11	QRFPR	False
ENST00000394283	54.318836	2.7453165	3.1520224	0.40670586	0.64297277	0.9036380088385125	0.1918074209152069	ENSG00000112561.19	TFEB	False
ENST00000458013	542.46027	6.33915	6.7458305	0.40668058	0.425881	0.8389266064589959	0.370711736507219	ENSG00000143376.14	SNX27	False
ENST00000627232	21.085487	1.7714752	2.1779685	0.4064933	0.54256666	0.8680718729934456	0.26554689892133604	ENSG00000039650.12	PNKP	False
ENST00000340650	17.153233	1.5401503	1.9463656	0.4062153	0.56241405	0.8744884066712214	0.24994383840492557	ENSG00000187566.6	NHLRC1	False
ENST00000541076	96.704025	4.018167	4.424259	0.40609217	0.36547926	0.8185742609699567	0.4371372622805489	ENSG00000051825.15	MPHOSPH9	False
ENST00000292853	104.00143	4.097261	4.503231	0.4059701	0.5148715	0.8587509528528511	0.2883011657669221	ENSG00000161243.10	FBXO27	False
ENST00000373275	347.6106	5.878055	6.283981	0.40592575	0.35893935	0.8183252159569281	0.4449789284049189	ENSG00000165288.11	BRWD3	False
ENST00000340635	66.1054	3.0335624	3.4394588	0.40589643	0.62172896	0.8967648830813091	0.20639890512357262	ENSG00000113448.21	PDE4D	False
ENST00000675526	934.7855	6.9052434	7.311128	0.40588474	0.4763697	0.8504371505934152	0.3220558620706122	ENSG00000169057.26	MECP2	False
ENST00000695724	42.02995	1.5772442	1.9830718	0.40582764	0.7809314	0.9456684473017747	0.10738710720875747	ENSG00000102245.9	CD40LG	False
ENST00000376810	164.16579	4.7395115	5.1451745	0.405663	0.32420123	0.8142173533113395	0.48918534684147685	ENSG00000120942.14	UBIAD1	False
ENST00000296464	186.06694	4.8681407	5.2737875	0.4056468	0.40626833	0.8315413729275363	0.39118703276826033	ENSG00000164070.12	HSPA4L	False
ENST00000679121	1562.2709	8.194309	8.599943	0.40563393	0.2807586	0.8093544299533921	0.5516669480921184	ENSG00000164733.23	CTSB	False
ENST00000366933	27.248682	2.42706	2.832616	0.4055562	0.20971571	0.8093544299533921	0.6783690367941833	ENSG00000162814.11	SPATA17	False
ENST00000457474	175.76436	4.668192	5.073453	0.40526104	0.43819755	0.8433400629331205	0.3583300518164582	ENSG00000139436.22	GIT2	False
ENST00000370706	251.42131	4.5393972	4.944477	0.40507984	0.70050955	0.9214281958246865	0.15458594075397158	ENSG00000112200.17	ZNF451	False
ENST00000588810	21.65025	1.7973717	2.2024252	0.4050535	0.6279845	0.8992688791156324	0.20205105900599207	ENSG00000160953.17	PWWP3A	False
ENST00000432325	11.598162	1.1988887	1.6039224	0.4050337	0.73456264	0.9332857513397641	0.1339711664383904	ENSG00000136273.13	HUS1	False
ENST00000438015	19.06542	1.0615215	1.4664336	0.4049121	0.7201613	0.9280763849316231	0.14257020911300225	ENSG00000149554.15	CHEK1	False
ENST00000493763	826.6122	7.048374	7.453278	0.4049039	0.2448275	0.8093544299533921	0.6111398126990213	ENSG00000146223.16	RPL7L1	False
ENST00000530225	29.417072	2.169521	2.5743923	0.40487123	0.74592346	0.935882830083255	0.12730573393379432	ENSG00000140988.16	RPS2	False
ENST00000282074	145.59256	4.5140014	4.9187818	0.4047804	0.38438657	0.8240478925900143	0.41523179529458976	ENSG00000152253.9	SPC25	False
ENST00000697183	285.34677	5.5477204	5.95248	0.4047594	0.3172886	0.8118754707110037	0.49854552150178316	ENSG00000143669.16	LYST	True
ENST00000315091	356.58112	6.008247	6.4129577	0.40471077	0.056480277	0.8093544299533921	1.2481031794765178	ENSG00000120948.19	TARDBP	False
ENST00000382584	37.510002	2.404215	2.8083744	0.4041593	0.5861037	0.8824245683570513	0.23202555344970593	ENSG00000163728.11	TTC14	False
ENST00000533608	110.81832	4.053153	4.4572883	0.40413523	0.51889753	0.8594868130311181	0.2849183937221888	ENSG00000151348.16	EXT2	False
ENST00000573081	10.863754	1.4161729	1.820296	0.4041232	0.50630486	0.8558786284660064	0.295587903719188	ENSG00000183979.8	NPB	False
ENST00000506706	27.585669	1.9845434	2.3886592	0.4041158	0.5490938	0.8697044944691829	0.2603534735493064	ENSG00000063978.17	RNF4	False
ENST00000329548	21.3	1.7157402	2.1195507	0.4038105	0.56582147	0.8756247794447481	0.2473205782336381	ENSG00000182544.9	MFSD5	False
ENST00000698222	2644.3752	8.642894	9.046663	0.4037695	0.45963562	0.8479586958753978	0.33758632691546114	ENSG00000101109.13	STK4	True
ENST00000591123	515.79944	6.4779916	6.881722	0.4037304	0.2872648	0.8109740254625081	0.5417175959366832	ENSG00000130254.12	SAFB2	True
ENST00000674415	21.201984	1.9853702	2.388897	0.40352678	0.49585307	0.8537766521893764	0.30464699666720957	ENSG00000159658.15	EFCAB14	False
ENST00000481238	115.33309	4.451036	4.8545003	0.40346432	0.2550049	0.8093544299533921	0.5934514528956212	ENSG00000158604.15	TMED4	False
ENST00000232564	242.55472	5.335872	5.739314	0.4034419	0.19411519	0.8093544299533921	0.7119404748513759	ENSG00000114450.11	GNB4	False
ENST00000421364	2429.7263	8.646828	9.050206	0.4033785	0.31130913	0.8118754707110037	0.5068081436410707	ENSG00000054267.22	ARID4B	False
ENST00000336034	122.699974	4.007321	4.4106903	0.40336943	0.64521205	0.9048042904464558	0.19029752744783843	ENSG00000160570.14	DEDD2	False
ENST00000687049	22.351427	1.966691	2.3699746	0.4032836	0.6781867	0.9155088159760636	0.1686507220941392	ENSG00000134709.13	HOOK1	False
ENST00000612587	47.666378	2.7169535	3.120227	0.40327358	0.6650299	0.9112769672266469	0.17715883906158209	ENSG00000266714.11	MYO15B	False
ENST00000604000	491.40802	6.162203	6.5653467	0.40314388	0.46905097	0.8496539504698483	0.32877995819401773	ENSG00000271601.4	LIX1L	False
ENST00000264607	45.8	3.2835264	3.6866007	0.40307426	0.10136168	0.8093544299533921	0.9941262125702338	ENSG00000065802.12	ASB1	False
ENST00000697178	192.21225	4.5879116	4.990847	0.4029355	0.57182634	0.8771552891618881	0.2427358445741104	ENSG00000143669.16	LYST	False
ENST00000339397	147.07854	4.61546	5.0183935	0.4029336	0.24779336	0.8093544299533921	0.6059103326781277	ENSG00000151304.6	SRFBP1	False
ENST00000446486	21.504375	1.4307083	1.8336122	0.4029039	0.71899325	0.9276433654338391	0.14327518889045443	ENSG00000137965.11	IFI44	False
ENST00000692219	121.4657	3.9451873	4.348067	0.40287948	0.6782612	0.9155479355184227	0.1686030129862592	ENSG00000149483.13	TMEM138	False
ENST00000309033	393.55597	5.9697967	6.3722835	0.4024868	0.18632446	0.8093544299533921	0.7297301234068994	ENSG00000173960.14	UBXN2A	False
ENST00000652225	237.45169	5.3399467	5.742384	0.4024372	0.17008959	0.8093544299533921	0.7693222719232047	ENSG00000134899.24	ERCC5	False
ENST00000373657	21.989681	1.9901057	2.392416	0.40231025	0.46320653	0.8488197498301115	0.33422532718049275	ENSG00000186871.7	ERCC6L	False
ENST00000521699	32.374886	2.2224197	2.624674	0.40225434	0.74276495	0.9352336696717043	0.12914859829280595	ENSG00000160932.11	LY6E	False
ENST00000309733	635.91766	6.673485	7.075621	0.40213633	0.30627745	0.8118754707110037	0.5138849718760102	ENSG00000174749.6	FAM241A	False
ENST00000273920	46.638912	2.8927376	3.294515	0.40177727	0.56428516	0.8751947053619213	0.24850137167031935	ENSG00000145293.17	ENOPH1	False
ENST00000581977	28.89906	2.0039437	2.4055243	0.40158057	0.6306205	0.8998400021113475	0.20023192951930965	ENSG00000263528.8	IKBKE	False
ENST00000366672	51.3	3.5125492	3.9141245	0.40157533	0.18900011	0.8093544299533921	0.7235379320364921	ENSG00000143641.10	GALNT2	False
ENST00000699338	85.510605	3.4182823	3.8197727	0.40149045	0.67985225	0.9161458768927038	0.16758546256068885	ENSG00000147654.16	EBAG9	False
ENST00000292174	157.84087	4.77603	5.177476	0.40144587	0.20324656	0.8093544299533921	0.6919767883683915	ENSG00000160683.5	CXCR5	False
ENST00000562103	53.0	3.2187765	3.620199	0.4014225	0.5492633	0.8697139849430424	0.26021941934100307	ENSG00000167962.15	ZNF598	False
ENST00000636632	69.20246	3.241768	3.6431808	0.40141296	0.5804672	0.8802063166690811	0.23622229751922422	ENSG00000112592.15	TBP	True
ENST00000447480	131.28165	4.5913696	4.992766	0.40139627	0.57292366	0.8774993431264995	0.24190324213136946	ENSG00000146833.16	TRIM4	False
ENST00000535787	64.37081	3.2024403	3.6036577	0.40121746	0.4961689	0.8537766521893764	0.3043704508772421	ENSG00000121989.15	ACVR2A	False
ENST00000523206	46.340126	2.3341932	2.7352357	0.40104246	0.6258325	0.8983420428423095	0.2035418886689342	ENSG00000164941.14	INTS8	False
ENST00000265564	16.2	1.684844	2.0858316	0.40098763	0.48143986	0.8508696399096464	0.31745795708961144	ENSG00000075914.13	EXOSC7	False
ENST00000627714	243.6	5.456976	5.857952	0.40097618	0.13032329	0.8093544299533921	0.88497796208624	ENSG00000011304.22	PTBP1	False
ENST00000039989	302.28806	5.7821956	6.183167	0.4009714	0.24384174	0.8093544299533921	0.6128919557383599	ENSG00000052841.16	TTC17	False
ENST00000352645	94.9	3.926234	4.3271356	0.40090156	0.47126848	0.8496539504698483	0.3267316108817162	ENSG00000100403.12	ZC3H7B	False
ENST00000598331	77.15948	3.593413	3.9942632	0.40085006	0.23720773	0.8093544299533921	0.6248711704934065	ENSG00000196705.8	ZNF431	False
ENST00000399916	204.06526	4.2257147	4.6265388	0.40082407	0.7513339	0.936603159209308	0.12416701988298474	ENSG00000020633.19	RUNX3	False
ENST00000361786	87.1135	3.9046729	4.3054934	0.4008205	0.3370185	0.8158433703746901	0.472346271786877	ENSG00000198894.8	CIPC	False
ENST00000535838	17.670885	2.0489218	2.4496171	0.40069532	0.40386707	0.8303453948335059	0.39376156073997276	ENSG00000137497.19	NUMA1	True
ENST00000278100	168.94777	4.008438	4.4086246	0.40018654	0.67883927	0.9157831829030997	0.16823304460379038	ENSG00000107949.17	BCCIP	False
ENST00000429979	275.3824	5.2251678	5.625304	0.40013647	0.38195714	0.823716002720574	0.41798536317726565	ENSG00000102445.20	RUBCNL	False
ENST00000336083	497.45068	5.676319	6.0764084	0.40008926	0.75275123	0.9367761286654671	0.12334852548624342	ENSG00000175582.20	RAB6A	False
ENST00000403490	89.59117	4.0076175	4.4076414	0.40002394	0.23194219	0.8093544299533921	0.634620243321953	ENSG00000177971.9	IMP3	False
ENST00000375071	60.4	3.4174607	3.8174334	0.39997268	0.39940014	0.8298121044971967	0.39859178199777184	ENSG00000158825.6	CDA	False
ENST00000651498	132.11235	4.4846473	4.8844833	0.39983606	0.32418722	0.8142173533113395	0.4892041109098372	ENSG00000118960.13	HS1BP3	False
ENST00000396642	123.5374	4.2312093	4.630958	0.3997488	0.3086879	0.8118754707110037	0.5104804000119284	ENSG00000205268.11	PDE7A	False
ENST00000427814	154.34404	4.433335	4.8327193	0.3993845	0.72705126	0.9302666412249635	0.13843496971913485	ENSG00000153814.13	JAZF1	False
ENST00000614549	157.87015	3.512064	3.9113975	0.39933348	0.8341024	0.9626283562166277	0.07878063325137839	ENSG00000084070.12	SMAP2	False
ENST00000577247	79.69046	2.8275862	3.226907	0.39932084	0.7754972	0.9441831755219591	0.11041976696681355	ENSG00000177728.17	TMEM94	False
ENST00000440560	13.843592	1.0410973	1.4402804	0.39918315	0.60703194	0.8902072735238908	0.21678845618203937	ENSG00000116809.12	ZBTB17	False
ENST00000506523	5.60194	0.82335836	1.2224969	0.3991385	0.56575245	0.8756247794447481	0.247373559220463	ENSG00000173933.21	RBM4	False
ENST00000414802	47.070576	3.137397	3.5362334	0.39883637	0.62245	0.8969038250009524	0.2058955328495971	ENSG00000080802.21	CNOT4	False
ENST00000368518	91.905624	4.096857	4.495536	0.39867878	0.29721513	0.8111088466013822	0.5269290804960107	ENSG00000143612.21	C1orf43	False
ENST00000381440	266.29745	5.4270453	5.825449	0.39840364	0.30689257	0.8118754707110037	0.5130136204706479	ENSG00000205730.7	ITPRIPL2	False
ENST00000525399	40.358482	2.0127962	2.4111786	0.39838243	0.7344544	0.9332857513397641	0.13403516694707818	ENSG00000100614.18	PPM1A	False
ENST00000642361	174.35275	4.917049	5.3153963	0.39834738	0.2466202	0.8093544299533921	0.6079713664945252	ENSG00000147044.23	CASK	False
ENST00000261847	67.17503	2.8490694	3.2473311	0.3982618	0.7908044	0.9497208841596657	0.10193093056898057	ENSG00000138593.9	SECISBP2L	False
ENST00000270792	1437.0226	8.104349	8.502603	0.39825344	0.13304757	0.8093544299533921	0.8759930667086363	ENSG00000142669.15	SH3BGRL3	False
ENST00000358950	14.168985	1.8390168	2.237242	0.3982252	0.68901175	0.9182841187679981	0.1617733701850319	ENSG00000170364.13	SETMAR	False
ENST00000453555	11.8239155	1.2887335	1.6869235	0.39819002	0.49536425	0.8537766521893764	0.30507534036169787	ENSG00000163171.8	CDC42EP3	False
ENST00000639092	15.25029	1.0571285	1.4552937	0.3981651	0.59961516	0.8872137205946347	0.22212739789430336	ENSG00000131089.17	ARHGEF9	True
ENST00000638101	21.546476	1.9280797	2.3260772	0.3979975	0.41869012	0.836886090598871	0.3781072921752911	ENSG00000283208.2	ENSG00000283208	True
ENST00000392686	26.083597	2.1314418	2.5292294	0.39778757	0.47418743	0.8500118764885034	0.3240499592961123	ENSG00000171121.17	KCNMB3	False
ENST00000392217	86.21886	3.8952801	4.293027	0.3977468	0.25491074	0.8093544299533921	0.5936118709193557	ENSG00000089327.15	FXYD5	True
ENST00000243501	250.26001	5.3133893	5.711077	0.3976879	0.3361123	0.8158433703746901	0.4735156063903847	ENSG00000123739.11	PLA2G12A	False
ENST00000355360	63.7	3.2500508	3.6475787	0.39752793	0.48601443	0.8529381765683051	0.3133508399298512	ENSG00000185220.12	PGBD2	False
ENST00000359520	612.7848	6.353239	6.7507563	0.3975172	0.5612347	0.8740674714696558	0.2508554755183789	ENSG00000196663.16	TECPR2	False
ENST00000264563	17.993189	1.9360284	2.333486	0.39745772	0.36893797	0.8194459451468774	0.433046647107539	ENSG00000095752.7	IL11	False
ENST00000292114	273.36258	5.47036	5.867786	0.39742613	0.307934	0.8118754707110037	0.5115423760564731	ENSG00000244045.13	TMEM199	False
ENST00000587825	31.482082	2.1588666	2.5562668	0.39740014	0.6004102	0.8874951743413665	0.22155192176218064	ENSG00000133243.10	BTBD2	False
ENST00000437404	22.900494	2.2464879	2.6438148	0.39732695	0.5382472	0.8672503604213451	0.26901819840416735	ENSG00000124214.21	STAU1	False
ENST00000330317	22.274582	1.5367917	1.9341185	0.39732683	0.5967306	0.8865304657230172	0.22422169859001248	ENSG00000160193.12	WDR4	False
ENST00000404284	76.47594	3.4032185	3.8003614	0.3971429	0.48132455	0.8508696399096464	0.31756198338166197	ENSG00000100284.22	TOM1	False
ENST00000367091	1217.4257	7.8034654	8.200369	0.3969035	0.18610488	0.8093544299533921	0.7302422415878767	ENSG00000162894.12	FCMR	False
ENST00000677303	472.61212	6.0069137	6.4037046	0.39679098	0.56125724	0.8740674714696558	0.2508380412802505	ENSG00000072518.23	MARK2	True
ENST00000399339	260.81613	5.258505	5.655292	0.39678717	0.55165935	0.8705170621904874	0.2583290200670784	ENSG00000099290.17	WASHC2A	False
ENST00000685033	120.01048	4.282219	4.6789885	0.39676952	0.51524705	0.8587509528528511	0.28798448862801146	ENSG00000165240.22	ATP7A	False
ENST00000367466	10.9	1.084049	1.4807045	0.39665556	0.49992225	0.8548764927378353	0.30109753740712697	ENSG00000116711.10	PLA2G4A	False
ENST00000242784	21.475056	1.1057361	1.5023763	0.39664018	0.6954477	0.9206326357743269	0.15773553525323689	ENSG00000123144.11	TRIR	False
ENST00000578202	38.541298	2.4257872	2.8223279	0.39654064	0.7455636	0.935882830083255	0.12751528800271822	ENSG00000065534.20	MYLK	True
ENST00000642625	54.4836	3.1084373	3.5049756	0.39653826	0.5659171	0.8756247794447481	0.2472472024640755	ENSG00000139998.16	RAB15	False
ENST00000608611	17.0	1.924919	2.3214083	0.39648926	0.39000127	0.8264410414421898	0.4089339818586484	ENSG00000186501.15	TMEM222	False
ENST00000563094	19.734142	1.775458	2.1719272	0.39646924	0.67116636	0.9132738921569098	0.17316981896751016	ENSG00000141076.18	UTP4	False
ENST00000457805	683.20496	6.943836	7.340247	0.39641094	0.17476428	0.8093544299533921	0.7575473389600422	ENSG00000184007.22	PTP4A2	False
ENST00000513838	89.96128	3.7400782	4.136321	0.39624286	0.46769163	0.8496539504698483	0.33004040221686	ENSG00000123415.16	SMUG1	False
ENST00000358662	3092.8313	8.928505	9.324687	0.39618206	0.35157782	0.8172002775093227	0.45397853306669	ENSG00000135899.20	SP110	False
ENST00000395732	12.069917	1.0474443	1.4435838	0.3961395	0.61941725	0.8961497050823924	0.20801670414000187	ENSG00000100253.13	MIOX	False
ENST00000438806	4579.152	9.654239	10.050335	0.39609623	0.23200291	0.8093544299533921	0.6345065603449974	ENSG00000132424.17	PNISR	False
ENST00000522138	46.04053	1.6038637	1.9998745	0.39601076	0.7890777	0.9490241621051221	0.10288023042098242	ENSG00000134516.20	DOCK2	False
ENST00000343684	100.0	3.0863438	3.4822156	0.39587188	0.6585622	0.9098437419465756	0.18140321140253624	ENSG00000189134.4	NKAPL	False
ENST00000593130	25.8	2.1267114	2.5225089	0.3957975	0.4593592	0.8479586958753978	0.3378475823216135	ENSG00000172466.16	ZNF24	True
ENST00000396872	236.70761	5.2480474	5.6436706	0.3956232	0.27848592	0.8093544299533921	0.555196751230739	ENSG00000164638.11	SLC29A4	False
ENST00000600556	49.95304	3.0617275	3.4573474	0.39561987	0.31766707	0.8118754707110037	0.4980278067007433	ENSG00000142002.19	DPP9	False
ENST00000543152	85.812096	4.117963	4.5135665	0.39560366	0.3289981	0.8142173533113395	0.48280662487707443	ENSG00000103544.17	VPS35L	False
ENST00000391770	1766.2875	8.1196165	8.5151615	0.395545	0.5350733	0.8663131709202851	0.27158673561335206	ENSG00000179820.16	MYADM	False
ENST00000441582	28.16676	1.4694773	1.864931	0.3954537	0.75608975	0.9379412011107189	0.12142665120155	ENSG00000177311.12	ZBTB38	False
ENST00000513829	19.128933	0.92722297	1.322604	0.39538097	0.63657737	0.9018991094981259	0.19614880590015085	ENSG00000168824.15	NSG1	True
ENST00000576008	20.635832	1.9758177	2.3711858	0.3953681	0.6221288	0.8967822994367939	0.20611970425403653	ENSG00000134419.15	RPS15A	False
ENST00000506951	37.09462	1.8146981	2.2099195	0.39522135	0.7074978	0.9234187939626901	0.15027492126778025	ENSG00000163138.19	PACRGL	True
ENST00000348035	2749.36	8.636867	9.032066	0.39519978	0.39947635	0.8298121044971967	0.39850892761204065	ENSG00000136238.20	RAC1	False
ENST00000675999	20.909029	1.9870963	2.3822138	0.39511752	0.43696362	0.8427484754954933	0.35955472148666523	ENSG00000104381.14	GDAP1	False
ENST00000689348	21.090837	2.0466058	2.4415383	0.3949325	0.70068765	0.9214451344510692	0.1544755390574295	ENSG00000147316.15	MCPH1	False
ENST00000373925	276.8882	5.6386623	6.0335927	0.39493036	0.15478389	0.8093544299533921	0.8102742439092299	ENSG00000130775.16	THEMIS2	False
ENST00000562641	54.041004	2.9268827	3.321722	0.3948393	0.578004	0.8794550641073513	0.23806915415987573	ENSG00000090238.12	YPEL3	False
ENST00000526451	117.73567	3.8065326	4.201263	0.39473033	0.56808466	0.8761634615731728	0.24558693997240083	ENSG00000175376.9	EIF1AD	False
ENST00000222823	9.543104	0.88226056	1.2769239	0.39466333	0.52913	0.8640522889088094	0.27643762942255834	ENSG00000106100.11	NOD1	False
ENST00000555877	41.01972	2.292751	2.687344	0.394593	0.76657385	0.9411355341819907	0.11544600191430421	ENSG00000118308.16	IRAG2	True
ENST00000399602	44.70188	2.0864294	2.4810188	0.39458942	0.76973265	0.9422918670008684	0.1136600891293269	ENSG00000005801.18	ZNF195	False
ENST00000394308	87.0	4.0177193	4.412115	0.39439583	0.24851185	0.8093544299533921	0.6046528961497776	ENSG00000070669.17	ASNS	False
ENST00000221086	281.09955	5.6304264	6.0245724	0.39414597	0.12690721	0.8093544299533921	0.8965136880850471	ENSG00000104643.10	MTMR9	False
ENST00000607673	189.1049	4.920943	5.3150783	0.39413548	0.3769902	0.8226842929596185	0.42366994034293964	ENSG00000179240.13	GVQW3	False
ENST00000505606	72.598946	2.7776477	3.1717436	0.3940959	0.76562786	0.9410582432937948	0.1159822710666775	ENSG00000172262.12	ZNF131	False
ENST00000549045	55.16787	2.8718197	3.2658153	0.39399552	0.5557149	0.8723986529913105	0.25514795450808503	ENSG00000123352.18	SPATS2	True
ENST00000339121	118.916466	4.1692495	4.563136	0.39388657	0.45348477	0.8472077019271466	0.343437290383242	ENSG00000071243.16	ING3	True
ENST00000673947	13.915407	1.3921009	1.7859793	0.39387834	0.47370592	0.8500118764885034	0.3244911899741936	ENSG00000076242.18	MLH1	False
ENST00000504192	112.85618	4.4102645	4.8038807	0.3936162	0.3325317	0.8148546909488805	0.47816695969681555	ENSG00000185344.15	ATP6V0A2	False
ENST00000408888	200.39856	5.185124	5.57856	0.39343596	0.38933235	0.8260323759158562	0.40967950429705846	ENSG00000188739.15	RBM34	False
ENST00000244763	852.265	7.1139145	7.5072126	0.39329815	0.24063852	0.8093544299533921	0.6186348443737804	ENSG00000124783.14	SSR1	False
ENST00000357195	219.70561	4.707138	5.100292	0.39315414	0.77921605	0.9448926891229725	0.10834210998840828	ENSG00000127152.18	BCL11B	False
ENST00000328965	188.4	4.862643	5.2557907	0.39314795	0.3654424	0.8185742609699567	0.43718107127510114	ENSG00000184232.9	OAF	False
ENST00000438724	1158.2288	7.7205963	8.113686	0.3930893	0.09779656	0.8093544299533921	1.0096764242372385	ENSG00000139746.16	RBM26	False
ENST00000689484	7.20947	0.8909653	1.2840376	0.3930723	0.6560765	0.9086711018784973	0.1830455239930766	ENSG00000138347.17	MYPN	False
ENST00000360338	11.1	1.4414855	1.8344152	0.39292967	0.3676123	0.8192702949872638	0.43460996319168493	ENSG00000197714.9	ZNF460	False
ENST00000643006	40.496635	1.7146796	2.1074433	0.39276373	0.77463245	0.9437295648427275	0.11090431181360007	ENSG00000134371.15	CDC73	False
ENST00000674449	122.27898	4.332568	4.725009	0.3924408	0.10146265	0.8093544299533921	0.9936938104498684	ENSG00000077549.19	CAPZB	True
ENST00000505412	19.959967	1.7128719	2.1052494	0.3923775	0.63068247	0.8998400021113475	0.2001892412704333	ENSG00000168228.16	ZCCHC4	False
ENST00000381774	1665.0413	8.071253	8.463618	0.39236546	0.1962186	0.8093544299533921	0.7072598385280195	ENSG00000103381.12	CPPED1	False
ENST00000451674	17.000591	1.622778	2.0149264	0.39214838	0.64062655	0.9030378888992515	0.19339506667392758	ENSG00000144560.16	VGLL4	False
ENST00000567212	11.814348	1.597272	1.9892305	0.39195848	0.4157475	0.8356725866976152	0.38117036041276364	ENSG00000103353.16	UBFD1	False
ENST00000409332	44.84297	2.2527535	2.6446586	0.39190507	0.7840524	0.946795898683074	0.10565492698172751	ENSG00000184182.19	UBE2F	False
ENST00000564769	28.245844	2.346614	2.7383358	0.39172196	0.393286	0.8284185470236078	0.40529152442094335	ENSG00000173809.18	TDRD12	False
ENST00000373191	719.2039	6.9063416	7.298011	0.39166927	0.22321405	0.8093544299533921	0.6512784820167035	ENSG00000126070.20	AGO3	False
ENST00000611224	8.808485	0.97294503	1.3644778	0.39153272	0.45093134	0.8472077019271466	0.34588957947697063	ENSG00000102780.17	DGKH	True
ENST00000394654	14.3398485	1.6062506	1.9977742	0.3915236	0.64752764	0.9056241830737196	0.18874169208957683	ENSG00000105784.16	RUNDC3B	False
ENST00000306279	12.5	0.9570777	1.3482873	0.39120966	0.61610854	0.8944279309061053	0.21034277363667597	ENSG00000168874.13	ATOH8	False
ENST00000312584	25.81811	2.2094781	2.6003811	0.390903	0.54150724	0.8677958347030249	0.2663957291476133	ENSG00000173530.6	TNFRSF10D	False
ENST00000537226	422.51196	6.153358	6.54415	0.3907919	0.3155793	0.8118754707110037	0.5008914981541037	ENSG00000214029.6	ZNF891	False
ENST00000605618	120.26318	3.674942	4.065557	0.390615	0.6771174	0.9151541648517211	0.1693360212244584	ENSG00000105699.17	LSR	False
ENST00000335209	57.945423	1.7666154	2.15714	0.39052463	0.8313175	0.9617724706824102	0.08023308526330997	ENSG00000088992.18	TESC	False
ENST00000399103	11.187734	1.080561	1.4708533	0.3902923	0.56077856	0.8737995356030378	0.2512086002658784	ENSG00000185808.14	PIGP	False
ENST00000339994	11.692625	1.4296907	1.8199203	0.39022958	0.5079774	0.8558786284660064	0.29415558684765747	ENSG00000187486.7	KCNJ11	False
ENST00000217652	647.8314	6.0150437	6.4052615	0.39021778	0.6986769	0.9212025833663481	0.15572362520364466	ENSG00000101608.13	MYL12A	False
ENST00000261845	43.707462	1.8356209	2.2258065	0.3901856	0.8078857	0.9554692138169575	0.09265007558684646	ENSG00000069956.14	MAPK6	False
ENST00000379624	29.741833	2.1397626	2.5298247	0.3900621	0.5685474	0.8763308630434044	0.24523330105645857	ENSG00000158019.21	BABAM2	False
ENST00000371728	12.281164	1.0658408	1.4558462	0.39000535	0.7633034	0.940089844663147	0.11730280364616942	ENSG00000138182.15	KIF20B	False
ENST00000367009	13.3	1.4882666	1.8782673	0.3900007	0.4913493	0.8537766521893764	0.30860964976997335	ENSG00000054392.13	HHAT	False
ENST00000699193	80.53644	3.2861116	3.6760163	0.38990474	0.59820366	0.8869755502331795	0.223150934829154	ENSG00000162924.16	REL	False
ENST00000676997	124.99591	4.19084	4.5805655	0.3897257	0.52373433	0.8620025552287899	0.2808889568755663	ENSG00000107897.20	ACBD5	False
ENST00000411939	375.2068	5.7946815	6.184379	0.38969755	0.48327082	0.8517809635604503	0.31580942331258594	ENSG00000158122.12	PRXL2C	False
ENST00000493409	220.48172	5.3246217	5.7142677	0.38964605	0.06251105	0.8093544299533921	1.204043211659754	ENSG00000107771.17	CCSER2	False
ENST00000528057	24.98312	2.4311943	2.8207831	0.38958883	0.37546983	0.8222188782484297	0.42542494979678275	ENSG00000162302.13	RPS6KA4	False
ENST00000376576	34.40654	2.6275826	3.017108	0.3895254	0.49564326	0.8537766521893764	0.3048307968641391	ENSG00000116685.17	KIAA2013	False
ENST00000446845	26.377773	1.5502318	1.9397378	0.38950598	0.78183836	0.9458442740955845	0.1068830266389796	ENSG00000172939.9	OXSR1	False
ENST00000291439	1551.4052	8.051567	8.440957	0.38939	0.1933627	0.8093544299533921	0.7136273029163536	ENSG00000072958.9	AP1M1	False
ENST00000421306	15.5	1.3682108	1.7573106	0.38909984	0.5977609	0.8869203619546826	0.22347248445616985	ENSG00000091622.16	PITPNM3	False
ENST00000538950	4.3	0.46507284	0.854165	0.38909218	0.6083479	0.8910324926022101	0.2158479919487626	ENSG00000137700.19	SLC37A4	False
ENST00000457063	18.05138	1.6218847	2.0108821	0.38899744	0.5442153	0.8690677452700819	0.26422923549457505	ENSG00000240344.10	PPIL3	False
ENST00000440741	76.69719	3.7691262	4.158045	0.38891864	0.24252781	0.8093544299533921	0.6152384499775265	ENSG00000176927.16	EFCAB5	False
ENST00000265140	68.614914	3.2832277	3.6721401	0.38891244	0.5016824	0.8548764927378353	0.2995711339960661	ENSG00000133302.13	SLF1	False
ENST00000508256	13.831027	1.3440889	1.7329704	0.38888144	0.74029654	0.9345775597603275	0.13059427886840125	ENSG00000163644.15	PPM1K	False
ENST00000302550	36.7	2.5889723	2.9776406	0.3886683	0.6165909	0.8946351618391784	0.2100028770760498	ENSG00000121644.19	DESI2	False
ENST00000306858	40.955513	2.7324245	3.1210077	0.38858318	0.54760545	0.8693177891645862	0.2615322343316858	ENSG00000168143.9	FAM83B	False
ENST00000263736	79.9	3.6762054	4.0646152	0.38840985	0.49419382	0.8537766521893764	0.30610268796045853	ENSG00000068784.13	SRBD1	False
ENST00000317251	20.668282	1.8081502	2.1965547	0.3884045	0.67746997	0.9152017508556867	0.16910995163488426	ENSG00000154889.17	MPPE1	False
ENST00000433386	21.5	1.9454975	2.3338635	0.38836598	0.5622309	0.8744884066712214	0.25008530097479315	ENSG00000133265.11	HSPBP1	False
ENST00000374793	46.875187	2.612444	3.000795	0.38835096	0.70260465	0.9221026914234706	0.15328897937623998	ENSG00000136824.19	SMC2	False
ENST00000562699	16.8824	1.4780245	1.8663579	0.38833344	0.48186997	0.8509312444741072	0.31707014175735165	ENSG00000175938.7	ORAI3	False
ENST00000428472	78.98819	3.3766003	3.7649064	0.38830614	0.6128165	0.8927658698984382	0.2126695409802285	ENSG00000160746.13	ANO10	False
ENST00000592737	36.5	2.5470557	2.9352932	0.38823748	0.5832859	0.881844908962138	0.23411850113635424	ENSG00000125912.11	NCLN	False
ENST00000415617	361.55978	5.9265914	6.3148103	0.38821888	0.21716002	0.8093544299533921	0.663220134421686	ENSG00000168918.14	INPP5D	False
ENST00000433346	12.26461	1.3412247	1.7292683	0.38804364	0.60514265	0.8899892143002557	0.21814223509488148	ENSG00000010626.15	LRRC23	False
ENST00000599528	52.276703	2.948308	3.3363128	0.38800478	0.643056	0.9036380088385125	0.19175122184184995	ENSG00000130518.18	IQCN	False
ENST00000373606	12.373745	1.1413147	1.5292228	0.3879081	0.6449441	0.9047032145151336	0.19047794486074057	ENSG00000101363.13	MANBAL	False
ENST00000372523	145.95047	4.441015	4.828912	0.387897	0.46197358	0.8481416265840513	0.33538286290884556	ENSG00000168612.5	ZSWIM1	False
ENST00000635383	269.6784	5.4663963	5.8542566	0.3878603	0.3505293	0.81719736681995	0.45527565821138194	ENSG00000114331.16	ACAP2	False
ENST00000700295	223.49495	5.227171	5.6149297	0.38775873	0.42047903	0.8375455281164398	0.3762556589280575	ENSG00000099341.13	PSMD8	False
ENST00000564550	17.588633	1.7335886	2.1212082	0.3876196	0.5615571	0.8742352229061511	0.25060606649496453	ENSG00000179965.12	ZNF771	True
ENST00000700545	25.82568	1.4050608	1.7926683	0.38760757	0.79134464	0.9498024925976432	0.10163433344479052	ENSG00000108559.13	NUP88	False
ENST00000299045	233.26372	5.2382045	5.6255307	0.38732624	0.5650808	0.8755018923501372	0.2478894321321593	ENSG00000166046.11	TCP11L2	False
ENST00000443567	29.480371	1.6347591	2.0220807	0.3873216	0.695283	0.9205726868545954	0.1578383918765724	ENSG00000131375.10	CAPN7	False
ENST00000286688	86.72414	3.641348	4.0285854	0.38723755	0.49227798	0.8537766521893764	0.30778959027474695	ENSG00000156172.6	CFAP418	False
ENST00000246069	314.84982	5.777561	6.164653	0.38709164	0.19404094	0.8093544299533921	0.7121066319354059	ENSG00000125868.16	DSTN	False
ENST00000367701	395.87448	5.8716226	6.2587075	0.38708496	0.4287678	0.8407629197723834	0.36777783680314524	ENSG00000185278.16	ZBTB37	False
ENST00000557471	19.922344	1.7379259	2.1249797	0.38705385	0.7351386	0.9332857513397641	0.13363077599779907	ENSG00000090060.19	PAPOLA	False
ENST00000539354	74.11482	3.3956873	3.7825584	0.3868711	0.60364276	0.8899095328739771	0.21922000263448863	ENSG00000198040.11	ZNF84	False
ENST00000597928	187.21725	4.87724	5.264023	0.38678265	0.4839172	0.8523597503553966	0.31522893551411885	ENSG00000130307.12	USHBP1	False
ENST00000354334	13.212198	1.5734478	1.9602139	0.38676608	0.53547096	0.8664564737983559	0.27126407507925593	ENSG00000061273.18	HDAC7	False
ENST00000331134	52.215904	3.0599794	3.4467204	0.38674092	0.3076289	0.8118754707110037	0.5119728677014938	ENSG00000182446.15	NPLOC4	False
ENST00000705719	52.215904	3.0599794	3.4467204	0.38674092	0.3076289	0.8118754707110037	0.5119728677014938	ENSG00000182446.15	NPLOC4	False
ENST00000602840	148.9685	4.6044765	4.991109	0.38663244	0.24327862	0.8093544299533921	0.6138960517058949	ENSG00000154582.18	ELOC	True
ENST00000340006	9.2	1.2010902	1.5877194	0.38662922	0.48985064	0.85373409407385	0.3099363199367344	ENSG00000159176.14	CSRP1	True
ENST00000379174	8.922971	1.3851476	1.7716496	0.38650203	0.66922843	0.9127366894097521	0.17442561476385746	ENSG00000186638.17	KIF24	False
ENST00000600973	8.1	0.9702608	1.356536	0.38627523	0.48064813	0.8508238952382959	0.31817274284480135	ENSG00000063322.15	MED29	True
ENST00000698618	338.2747	5.2549734	5.641178	0.38620472	0.5275148	0.8633796460189781	0.27776533863513747	ENSG00000013375.17	PGM3	False
ENST00000377263	49.115387	2.839014	3.2251515	0.3861375	0.47090033	0.8496539504698483	0.3270710080070152	ENSG00000178585.15	CTNNBIP1	False
ENST00000156109	22.7	2.1965573	2.5826344	0.38607717	0.52067083	0.8602982840770351	0.283436751500821	ENSG00000068394.11	GPKOW	False
ENST00000409697	54.615276	3.285104	3.6710732	0.38596916	0.55163896	0.8705170621904874	0.258345068312807	ENSG00000175455.16	CCDC14	False
ENST00000376701	13.543071	1.5220318	1.9079933	0.38596153	0.6897621	0.9186431748190395	0.16130066252075276	ENSG00000015285.12	WAS	False
ENST00000677671	285.3872	5.114326	5.500241	0.3859148	0.7589065	0.938790070041057	0.11981173680134445	ENSG00000164733.23	CTSB	False
ENST00000392701	49.750984	2.886156	3.2720351	0.38587904	0.46613774	0.8494197755236921	0.33148573653754515	ENSG00000115339.15	GALNT3	False
ENST00000216489	27.283426	1.9200176	2.3058717	0.38585413	0.554726	0.8719910230509131	0.25592147466597365	ENSG00000100601.10	ALKBH1	False
ENST00000551878	67.20822	3.8128254	4.198564	0.3857386	0.12499274	0.8093544299533921	0.9031152006569848	ENSG00000166783.22	MARF1	False
ENST00000323853	565.8529	6.633043	7.0187206	0.3856778	0.315362	0.8118754707110037	0.5011906299465883	ENSG00000144028.15	SNRNP200	False
ENST00000351365	147.55864	4.435725	4.8212337	0.38550854	0.70358163	0.9222876679833593	0.15268550744613757	ENSG00000122490.19	SLC66A2	False
ENST00000334976	748.9624	7.0809646	7.4664135	0.38544893	0.061830867	0.8093544299533921	1.20879466315282	ENSG00000161671.17	EMC10	False
ENST00000688009	74.63501	3.5664713	3.9518335	0.38536215	0.48462126	0.8524822256628279	0.3145975406375753	ENSG00000196428.13	TSC22D2	False
ENST00000306156	14.253967	1.6517887	2.0371146	0.3853259	0.67238104	0.9137651594543251	0.17238453920639157	ENSG00000171132.14	PRKCE	False
ENST00000602009	242.64986	5.1284094	5.513258	0.3848486	0.36486474	0.8185742609699567	0.43786810801160686	ENSG00000127527.15	EPS15L1	False
ENST00000371328	18.8	1.7335032	2.1183393	0.38483608	0.695813	0.9206832478772543	0.15750746138416574	ENSG00000124103.10	FAM209A	False
ENST00000638487	40.85656	1.9677986	2.352541	0.38474238	0.7570653	0.9383410234848046	0.1208666613919824	ENSG00000042429.12	MED17	False
ENST00000551497	13.842862	1.6035994	1.9883208	0.3847214	0.67696184	0.9150876468922042	0.16943581210123407	ENSG00000066117.15	SMARCD1	False
ENST00000263035	373.87018	6.118009	6.5027237	0.3847146	0.28041732	0.8093544299533921	0.5521951608202981	ENSG00000181192.12	DHTKD1	False
ENST00000258955	8.5	1.3168246	1.701521	0.38469648	0.68107724	0.9165289327582022	0.16680363136535484	ENSG00000136444.10	RSAD1	False
ENST00000482541	161.84903	4.5094047	4.893689	0.3842845	0.4389654	0.843416202945035	0.3575697003513488	ENSG00000112237.13	CCNC	False
ENST00000315322	210.50598	5.134256	5.518412	0.38415623	0.29269397	0.8111088466013822	0.5335862208491063	ENSG00000128581.17	IFT22	False
ENST00000680964	16.409466	1.4269382	1.8109871	0.38404894	0.62079823	0.8964955924006863	0.20704952987482902	ENSG00000117054.15	ACADM	False
ENST00000519487	98.71392	3.8807662	4.26466	0.38389373	0.44595864	0.8458889434019244	0.35070541359610274	ENSG00000154582.18	ELOC	False
ENST00000322623	93.4898	4.1776834	4.561475	0.38379145	0.3092919	0.8118754707110037	0.5096314546394446	ENSG00000175792.12	RUVBL1	False
ENST00000330714	616.4373	6.617933	7.0014315	0.38349867	0.39338177	0.8284185470236078	0.40518576503129394	ENSG00000183486.14	MX2	False
ENST00000638240	10.579103	1.111503	1.494935	0.38343203	0.5967159	0.8865304657230172	0.22423237011674924	ENSG00000283809.1	ENSG00000283809	False
ENST00000682167	19.7	1.9845837	2.367898	0.38331425	0.580574	0.8802063166690811	0.23614243511746194	ENSG00000134256.13	CD101	False
ENST00000425340	101.499115	3.9541454	4.337372	0.3832264	0.53176713	0.8655410888280711	0.2742785112035446	ENSG00000176920.14	FUT2	False
ENST00000372556	53.199028	2.482231	2.865428	0.38319707	0.7819936	0.9459238584059522	0.10679678598352978	ENSG00000127125.9	PPCS	False
ENST00000397338	69.40532	3.6896098	4.0727882	0.38317847	0.33072948	0.8142173533113395	0.48052708597505706	ENSG00000152620.13	NADK2	False
ENST00000226279	109.1989	4.2547	4.637877	0.3831768	0.2657819	0.8093544299533921	0.5754745831754867	ENSG00000004468.13	CD38	False
ENST00000374399	165.77002	4.9527736	5.3357954	0.38302183	0.4217451	0.838029552988072	0.37494996308412126	ENSG00000001461.17	NIPAL3	False
ENST00000586501	748.1318	6.6839204	7.066839	0.38291883	0.57939315	0.8800963981245766	0.237026644824364	ENSG00000150477.15	KIAA1328	True
ENST00000560626	137.1145	4.670308	5.0532265	0.38291836	0.17901295	0.8093544299533921	0.7471155402533705	ENSG00000173517.11	PEAK1	False
ENST00000557571	36.418865	1.8463511	2.2290637	0.3827126	0.7403387	0.9345775597603275	0.13056955788474525	ENSG00000100461.18	RBM23	False
ENST00000674942	7.7705383	0.83331543	1.2159965	0.38268107	0.5166807	0.8587697515903885	0.28677774602815975	ENSG00000178177.17	LCORL	False
ENST00000517484	25.158863	1.5983013	1.9809707	0.38266945	0.6330352	0.9007526731184061	0.1985721520084355	ENSG00000178852.16	EFCAB13	False
ENST00000412681	34.13462	2.7374115	3.1200676	0.3826561	0.6866916	0.9174880794062122	0.16323827636468877	ENSG00000154146.13	NRGN	False
ENST00000403491	157.1831	4.93292	5.3154826	0.38256264	0.353016	0.8172155565903735	0.4522056237750208	ENSG00000162599.18	NFIA	False
ENST00000514161	129.62202	4.534955	4.917427	0.38247204	0.39491582	0.8290075231731883	0.40349546935332986	ENSG00000132463.15	GRSF1	False
ENST00000220058	279.61157	5.512345	5.894738	0.38239336	0.18855602	0.8093544299533921	0.7245596077660006	ENSG00000103707.10	MTFMT	False
ENST00000339252	253.18367	4.7375245	5.119844	0.38231945	0.6633373	0.9108073128400928	0.17826558763956674	ENSG00000113249.14	HAVCR1	False
ENST00000704553	20.132656	1.8914013	2.2736871	0.38228583	0.6122415	0.8925100904134963	0.21307723098483677	ENSG00000144815.18	NXPE3	False
ENST00000361681	953.5	7.369268	7.751501	0.38223314	0.2967185	0.8111088466013822	0.5276553634444869	ENSG00000198695.2	MT-ND6	False
ENST00000691802	114.650894	4.2779737	4.6601863	0.38221264	0.39955825	0.8298121044971967	0.39841990187823784	ENSG00000143153.14	ATP1B1	False
ENST00000261646	75.888626	3.2920291	3.6741366	0.3821075	0.63342476	0.9008682131522836	0.19830496520102892	ENSG00000072310.18	SREBF1	False
ENST00000320741	128.94563	4.106865	4.4889126	0.38204765	0.4222583	0.838029552988072	0.37442181777055356	ENSG00000181092.10	ADIPOQ	False
ENST00000481739	1148.5	7.523291	7.9049892	0.38169813	0.33616385	0.8158433703746901	0.4734489928030964	ENSG00000186350.12	RXRA	False
ENST00000349533	21.323011	1.9223114	2.3038423	0.38153088	0.45233765	0.8472077019271466	0.3445372602124563	ENSG00000116678.20	LEPR	False
ENST00000618834	535.1559	6.399628	6.7811384	0.38151026	0.3076824	0.8118754707110037	0.5118973525701322	ENSG00000204967.13	PCDHA4	False
ENST00000536226	259.5	5.396239	5.777677	0.38143826	0.2799807	0.8093544299533921	0.5528719216050186	ENSG00000101343.15	CRNKL1	False
ENST00000479049	72.92536	3.331478	3.7127216	0.38124347	0.64224905	0.9035067051680366	0.19229653097681512	ENSG00000135636.16	DYSF	False
ENST00000334512	327.9	5.779555	6.160701	0.38114595	0.27929217	0.8093544299533921	0.5539412455000903	ENSG00000108175.19	ZMIZ1	False
ENST00000341259	156.39264	4.909432	5.290376	0.38094425	0.18869957	0.8093544299533921	0.7242290819391172	ENSG00000111252.11	SH2B3	False
ENST00000372806	2129.7126	8.503316	8.884249	0.3809328	0.14533594	0.8093544299533921	0.8376269686199088	ENSG00000101109.13	STK4	False
ENST00000269856	712.8717	6.892536	7.273413	0.38087702	0.2489389	0.8093544299533921	0.6039072282194868	ENSG00000141965.5	FEM1A	False
ENST00000266397	11.126923	1.1997758	1.5806451	0.38086927	0.45903954	0.847884044482156	0.33814990515370286	ENSG00000139055.7	ERP27	False
ENST00000543081	58.437286	3.6071424	3.9879587	0.38081622	0.35176006	0.8172002775093227	0.45375347381027314	ENSG00000111732.12	AICDA	False
ENST00000366971	129.72942	4.431347	4.812114	0.38076687	0.34028503	0.81719736681995	0.4681571523847822	ENSG00000162769.13	FLVCR1	False
ENST00000680335	44.60073	3.172699	3.553451	0.3807521	0.42842788	0.8407052709125892	0.3681222801766216	ENSG00000100749.9	VRK1	False
ENST00000636554	137.11668	4.384748	4.7654786	0.38073063	0.2794834	0.8093544299533921	0.5536439700411315	ENSG00000066654.14	THUMPD1	False
ENST00000570828	249.38431	5.5307217	5.911442	0.38072014	0.30107465	0.8118754707110037	0.5213258042692863	ENSG00000175826.12	CTDNEP1	False
ENST00000277874	14.38004	1.1120301	1.4927315	0.3807013	0.67052346	0.9132738921569098	0.17358601959819647	ENSG00000148680.16	HTR7	False
ENST00000542485	74.40027	3.2989962	3.6795259	0.38052964	0.63528997	0.9016400598756685	0.197028003290343	ENSG00000135503.13	ACVR1B	False
ENST00000674144	2129.976	8.520257	8.900709	0.38045216	0.42011398	0.8374027596300101	0.37663286554536646	ENSG00000054654.20	SYNE2	False
ENST00000483718	39.238735	2.7754686	3.1558409	0.3803723	0.50182164	0.8548764927378353	0.29945061704724185	ENSG00000183628.14	DGCR6	False
ENST00000409939	35.4	2.3725069	2.7527304	0.3802235	0.5871564	0.8826128203198247	0.2312461898660863	ENSG00000169221.14	TBC1D10B	False
ENST00000360902	90.548904	3.9639204	4.344033	0.3801124	0.41750997	0.8367259608007798	0.37933314607621366	ENSG00000196367.15	TRRAP	False
ENST00000546847	12.586388	1.0422947	1.4222943	0.37999952	0.6815855	0.9165294746754324	0.16647966321559277	ENSG00000134285.11	FKBP11	True
ENST00000441692	99.110016	3.4052887	3.7852654	0.37997675	0.704345	0.9223572449222427	0.15221457149777834	ENSG00000125676.20	THOC2	False
ENST00000222219	331.37637	5.883494	6.263441	0.3799472	0.27062607	0.8093544299533921	0.567630372212446	ENSG00000105612.10	DNASE2	False
ENST00000698098	411.29068	5.859222	6.23903	0.37980795	0.45749745	0.8478742186373767	0.33961132441776326	ENSG00000124831.20	LRRFIP1	False
ENST00000490103	222.35965	5.302322	5.682111	0.37978888	0.22051737	0.8093544299533921	0.6565572014372012	ENSG00000100296.14	THOC5	False
ENST00000650983	256.34296	4.784372	5.164087	0.37971497	0.75660247	0.9381142853073557	0.12113224748067593	ENSG00000188404.10	SELL	False
ENST00000676461	34.93577	1.6032666	1.982943	0.37967646	0.7590835	0.938790070041057	0.11971044321362143	ENSG00000008988.11	RPS20	False
ENST00000680673	1708.3674	8.1725025	8.551969	0.37946606	0.17957562	0.8093544299533921	0.7457526204190614	ENSG00000158290.19	CUL4B	False
ENST00000428443	159.42577	4.921371	5.3006773	0.37930632	0.25691947	0.8093544299533921	0.5902029768008468	ENSG00000187231.14	SESTD1	False
ENST00000308961	108.05508	4.1486573	4.5277367	0.37907934	0.58788216	0.8826128203198247	0.2307097179633451	ENSG00000174886.14	NDUFA11	False
ENST00000379826	20.7384	2.157049	2.536126	0.37907696	0.5014617	0.8548764927378353	0.2997622446124505	ENSG00000120693.16	SMAD9	False
ENST00000327134	1718.4203	8.116829	8.495822	0.37899303	0.30505294	0.8118754707110037	0.5156247906487963	ENSG00000180370.10	PAK2	False
ENST00000359039	161.56764	4.7492867	5.1282606	0.37897396	0.34894732	0.81719736681995	0.4572401372825033	ENSG00000198642.7	KLHL9	False
ENST00000264228	29.548763	1.6458545	2.0247788	0.37892437	0.67488474	0.9142632374641173	0.17077039392456142	ENSG00000128039.13	SRD5A3	False
ENST00000306773	5.9	0.72897416	1.1078615	0.37888736	0.3986991	0.8298121044971967	0.39935473947422934	ENSG00000171246.7	NPTX1	False
ENST00000382203	22.479801	0.90835124	1.28719	0.37883872	0.8019662	0.9537843803713933	0.09584394051769742	ENSG00000080503.25	SMARCA2	False
ENST00000391971	183.41374	4.951591	5.330426	0.3788352	0.3773024	0.8228844517340773	0.4233104228069093	ENSG00000168385.18	SEPTIN2	False
ENST00000415816	23.4	2.456473	2.8352199	0.37874675	0.47887638	0.8504371505934152	0.3197765815649249	ENSG00000068079.8	IFI35	False
ENST00000563961	286.75266	5.5803647	5.959109	0.37874413	0.5348773	0.866262584221462	0.2717458328022078	ENSG00000187555.17	USP7	True
ENST00000265447	1420.2913	7.8096347	8.1883545	0.3787198	0.38912678	0.8259378738446596	0.4099088823162235	ENSG00000122359.18	ANXA11	False
ENST00000522663	79.89752	3.523443	3.9021242	0.37868118	0.6278713	0.8992586951931271	0.2021293854189365	ENSG00000161010.16	MRNIP	True
ENST00000602094	210.34155	4.982232	5.36087	0.3786378	0.3876012	0.8256180560282006	0.411614890682098	ENSG00000105700.11	KXD1	False
ENST00000242208	17.059315	1.6405338	2.0189357	0.37840188	0.6644493	0.9111541023524272	0.17753816841315534	ENSG00000122641.11	INHBA	False
ENST00000491356	51.499615	2.972298	3.3506675	0.37836957	0.6567917	0.909001728958572	0.18257235270315006	ENSG00000196418.13	ZNF124	True
ENST00000674622	10.343122	1.3210652	1.6992466	0.37818146	0.6484638	0.9058007019088778	0.18811427267511807	ENSG00000121879.6	PIK3CA	False
ENST00000473166	82.62966	3.797617	4.175639	0.3780222	0.29420525	0.8111088466013822	0.5313495841181396	ENSG00000137210.14	TMEM14B	False
ENST00000421536	83.68446	3.487211	3.8652163	0.37800527	0.65764743	0.9094546716637205	0.18200687211962424	ENSG00000065548.18	ZC3H15	False
ENST00000409850	29.362003	2.0131965	2.3911512	0.37795472	0.64977616	0.9059168869193345	0.18723622629201364	ENSG00000106066.15	CPVL	False
ENST00000642706	138.59381	3.9697266	4.347678	0.37795162	0.6926004	0.9192921014030683	0.15951724374599105	ENSG00000285444.1	ENSG00000285444	True
ENST00000563551	16.9753	1.4318085	1.8097303	0.37792182	0.5823305	0.8812301043095568	0.23483044420852167	ENSG00000168803.16	ADAL	False
ENST00000557769	74.83337	3.1886406	3.566523	0.37788248	0.6297212	0.8998400021113475	0.2008516688632308	ENSG00000205476.9	CCDC85C	True
ENST00000298875	543.0109	6.545517	6.923014	0.3774972	0.13781206	0.8093544299533921	0.8607127656825333	ENSG00000165934.13	CPSF2	False
ENST00000263773	866.2	7.288265	7.6655946	0.37732935	0.22883844	0.8093544299533921	0.6404710143692034	ENSG00000109920.13	FNBP4	False
ENST00000300291	126.77606	3.4657838	3.8428857	0.3771019	0.75803727	0.938597536179509	0.12030944163273674	ENSG00000167005.14	NUDT21	False
ENST00000412198	12.147016	0.73804325	1.1149905	0.37694722	0.63883835	0.9029774419337067	0.1946090201649165	ENSG00000214655.11	ZSWIM8	False
ENST00000537916	99.469925	3.972573	4.3494797	0.37690663	0.4509896	0.8472077019271466	0.3458334691621468	ENSG00000104290.11	FZD3	False
ENST00000052569	162.13565	4.396402	4.773156	0.37675428	0.70246446	0.9221026914234706	0.1533756424409122	ENSG00000047932.14	GOPC	False
ENST00000464525	95.74101	3.8076916	4.1842966	0.37660503	0.6839284	0.9170737297062175	0.16498938064257865	ENSG00000168255.20	POLR2J3	False
ENST00000643854	19.743372	1.8593608	2.2359512	0.37659037	0.76489264	0.9407945531953001	0.11639951924345121	ENSG00000157540.22	DYRK1A	False
ENST00000256447	128.50174	4.4801507	4.856545	0.37639427	0.40960756	0.8323007445595858	0.3876320369104534	ENSG00000134061.5	CD180	False
ENST00000298139	315.95367	5.8258414	6.202208	0.37636662	0.4528267	0.8472077019271466	0.34406796557404906	ENSG00000165392.11	WRN	False
ENST00000636465	23.613335	1.7032267	2.0794032	0.37617648	0.65135145	0.9064197091743617	0.18618461446788184	ENSG00000118308.16	IRAG2	False
ENST00000263620	1004.6702	7.176046	7.55206	0.37601423	0.45873618	0.8478742186373767	0.33843700501404816	ENSG00000116017.11	ARID3A	False
ENST00000298492	100.4	3.929692	4.305672	0.37598014	0.47157502	0.8496539504698483	0.3264492065585771	ENSG00000165660.8	ABRAXAS2	False
ENST00000367475	329.94247	5.0746126	5.450541	0.3759284	0.74548477	0.935882830083255	0.12756122499070854	ENSG00000164506.16	STXBP5	False
ENST00000375128	179.8	4.7451053	5.120956	0.37585068	0.40787902	0.8320791818024688	0.3894686277845134	ENSG00000136936.11	XPA	False
ENST00000644863	32.816135	1.6555452	2.0313642	0.37581897	0.73283625	0.9328989707216432	0.13499305836108302	ENSG00000165671.22	NSD1	False
ENST00000265462	130.6539	4.6190944	4.994913	0.37581873	0.47188008	0.8496539504698483	0.32616835717744724	ENSG00000126432.14	PRDX5	False
ENST00000447935	135.59634	4.639461	5.015258	0.3757968	0.38976046	0.8261919405169591	0.40920221588733424	ENSG00000132792.21	CTNNBL1	False
ENST00000680255	97.73704	3.9525633	4.3283563	0.37579298	0.4953663	0.8537766521893764	0.305073537518526	ENSG00000046647.14	GEMIN8	False
ENST00000397821	116.783325	3.6045732	3.9803405	0.37576723	0.725579	0.9294473635132081	0.1393152813092654	ENSG00000147010.19	SH3KBP1	False
ENST00000311412	150.24814	4.876467	5.2521286	0.37566137	0.14970271	0.8093544299533921	0.8247703293563774	ENSG00000173083.16	HPSE	False
ENST00000519716	36.382694	2.8408115	3.2163634	0.37555194	0.49097204	0.8537766521893764	0.3089432376417092	ENSG00000130477.16	UNC13A	False
ENST00000533692	37.059822	2.4172575	2.7928054	0.3755479	0.65225327	0.9066271606419737	0.18558373483532184	ENSG00000132109.10	TRIM21	True
ENST00000684191	63.648632	3.3079128	3.6833553	0.3754425	0.675105	0.9142632374641173	0.17062869113537665	ENSG00000099246.18	RAB18	False
ENST00000281428	48.376953	3.1842566	3.559599	0.37534237	0.50423956	0.8557901540198138	0.2973630855599038	ENSG00000151702.18	FLI1	False
ENST00000650479	49.276466	1.5880384	1.9633448	0.37530637	0.83099765	0.9617724706824102	0.08040020653316098	ENSG00000136156.15	ITM2B	False
ENST00000713815	866.387	7.306827	7.681967	0.3751397	0.13529773	0.8093544299533921	0.8687094880389822	ENSG00000134086.10	VHL	True
ENST00000588649	18.296398	1.9967216	2.3718312	0.37510955	0.53325164	0.8656930641736459	0.27306779762579064	ENSG00000099821.14	POLRMT	False
ENST00000665913	215.21982	5.3204856	5.6955338	0.37504816	0.07416227	0.8093544299533921	1.1298170022315348	ENSG00000274211.6	SOCS7	False
ENST00000292363	188.4	5.044749	5.4195237	0.37477493	0.26630786	0.8093544299533921	0.5746160142955308	ENSG00000070423.18	RNF126	False
ENST00000687219	31.895462	1.0548929	1.429497	0.3746041	0.82569385	0.9605312221906871	0.0831809523754492	ENSG00000137601.18	NEK1	False
ENST00000340258	325.66376	5.683107	6.0577	0.37459326	0.19238374	0.8093544299533921	0.7158316448888653	ENSG00000107551.21	RASSF4	False
ENST00000409841	39.991676	1.8637253	2.2382183	0.374493	0.77784604	0.9444233430566934	0.10910635585817911	ENSG00000185414.20	MRPL30	False
ENST00000397154	88.23069	3.8380725	4.2124715	0.37439895	0.362091	0.8185742609699567	0.44118226389658177	ENSG00000129460.17	NGDN	False
ENST00000215941	10.9	1.1835524	1.5578635	0.3743111	0.5892311	0.8834335667205534	0.22971435814899907	ENSG00000100124.15	ANKRD54	False
ENST00000647748	104.87736	4.281055	4.6551228	0.37406778	0.045625743	0.8093544299533921	1.340790054659823	ENSG00000088808.18	PPP1R13B	False
ENST00000366576	162.34164	4.9312377	5.305303	0.3740654	0.38780028	0.8256304087777617	0.41139188585401887	ENSG00000116984.15	MTR	False
ENST00000637267	11.404348	1.014749	1.3887175	0.37396848	0.56027526	0.8737130051602651	0.2515985568019372	ENSG00000169554.23	ZEB2	False
ENST00000377403	302.64407	5.4619675	5.8358707	0.37390327	0.59196055	0.8844881973044109	0.22770723545364302	ENSG00000049239.13	H6PD	False
ENST00000245680	354.84595	5.642128	6.015928	0.3737998	0.4894265	0.8535577747074619	0.3103125251103501	ENSG00000115084.15	SLC35F5	False
ENST00000343262	377.101	6.0348363	6.408615	0.37377882	0.3990003	0.8298121044971967	0.39902679186518514	ENSG00000140988.16	RPS2	False
ENST00000330675	135.0	4.1139984	4.487567	0.37356853	0.7391564	0.9345775597603275	0.1312636437091992	ENSG00000133069.17	TMCC2	False
ENST00000517362	18.836954	1.480432	1.8539691	0.37353706	0.6880939	0.9178436063724108	0.16235229175762436	ENSG00000133943.21	DGLUCY	False
ENST00000452015	81.52405	4.0055914	4.379041	0.3734498	0.50956964	0.8566665741098184	0.29279645083150874	ENSG00000235194.9	PPP1R3E	False
ENST00000297591	324.63614	5.639318	6.0125237	0.37320566	0.38014916	0.8231329589941108	0.420045969554039	ENSG00000164944.12	VIRMA	False
ENST00000560579	498.18018	6.6033974	6.976572	0.37317467	0.41602495	0.8358506820537708	0.38088061966096287	ENSG00000170776.22	AKAP13	False
ENST00000488558	39.344093	2.380575	2.7535572	0.37298226	0.6864054	0.9174340039208425	0.1634192956743008	ENSG00000139842.15	CUL4A	False
ENST00000686884	93.3147	3.8495471	4.22252	0.37297273	0.48321417	0.8517809635604503	0.31586033897724397	ENSG00000167110.19	GOLGA2	False
ENST00000358380	41.19716	2.2072518	2.5802221	0.37297034	0.6779219	0.9153570361619477	0.16882034178126223	ENSG00000137177.20	KIF13A	False
ENST00000181839	175.25548	4.8655877	5.2385406	0.37295294	0.3807529	0.8235040486217904	0.41935679010148313	ENSG00000065883.18	CDK13	False
ENST00000619898	650.75543	6.8566327	7.229328	0.37269545	0.08574919	0.8093544299533921	1.0667699910226291	ENSG00000114902.14	SPCS1	False
ENST00000339728	1469.9744	8.111099	8.483665	0.37256622	0.31992173	0.8121593305743525	0.4949562577436471	ENSG00000188042.8	ARL4C	False
ENST00000407418	1070.7175	7.492666	7.8652105	0.37254477	0.12797865	0.8093544299533921	0.8928624661408635	ENSG00000183741.12	CBX6	False
ENST00000489170	16.554832	1.5263734	1.8988702	0.37249684	0.511508	0.8572896379232406	0.2911475797292549	ENSG00000160055.20	TMEM234	False
ENST00000372873	41.98385	2.7129595	3.085387	0.37242746	0.4922691	0.8537766521893764	0.3077974253683932	ENSG00000166317.12	SYNPO2L	False
ENST00000586255	25.112123	1.9536881	2.3260627	0.37237453	0.6986741	0.9212025833663481	0.1557253665564471	ENSG00000188321.14	ZNF559	False
ENST00000322349	288.35748	5.654573	6.0269213	0.3723483	0.31976384	0.8121593305743525	0.4951706503595348	ENSG00000102189.17	EEA1	False
ENST00000492597	80.15971	3.919214	4.29148	0.37226605	0.21038938	0.8093544299533921	0.6769761951131826	ENSG00000078070.14	MCCC1	False
ENST00000443059	38.109863	2.417229	2.789493	0.37226415	0.6103039	0.8920468181599023	0.21445386987756604	ENSG00000116260.17	QSOX1	True
ENST00000496856	101.59546	3.2404482	3.6127105	0.37226224	0.7343597	0.9332857513397641	0.13409117513003418	ENSG00000121864.10	ZNF639	False
ENST00000358359	543.3983	6.1300683	6.5023146	0.37224627	0.48167598	0.8508696399096464	0.3172450081146704	ENSG00000145725.21	PPIP5K2	False
ENST00000648453	13.727371	1.405989	1.7781734	0.3721844	0.53868	0.8673735641566814	0.2686691348494392	ENSG00000197299.13	BLM	False
ENST00000617633	372.7043	6.0237465	6.3957963	0.3720498	0.17884018	0.8093544299533921	0.7475349131765975	ENSG00000278053.5	DDX52	False
ENST00000610493	73.5866	3.552535	3.9243526	0.3718176	0.5346025	0.8661566713360632	0.27196899608964936	ENSG00000275152.5	CCL16	True
ENST00000404798	161.7009	4.907664	5.279481	0.3718171	0.14540918	0.8093544299533921	0.8374081695302706	ENSG00000119760.16	SUPT7L	False
ENST00000279281	296.47064	5.8622804	6.234049	0.37176847	0.23956844	0.8093544299533921	0.6205703912984698	ENSG00000149823.10	VPS51	False
ENST00000460891	29.202503	2.1400168	2.511608	0.3715911	0.59735173	0.8867753771228387	0.22376987429657227	ENSG00000089091.17	DZANK1	False
ENST00000435268	669.87317	6.863174	7.234699	0.3715248	0.1721699	0.8093544299533921	0.764042787966171	ENSG00000135956.10	TMEM127	False
ENST00000373943	198.4236	4.85875	5.2302747	0.3715248	0.47191954	0.8496539504698483	0.32613204330156015	ENSG00000117758.14	STX12	False
ENST00000404220	679.33875	6.7592263	7.130689	0.37146282	0.3644309	0.8185742609699567	0.43838480119339535	ENSG00000159110.22	IFNAR2	False
ENST00000258499	31.181494	1.8072495	2.1786294	0.37137985	0.6483422	0.9058007019088778	0.18819571488996636	ENSG00000136014.12	USP44	False
ENST00000695111	26.518118	2.0361052	2.407186	0.37108088	0.7081392	0.9237315579253875	0.1498813755598144	ENSG00000146834.15	MEPCE	False
ENST00000688464	112.94191	4.164793	4.535816	0.37102318	0.536974	0.8667540534925389	0.27004673170862686	ENSG00000068912.15	ERLEC1	False
ENST00000476756	119.04252	4.2743936	4.645402	0.3710084	0.5534079	0.8717713472930201	0.25695463964215054	ENSG00000186480.13	INSIG1	False
ENST00000356136	221.18997	5.203957	5.5749173	0.37096024	0.50742155	0.8558786284660064	0.2946310897182209	ENSG00000198382.9	UVRAG	False
ENST00000395590	121.797775	4.412284	4.78318	0.37089634	0.27333525	0.8093544299533921	0.5633043597982779	ENSG00000079974.19	RABL2B	False
ENST00000281456	59.052254	2.9437609	3.314542	0.37078118	0.59010667	0.8837537276609903	0.2290694793638348	ENSG00000151729.11	SLC25A4	False
ENST00000437212	29.961157	2.1379023	2.5086381	0.37073588	0.5568046	0.8727909928963938	0.2542971875362209	ENSG00000137648.20	TMPRSS4	False
ENST00000441497	8.024664	0.58062154	0.95128965	0.3706681	0.5977895	0.8869203619546826	0.22345169860830766	ENSG00000114346.14	ECT2	False
ENST00000644836	137.48013	2.5579107	2.9285748	0.37066412	0.82568306	0.9605312221906871	0.08318662686472858	ENSG00000196352.18	CD55	False
ENST00000615879	91.16193	3.9378903	4.3084984	0.3706081	0.5169143	0.8587697515903885	0.28658144649289996	ENSG00000058600.16	POLR3E	False
ENST00000524631	400.96353	5.700336	6.070819	0.37048292	0.6138856	0.8932232865806979	0.21191256689890128	ENSG00000185946.16	RNPC3	False
ENST00000585892	21.928974	1.3221993	1.6925683	0.37036896	0.7176902	0.9272141667828993	0.14406296618184913	ENSG00000079805.19	DNM2	False
ENST00000396424	159.89647	4.6710553	5.0411987	0.3701434	0.48141265	0.8508696399096464	0.317482502789905	ENSG00000197497.11	ZNF665	False
ENST00000649688	22.102304	1.5969635	1.9670892	0.37012565	0.79896975	0.9524738623949068	0.0974696656823949	ENSG00000145191.15	EIF2B5	False
ENST00000648724	45.549747	2.779195	3.1492848	0.37008977	0.47405133	0.8500118764885034	0.3241746338222921	ENSG00000172824.17	CES4A	False
ENST00000377670	78.23442	3.7200153	4.090039	0.3700235	0.34392533	0.81719736681995	0.46353584104766216	ENSG00000124440.16	HIF3A	False
ENST00000416495	330.6279	5.9153733	6.285349	0.36997557	0.40630162	0.8315413729275363	0.39115144859883333	ENSG00000149212.12	SESN3	False
ENST00000313732	840.4113	7.220749	7.5906777	0.36992884	0.08228859	0.8093544299533921	1.0846603630517573	ENSG00000153786.13	ZDHHC7	False
ENST00000621846	36.31749	2.557866	2.927403	0.36953688	0.6569079	0.909025341524586	0.18249550463492994	ENSG00000117448.14	AKR1A1	False
ENST00000215912	248.5	5.3134403	5.682679	0.36923885	0.25354514	0.8093544299533921	0.5959447177927696	ENSG00000100100.14	PIK3IP1	False
ENST00000706606	47.568718	2.8776894	3.2468956	0.3692062	0.56990963	0.876817588834972	0.24419400282868337	ENSG00000073008.16	PVR	False
ENST00000496391	10.676785	1.1963723	1.5653375	0.36896527	0.6079773	0.8908789654196403	0.21611265630134052	ENSG00000128563.13	PRKRIP1	False
ENST00000652587	61.14856	3.1397445	3.5087023	0.36895776	0.61202466	0.8924767740121592	0.21323107523200302	ENSG00000131778.20	CHD1L	False
ENST00000423368	23.775127	1.9719652	2.3408139	0.36884868	0.630216	0.8998400021113475	0.2005105734030464	ENSG00000080802.21	CNOT4	False
ENST00000532090	650.37616	6.5431085	6.911867	0.36875868	0.4622349	0.8481416265840513	0.33513725375872594	ENSG00000254470.3	AP5B1	False
ENST00000460625	30.074734	2.1706285	2.5392637	0.36863518	0.7052556	0.922584894924629	0.15165343967832626	ENSG00000114638.8	UPK1B	False
ENST00000377252	655.1393	6.630398	6.9989157	0.36851788	0.3742885	0.8216366408512873	0.42679351711015334	ENSG00000120594.17	PLXDC2	False
ENST00000270708	26.7	2.092167	2.4606671	0.36850023	0.55551	0.8723568062898063	0.2553081308340826	ENSG00000116213.16	WRAP73	False
ENST00000648287	16.68273	0.9735839	1.3420024	0.3684185	0.73561937	0.9332952846121519	0.13334684589724127	ENSG00000005302.19	MSL3	False
ENST00000308488	291.206	5.686915	6.0552917	0.36837673	0.29958257	0.8113486273734618	0.523483456758185	ENSG00000048649.14	RSF1	False
ENST00000390321	9.748259	1.5355684	1.9038994	0.36833107	0.723853	0.9290277801612368	0.14034962609677093	ENSG00000211675.2	IGLC1	True
ENST00000711184	158.09128	4.779674	5.147868	0.3681941	0.2809505	0.8093544299533921	0.5513702112872836	ENSG00000292344.1	PLCXD1	False
ENST00000399012	158.09128	4.779674	5.147868	0.3681941	0.2809505	0.8093544299533921	0.5513702112872836	ENSG00000182378.15	PLCXD1	False
ENST00000394315	6.0485377	0.68285656	1.0510465	0.36818993	0.6242019	0.8979233606519958	0.20467491803459734	ENSG00000148187.18	MRRF	False
ENST00000323848	55.082867	3.2887099	3.6568751	0.36816525	0.68623555	0.9174340039208425	0.16352678920224795	ENSG00000133226.19	SRRM1	False
ENST00000636748	601.07446	6.743483	7.111618	0.36813498	0.27000228	0.8093544299533921	0.5686325753887702	ENSG00000049618.25	ARID1B	True
ENST00000366711	296.69003	5.707372	6.07528	0.367908	0.11583421	0.8093544299533921	0.9361631726275965	ENSG00000181873.13	IBA57	False
ENST00000320785	371.14603	5.7567506	6.1246147	0.36786413	0.49593002	0.8537766521893764	0.30457960534795714	ENSG00000129250.12	KIF1C	False
ENST00000525266	19.896088	1.9325057	2.3003037	0.36779797	0.48320007	0.8517809635604503	0.3158730085577121	ENSG00000147789.16	ZNF7	False
ENST00000589583	48.2841	2.0671713	2.4348745	0.3677032	0.8360388	0.9627884956331257	0.07777355228652619	ENSG00000166398.14	GARRE1	True
ENST00000324344	37.771942	2.469621	2.8373165	0.36769557	0.6951876	0.9205726868545954	0.15789796530252728	ENSG00000188215.10	DCUN1D3	False
ENST00000704719	6.1	0.944894	1.3125074	0.36761338	0.5062385	0.8558786284660064	0.2956448120617736	ENSG00000067715.15	SYT1	True
ENST00000679715	19.929363	1.9984747	2.3660016	0.3675269	0.39069122	0.8269445794643245	0.4081663477160281	ENSG00000177646.20	ACAD9	False
ENST00000312655	161.28572	4.710829	5.0781283	0.36729956	0.2540747	0.8093544299533921	0.5950385909777559	ENSG00000175155.11	YPEL2	True
ENST00000262238	689.4254	7.0665474	7.433799	0.3672514	0.06746061	0.8093544299533921	1.170949726686299	ENSG00000100811.15	YY1	False
ENST00000556862	15.274391	1.0200609	1.3872993	0.3672384	0.7403485	0.9345775597603275	0.13056378869221058	ENSG00000100461.18	RBM23	False
ENST00000320248	32.0	2.2309847	2.5982049	0.36722016	0.61173195	0.8924767740121592	0.21343883875568717	ENSG00000176595.4	KBTBD11	False
ENST00000426499	10.1126	1.2535834	1.6207969	0.3672135	0.6670369	0.9124991026791659	0.1758501464319499	ENSG00000214706.12	IFRD2	False
ENST00000559204	356.6005	5.8812804	6.24848	0.36719942	0.36919186	0.8194459451468774	0.4327478885889968	ENSG00000183208.13	GDPGP1	False
ENST00000334181	15.442606	1.4814519	1.848647	0.36719513	0.5707005	0.8768939167661889	0.24359172699207612	ENSG00000186230.7	ZNF749	False
ENST00000397370	935.3356	7.283671	7.6506963	0.36702538	0.2895643	0.8109740254625081	0.5382549655129436	ENSG00000131051.24	RBM39	False
ENST00000418370	78.59581	3.744777	4.1117983	0.36702132	0.47072574	0.8496539504698483	0.3272320485821297	ENSG00000065534.20	MYLK	False
ENST00000426761	115.84102	3.9850943	4.3520713	0.36697698	0.67798615	0.9153570361619477	0.16877918106368245	ENSG00000164576.12	SAP30L	False
ENST00000315183	675.2012	6.8951626	7.2620606	0.36689806	0.24140625	0.8093544299533921	0.6172514955845289	ENSG00000090905.19	TNRC6A	False
ENST00000505224	14.843927	1.8485107	2.2151742	0.36666346	0.7300842	0.9319445888756163	0.13662706157405918	ENSG00000124795.17	DEK	False
ENST00000418476	17.8	2.0513434	2.4178796	0.36653614	0.55564034	0.8723568062898063	0.2552062317269338	ENSG00000140553.18	UNC45A	False
ENST00000540804	13.04677	1.2888297	1.6553391	0.36650944	0.56673926	0.8758719814065489	0.24661670034538238	ENSG00000174099.12	MSRB3	True
ENST00000614258	25.219074	2.2733912	2.6398892	0.366498	0.60818666	0.8909679436079273	0.21596310835780325	ENSG00000204965.9	PCDHA5	False
ENST00000388975	64.09871	3.090928	3.4574137	0.3664856	0.62524873	0.8982534622069613	0.20394718160502343	ENSG00000154997.9	SEPTIN14	False
ENST00000574412	22.46733	1.9666659	2.3330982	0.3664323	0.73444945	0.9332857513397641	0.13403809230585637	ENSG00000161921.17	CXCL16	False
ENST00000398055	176.56851	4.904085	5.270489	0.36640406	0.36625567	0.8185742609699567	0.4362156423457927	ENSG00000174206.13	KICS2	False
ENST00000623517	5.18899	1.0405375	1.4068878	0.3663503	0.6750801	0.9142632374641173	0.17064468071905856	ENSG00000131089.17	ARHGEF9	False
ENST00000239906	74.8	3.5336094	3.8998096	0.3662002	0.62669414	0.8986654492835523	0.20294436426526488	ENSG00000120709.11	FAM53C	False
ENST00000084798	8.5	1.0048716	1.3710679	0.36619627	0.6369042	0.9018991094981259	0.1959259007977321	ENSG00000063180.9	CA11	False
ENST00000624341	48.05233	2.6687012	3.0348747	0.3661735	0.76331514	0.940089844663147	0.11729612282103215	ENSG00000225830.16	ERCC6	False
ENST00000541380	33.93651	2.242127	2.6082683	0.36614132	0.64051026	0.9030378888992515	0.19347390840872047	ENSG00000111348.9	ARHGDIB	True
ENST00000417201	155.67569	4.7933383	5.1594152	0.36607695	0.26091242	0.8093544299533921	0.5835052497642801	ENSG00000119446.14	RBM18	False
ENST00000483754	34.33431	1.593833	1.9598999	0.36606693	0.78104544	0.9456684473017747	0.10732370056161486	ENSG00000248710.1	TRIM59-IFT80	False
ENST00000394715	67.34698	3.5268528	3.8929036	0.36605072	0.37722373	0.8228844517340773	0.4234009948270789	ENSG00000089775.12	ZBTB25	False
ENST00000438376	50.278572	3.0459545	3.411799	0.3658445	0.566872	0.8758719814065489	0.24651499343110522	ENSG00000106012.19	IQCE	False
ENST00000330947	126.05088	4.482868	4.848556	0.36568785	0.35434705	0.8173803121090482	0.45057117823067155	ENSG00000197147.15	LRRC8B	False
ENST00000378887	15.7	1.536282	1.9016788	0.36539686	0.5305136	0.8648242843919811	0.2753034908441188	ENSG00000205138.4	SDHAF1	False
ENST00000238892	494.43344	6.4152412	6.780618	0.36537695	0.23214698	0.8093544299533921	0.6342369647316978	ENSG00000119878.6	CRIPT	True
ENST00000249364	208.42664	5.244885	5.6096735	0.36478853	0.14589044	0.8093544299533921	0.8359731524477486	ENSG00000128595.17	CALU	False
ENST00000449187	208.42664	5.244885	5.6096735	0.36478853	0.14589044	0.8093544299533921	0.8359731524477486	ENSG00000128595.17	CALU	False
ENST00000591863	109.07451	4.3695636	4.7343082	0.36474466	0.2995324	0.8113486273734618	0.5235561741595701	ENSG00000121289.18	CEP89	False
ENST00000358691	393.14542	5.9999127	6.36462	0.36470747	0.2567209	0.8093544299533921	0.5905387724747652	ENSG00000198265.12	HELZ	False
ENST00000422669	12.19711	1.6967598	2.0614562	0.36469638	0.6686871	0.9127366894097521	0.17477705156258475	ENSG00000049323.16	LTBP1	False
ENST00000272321	88.65615	3.9825525	4.3471894	0.3646369	0.305099	0.8118754707110037	0.5155592009095058	ENSG00000143951.16	WDPCP	False
ENST00000300935	929.4661	7.3254757	7.6900835	0.3646078	0.25111875	0.8093544299533921	0.6001208601730542	ENSG00000167461.12	RAB8A	False
ENST00000545045	12.0	1.2861035	1.6507099	0.36460638	0.4105452	0.8325744088101373	0.38663902105983533	ENSG00000111674.9	ENO2	False
ENST00000594154	31.690228	1.9006904	2.2650557	0.36436522	0.80489016	0.9552005372235465	0.09426338421388346	ENSG00000256087.7	ZNF432	False
ENST00000374395	410.6791	6.0908847	6.4551525	0.36426783	0.26434177	0.8093544299533921	0.5778342037123985	ENSG00000117602.13	RCAN3	False
ENST00000618916	124.25498	3.9525244	4.3167872	0.36426282	0.59465915	0.8857079187793583	0.22573189451290998	ENSG00000196072.12	BLOC1S2	True
ENST00000296215	145.85349	4.624623	4.9886503	0.3640275	0.3324672	0.8148546909488805	0.4782511962820988	ENSG00000163877.11	SNIP1	False
ENST00000642185	88.00191	3.8864772	4.250391	0.36391377	0.4614374	0.8481416265840513	0.3358872044399155	ENSG00000188153.14	COL4A5	True
ENST00000513336	97.54547	4.1754336	4.539323	0.36388922	0.09948808	0.8093544299533921	1.0022289523870587	ENSG00000049860.14	HEXB	False
ENST00000333430	141.03056	4.830626	5.1944	0.36377382	0.55953306	0.8736187755043462	0.25217424840927677	ENSG00000180739.15	S1PR5	False
ENST00000462683	275.6831	5.446739	5.810279	0.3635397	0.5796866	0.8801995577646254	0.23680675205699703	ENSG00000181704.12	YIPF6	False
ENST00000684207	69.139305	3.7352238	4.098709	0.36348534	0.51916337	0.8596276200549111	0.28469595702152095	ENSG00000164610.10	RP9	False
ENST00000561245	8.02433	1.3042625	1.6676856	0.3634231	0.40936613	0.8323007445595858	0.38788809182154543	ENSG00000103995.14	CEP152	False
ENST00000564879	89.8528	3.656127	4.0195265	0.3633995	0.6344231	0.901006220382149	0.1976210279639095	ENSG00000162065.14	TBC1D24	True
ENST00000300101	35.9	2.6014163	2.9648075	0.36339116	0.59961253	0.8872137205946347	0.22212929742116552	ENSG00000166860.3	ZBTB39	False
ENST00000374804	14.82473	1.2018749	1.5651661	0.36329126	0.6559613	0.9086711018784973	0.18312179859155545	ENSG00000001497.18	LAS1L	False
ENST00000597721	163.2068	4.728813	5.0920258	0.3632126	0.31242186	0.8118754707110037	0.5052585887139749	ENSG00000125650.5	PSPN	False
ENST00000577554	44.25539	2.5910103	2.9541574	0.36314702	0.677774	0.9153203534420307	0.16891508734699656	ENSG00000108395.14	TRIM37	True
ENST00000672274	361.52658	5.990711	6.3538456	0.36313438	0.4016203	0.8298121044971967	0.3961843452713321	ENSG00000170004.19	CHD3	False
ENST00000703338	18.122005	1.036148	1.3992097	0.3630618	0.7525716	0.9367761286654671	0.12345218472553375	ENSG00000087470.21	DNM1L	False
ENST00000394817	46.09635	2.9862487	3.3492923	0.36304355	0.6180825	0.8951237042968144	0.20895353617151763	ENSG00000120725.13	SIL1	False
ENST00000428214	40.83831	2.4030025	2.7657485	0.362746	0.7768882	0.9442272701652389	0.10964147955395079	ENSG00000127980.16	PEX1	False
ENST00000373856	21.381348	1.5513645	1.9140346	0.36267006	0.7052619	0.922584894924629	0.1516495857358586	ENSG00000147140.17	NONO	False
ENST00000616743	4804.1357	9.232527	9.595178	0.36265087	0.59985363	0.8872137205946347	0.22195470518006974	ENSG00000176788.9	BASP1	False
ENST00000332854	180.26901	4.739695	5.1022954	0.36260033	0.46747795	0.8496539504698483	0.33023887145767267	ENSG00000183647.11	ZNF530	False
ENST00000554030	16.9	1.8437729	2.2062612	0.36248827	0.54608494	0.8693177891645862	0.26273979998306285	ENSG00000187790.12	FANCM	False
ENST00000442813	25.830149	2.3740623	2.7365184	0.36245608	0.5778586	0.8794550641073513	0.23817839876293326	ENSG00000152284.5	TCF7L1	False
ENST00000245185	201.96123	5.2999253	5.662307	0.36238146	0.6174888	0.894947108003435	0.2093709141813798	ENSG00000125148.7	MT2A	False
ENST00000636930	202.31529	5.068091	5.430419	0.36232805	0.53447586	0.8661566713360632	0.27207190282440374	ENSG00000049618.25	ARID1B	False
ENST00000614987	1655.3477	7.956945	8.319248	0.36230326	0.36851364	0.8194459451468774	0.43354642831510287	ENSG00000100784.12	RPS6KA5	False
ENST00000366541	101.4665	3.9462073	4.3083854	0.3621781	0.4165911	0.8361759835082455	0.3802900043232961	ENSG00000054282.16	SDCCAG8	False
ENST00000411700	419.5126	6.243601	6.6055756	0.36197472	0.1681473	0.8093544299533921	0.7743101129831927	ENSG00000104805.17	NUCB1	False
ENST00000261965	34.83277	2.6433613	3.00521	0.3618486	0.4679485	0.8496539504698483	0.32980194390339174	ENSG00000126216.15	TUBGCP3	False
ENST00000448876	222.8946	5.3707786	5.7323747	0.3615961	0.21320206	0.8093544299533921	0.6712086048761253	ENSG00000073803.14	MAP3K13	True
ENST00000400798	88.771255	3.5756216	3.9371898	0.3615682	0.70190984	0.9220332408747174	0.1537186691504019	ENSG00000189337.17	KAZN	False
ENST00000530445	321.57782	5.518755	5.8801026	0.36134768	0.44914034	0.8470024537044705	0.3476179364946032	ENSG00000104529.19	EEF1D	False
ENST00000557879	16.950258	1.7446858	2.106017	0.36133134	0.5858085	0.8821122611519641	0.23224431952889332	ENSG00000128463.13	EMC4	True
ENST00000587502	12.7207	1.0230228	1.3842846	0.36126184	0.6452539	0.9048042904464558	0.19026936405498854	ENSG00000130332.15	LSM7	True
ENST00000263997	222.09465	5.3450923	5.7062387	0.36114645	0.10899516	0.8093544299533921	0.9625927789840957	ENSG00000103061.13	SLC7A6OS	False
ENST00000548278	47.9	3.284949	3.6458976	0.36094856	0.3327348	0.8148546909488805	0.477901783434625	ENSG00000139405.16	RITA1	False
ENST00000372158	995.6038	7.3769965	7.7378745	0.360878	0.3626832	0.8185742609699567	0.44047255295111987	ENSG00000108219.17	TSPAN14	False
ENST00000332180	124.87809	3.4707634	3.8315706	0.36080718	0.68555564	0.9173021276178854	0.16395729388587701	ENSG00000136051.15	WASHC4	False
ENST00000441627	91.8	4.1066566	4.4673967	0.36074018	0.13564593	0.8093544299533921	0.8675932453440276	ENSG00000122515.16	ZMIZ2	False
ENST00000373314	32.0	2.1121542	2.4728842	0.36072993	0.61416477	0.8933709596854654	0.21171509962470494	ENSG00000136830.12	NIBAN2	False
ENST00000422871	383.60617	5.985045	6.3457427	0.36069775	0.24388023	0.8093544299533921	0.6128234090445969	ENSG00000138964.18	PARVG	False
ENST00000618852	3783.366	9.470844	9.831352	0.36050797	0.12180032	0.8093544299533921	0.9143515765475334	ENSG00000158195.11	WASF2	False
ENST00000264893	261.43878	5.459921	5.820362	0.3604412	0.213434	0.8093544299533921	0.6707364048220118	ENSG00000138758.12	SEPTIN11	False
ENST00000367249	105.7	3.8599794	4.220363	0.36038375	0.68098825	0.9165289327582022	0.16686038010604007	ENSG00000159348.13	CYB5R1	False
ENST00000397426	1749.999	8.071504	8.431877	0.3603735	0.6854036	0.9173021276178854	0.16405362805013898	ENSG00000100225.18	FBXO7	False
ENST00000381210	7.950578	1.2216023	1.5819399	0.36033762	0.5900101	0.8837537276609903	0.22914054905752385	ENSG00000205678.8	TECRL	False
ENST00000619426	116.915	3.817628	4.177949	0.36032104	0.67932487	0.9160613586811011	0.16792248862901435	ENSG00000277791.5	PSMB3	False
ENST00000472628	14.586919	1.7002436	2.0604746	0.36023104	0.69391316	0.9198278000513336	0.15869487497810197	ENSG00000198242.14	RPL23A	False
ENST00000373625	746.3261	7.116732	7.4768057	0.36007357	0.1557681	0.8093544299533921	0.8075214873299177	ENSG00000025800.14	KPNA6	False
ENST00000536498	29.1	2.000396	2.3604617	0.3600657	0.7351237	0.9332857513397641	0.13363957917819602	ENSG00000274529.6	SEBOX	False
ENST00000375915	31.827719	2.2611105	2.6210747	0.35996413	0.57112235	0.8770897118997009	0.24327084533830842	ENSG00000204442.4	NALF1	False
ENST00000353487	331.94632	5.777668	6.137519	0.35985088	0.16464093	0.8093544299533921	0.7834621807550475	ENSG00000157837.16	SPPL3	False
ENST00000227451	220.7	5.1007667	5.4606147	0.35984802	0.35496485	0.8173944929220979	0.44981464748996747	ENSG00000110042.8	DTX4	False
ENST00000370323	38.747017	2.66097	3.0207605	0.35979056	0.69130766	0.9190096639099691	0.16032862845150492	ENSG00000124260.12	MAGEA10	False
ENST00000373795	589.0622	6.7216163	7.0814	0.35978365	0.24538223	0.8093544299533921	0.6101568831649236	ENSG00000116350.18	SRSF4	False
ENST00000244669	23.1	1.8482352	2.2078867	0.35965145	0.68000555	0.9161893522054153	0.16748754245327468	ENSG00000124701.6	APOBEC2	False
ENST00000635641	162.97589	4.5574527	4.9170914	0.3596387	0.46184373	0.8481416265840513	0.3355049489142664	ENSG00000282988.2	ENSG00000282988	False
ENST00000682181	410.2565	5.081018	5.4406056	0.35958767	0.7612704	0.9397880799057589	0.11846105407542545	ENSG00000099246.18	RAB18	False
ENST00000344063	2268.3064	8.692887	9.052406	0.359519	0.16088893	0.8093544299533921	0.79347384957622	ENSG00000108107.15	RPL28	False
ENST00000391762	11.781089	1.4821845	1.8416972	0.3595127	0.5513968	0.8705170621904874	0.25853576873420575	ENSG00000170906.16	NDUFA3	True
ENST00000608382	469.12558	6.3020663	6.6615577	0.35949135	0.17197825	0.8093544299533921	0.7645264742487807	ENSG00000089775.12	ZBTB25	False
ENST00000426639	10.765018	1.408206	1.7672086	0.3590026	0.41921318	0.837011215727513	0.37756507603421974	ENSG00000171502.15	COL24A1	False
ENST00000529489	15.673587	1.2027014	1.5616174	0.35891593	0.6912385	0.9190096639099691	0.16037206674466667	ENSG00000116977.19	LGALS8	True
ENST00000502213	25.83334	1.3374311	1.6963028	0.3588717	0.79390275	0.9505468205941181	0.10023269108338338	ENSG00000174125.8	TLR1	False
ENST00000262013	680.3094	6.682176	7.040941	0.35876513	0.4057078	0.8312293045789577	0.3917866358214533	ENSG00000008294.22	SPAG9	False
ENST00000479633	47.85304	2.8606303	3.2193298	0.35869956	0.62825555	0.8994102380446959	0.2018636688683766	ENSG00000269891.2	ARHGAP19-SLIT1	False
ENST00000395147	65.636665	3.1926515	3.5513077	0.35865617	0.6357661	0.9016400598756685	0.19670264057538517	ENSG00000106077.19	ABHD11	False
ENST00000396053	121.79264	4.381718	4.7403316	0.3586135	0.14269555	0.8093544299533921	0.8455895819839826	ENSG00000173933.21	RBM4	False
ENST00000370779	9.09821	1.1839677	1.5424165	0.35844874	0.66914785	0.9127366894097521	0.17447791370196772	ENSG00000101928.13	MOSPD1	False
ENST00000274813	74.2	3.534751	3.8931513	0.35840034	0.49966586	0.8548764927378353	0.30132032616370324	ENSG00000146085.8	MMUT	False
ENST00000591024	42.540504	3.0197499	3.3780951	0.35834527	0.5463635	0.8693177891645862	0.262518343059133	ENSG00000108788.12	MLX	False
ENST00000599242	38.75719	2.6879356	3.0462608	0.35832524	0.59297615	0.8847708896745496	0.2269627718525042	ENSG00000176531.11	PHLDB3	False
ENST00000329468	25.21472	2.2210367	2.5791254	0.35808873	0.60233337	0.8888914660433991	0.2201630779774836	ENSG00000185823.5	NPAP1	False
ENST00000537055	115.870705	4.1438813	4.5019636	0.3580823	0.5467018	0.8693177891645862	0.262249505019877	ENSG00000127903.14	ZNF835	False
ENST00000458387	36.097023	1.9500566	2.3080337	0.35797715	0.8313387	0.9617724706824102	0.08022200010356438	ENSG00000160310.19	PRMT2	False
ENST00000340533	340.02362	5.8574295	6.215191	0.35776138	0.37975138	0.8231329589941108	0.42050063438516916	ENSG00000166347.19	CYB5A	False
ENST00000650546	53.10785	2.9283724	3.2861238	0.35775137	0.6192382	0.8960176400207205	0.20814226197694233	ENSG00000079739.17	PGM1	False
ENST00000530639	109.6	4.381086	4.7388234	0.35773754	0.45192358	0.8472077019271466	0.3449349988929426	ENSG00000135362.14	PRR5L	False
ENST00000468040	27.76145	1.8963184	2.2539823	0.35766387	0.5536355	0.8717883848544715	0.2567760872389862	ENSG00000163877.11	SNIP1	False
ENST00000344529	15.1	1.7073225	2.0649126	0.35759008	0.44303417	0.8455557222610633	0.35356277453560125	ENSG00000135845.10	PIGC	False
ENST00000338523	389.88922	5.2198873	5.5773606	0.35747337	0.7621145	0.939913304152022	0.11797976124656134	ENSG00000086300.17	SNX10	False
ENST00000524930	12.508074	1.6335171	1.9909309	0.35741377	0.59750646	0.8868900645534986	0.2236573923727586	ENSG00000164483.17	SAMD3	True
ENST00000378268	343.19955	5.5774226	5.934759	0.35733652	0.46388108	0.8490390395771057	0.333593344714945	ENSG00000123179.14	EBPL	False
ENST00000290231	17.28458	1.9565787	2.3136985	0.3571198	0.5016011	0.8548764927378353	0.2996415198059484	ENSG00000124160.12	NCOA5	False
ENST00000601138	17.252634	1.734016	2.0909908	0.35697484	0.45363283	0.8472077019271466	0.34329552101284727	ENSG00000187187.14	ZNF546	True
ENST00000381938	83.501114	3.505585	3.8624225	0.3568375	0.6045098	0.8899892143002557	0.21859667511632608	ENSG00000121895.8	TMEM156	False
ENST00000262948	12.256971	1.6431898	2.0000045	0.35681474	0.5358084	0.8665861353230246	0.27099049476253734	ENSG00000126934.15	MAP2K2	False
ENST00000650467	235.2238	5.2242017	5.5807843	0.35658264	0.33038026	0.8142173533113395	0.48098590814047115	ENSG00000183287.15	CCBE1	False
ENST00000454859	51.192234	1.9437958	2.3002057	0.3564099	0.77441144	0.9436716994668313	0.11102824009164525	ENSG00000093144.19	ECHDC1	False
ENST00000227155	742.9833	6.805666	7.1620092	0.35634327	0.38143706	0.823716002720574	0.41857711000881087	ENSG00000085117.12	CD82	False
ENST00000457014	17.415054	1.8304086	2.1867015	0.35629296	0.564572	0.8754369998200654	0.24828068248247195	ENSG00000122133.17	PAEP	True
ENST00000700052	23.729406	1.4171414	1.7734301	0.35628867	0.7518313	0.9367761286654671	0.12387960181926133	ENSG00000239697.12	TNFSF12	False
ENST00000348925	18.351889	1.7988285	2.1550717	0.35624325	0.5271249	0.8628966334781174	0.2780864834070387	ENSG00000112294.14	ALDH5A1	False
ENST00000341319	148.07724	4.845192	5.2013936	0.35620165	0.22251435	0.8093544299533921	0.6526419833668218	ENSG00000172578.12	KLHL6	False
ENST00000580224	61.128395	2.7899969	3.1461112	0.3561144	0.6974297	0.9212025833663481	0.15649955183410105	ENSG00000134265.13	NAPG	False
ENST00000713971	118.81594	4.454673	4.8107557	0.35608292	0.31887692	0.8118754707110037	0.4963769105281653	ENSG00000136104.22	RNASEH2B	False
ENST00000630991	14.2603245	1.2357198	1.5916201	0.3559003	0.5525476	0.8710701841073433	0.25763032351616655	ENSG00000187391.23	MAGI2	False
ENST00000371481	111.350136	4.2418	4.5974574	0.35565758	0.26070076	0.8093544299533921	0.5838576989813156	ENSG00000186188.11	FFAR4	False
ENST00000397795	17.25608	1.8150415	2.170567	0.3555255	0.47218725	0.8496539504698483	0.32588574313429136	ENSG00000134160.17	TRPM1	False
ENST00000691921	59.15449	2.4903667	2.845822	0.3554554	0.8069393	0.9552005372235465	0.09315913068501497	ENSG00000153015.17	CWC27	False
ENST00000373264	46.0	2.7084522	3.0636854	0.3552332	0.6275364	0.8990447799084473	0.2023610669269006	ENSG00000136807.14	CDK9	False
ENST00000682903	38.714527	2.4319482	2.787129	0.35518074	0.5944259	0.8857079187793583	0.225902263813158	ENSG00000184752.14	NDUFA12	False
ENST00000449207	7.9452105	0.71320695	1.0683285	0.35512155	0.66386443	0.9108073128400928	0.17792059785884645	ENSG00000126856.16	PRDM7	False
ENST00000251166	34.08277	2.6767108	3.031826	0.35511518	0.50760365	0.8558786284660064	0.29447526770672533	ENSG00000262246.6	CORO7	False
ENST00000394264	74.0	3.7118187	4.066731	0.35491228	0.39914784	0.8298121044971967	0.3988662183744497	ENSG00000187866.10	PABIR1	False
ENST00000598034	253.2496	5.273	5.6275263	0.35452652	0.5436504	0.8685822893933551	0.2646802971053875	ENSG00000130755.13	GMFG	True
ENST00000314888	2440.3396	8.619519	8.973965	0.35444546	0.5420673	0.8677958347030249	0.265946799106351	ENSG00000137076.22	TLN1	False
ENST00000358232	137.04471	4.595594	4.950039	0.35444498	0.47133684	0.8496539504698483	0.326668612710174	ENSG00000134759.14	ELP2	False
ENST00000466489	11.928412	1.1513757	1.5056673	0.35429168	0.6283349	0.8994102380446959	0.201808831232867	ENSG00000160783.19	PMF1	False
ENST00000488010	330.55768	5.9946	6.3486705	0.35407066	0.55645764	0.8725429329491033	0.2545678914577066	ENSG00000144747.17	TMF1	False
ENST00000515007	72.191246	3.6798275	4.033841	0.35401368	0.46570486	0.8494197755236921	0.3318892314183335	ENSG00000145685.14	LHFPL2	False
ENST00000366628	215.27055	5.094082	5.447996	0.35391426	0.5080727	0.8558786284660064	0.29407416216695315	ENSG00000135778.12	NTPCR	False
ENST00000376414	73.5	3.303436	3.657329	0.35389304	0.59531397	0.8857731799485989	0.2252539286279966	ENSG00000169508.7	GPR183	False
ENST00000337190	626.5	6.789303	7.1431684	0.35386562	0.34287825	0.81719736681995	0.4648600599990748	ENSG00000123933.17	MXD4	False
ENST00000292530	111.32228	3.8781745	4.2319274	0.35375285	0.5470662	0.8693177891645862	0.2619601076045414	ENSG00000160961.12	ZNF333	False
ENST00000605997	107.38118	3.8266857	4.179858	0.35317254	0.5730778	0.8774993431264995	0.24178641660029077	ENSG00000183648.11	NDUFB1	True
ENST00000474203	358.88422	5.9858413	6.338848	0.35300684	0.26856947	0.8093544299533921	0.570943358764042	ENSG00000005483.23	KMT2E	False
ENST00000421350	18.637503	1.6975069	2.0503056	0.3527987	0.6042214	0.8899892143002557	0.21880389458706015	ENSG00000204520.14	MICA	False
ENST00000525734	31.039234	2.4599702	2.8126698	0.35269952	0.54998296	0.8698453977153369	0.25965076200452003	ENSG00000110274.16	CEP164	False
ENST00000615536	30.808792	2.183812	2.5363955	0.35258365	0.6722054	0.9137093146674277	0.17249801045266294	ENSG00000112309.11	B3GAT2	False
ENST00000525933	27.99501	2.6727798	3.0253358	0.352556	0.57807046	0.8794822957930938	0.23801922164151065	ENSG00000149273.15	RPS3	False
ENST00000485846	13.15538	1.1526128	1.504871	0.3522582	0.7473825	0.9359070387213771	0.1264570628266162	ENSG00000105856.14	HBP1	False
ENST00000335393	82.730286	3.782647	4.134862	0.35221505	0.48698324	0.8529381765683051	0.31248598550499845	ENSG00000167483.19	NIBAN3	False
ENST00000649865	171.0871	4.3670144	4.7191777	0.3521633	0.5375396	0.8669369265370219	0.2695895351261932	ENSG00000140443.15	IGF1R	False
ENST00000519476	94.88642	3.9519634	4.304083	0.35211945	0.544918	0.8692662506126195	0.2636688454731589	ENSG00000165046.13	LETM2	False
ENST00000295756	65.3	3.2555673	3.6076708	0.35210347	0.6936089	0.9197807172875258	0.15888535536892842	ENSG00000163519.14	TRAT1	False
ENST00000443046	16.65865	1.5832409	1.935189	0.35194814	0.7249034	0.9292743254121232	0.13971986045682064	ENSG00000205581.11	HMGN1	False
ENST00000296315	68.60536	3.6219666	3.9739075	0.35194087	0.47495386	0.8500118764885034	0.32334857837801745	ENSG00000163947.12	ARHGEF3	False
ENST00000676225	43.52809	2.0223742	2.373879	0.3515048	0.83945924	0.963832447912024	0.07600038598600428	ENSG00000151092.18	NGLY1	False
ENST00000645109	40.28381	2.5193934	2.8706975	0.35130405	0.6447325	0.9045956937065596	0.1906204537534966	ENSG00000127990.19	SGCE	False
ENST00000590730	40.59459	2.7206974	3.071999	0.35130167	0.51711714	0.8587697515903885	0.2864110649222717	ENSG00000168096.15	ANKS3	True
ENST00000609094	254.78682	5.52453	5.875588	0.351058	0.2632702	0.8093544299533921	0.5795982977968238	ENSG00000017797.13	RALBP1	False
ENST00000545584	12.138363	1.936731	2.2877517	0.3510207	0.6006278	0.8876120410793884	0.2213945848832903	ENSG00000111642.16	CHD4	True
ENST00000357685	10.045264	1.2202499	1.5712368	0.35098696	0.5147199	0.8587509528528511	0.2884290378899748	ENSG00000197580.13	BCO2	False
ENST00000332160	218.2105	5.101443	5.452397	0.35095406	0.2857597	0.8106393935615843	0.5439990378413582	ENSG00000185432.12	TMT1A	False
ENST00000300209	120.75427	4.4294887	4.7802796	0.35079098	0.25572678	0.8093544299533921	0.5922237821914103	ENSG00000123427.17	EEF1AKMT3	False
ENST00000679286	121.58087	4.2312427	4.5819073	0.35066462	0.39458224	0.8290075231731883	0.40386246412507326	ENSG00000112357.14	PEX7	False
ENST00000267436	269.3664	5.609468	5.9601154	0.35064745	0.2624402	0.8093544299533921	0.5809696323022584	ENSG00000087299.12	L2HGDH	False
ENST00000552955	112.02169	4.200705	4.551337	0.3506317	0.39309716	0.8284185470236078	0.40550009132375664	ENSG00000127337.7	YEATS4	False
ENST00000698281	7.407029	1.0097065	1.3601506	0.35044408	0.63848305	0.9028191593960357	0.19485062930315875	ENSG00000072274.14	TFRC	False
ENST00000394785	24.219374	1.8056842	2.1560266	0.3503424	0.5982123	0.8869755502331795	0.22314466031338398	ENSG00000164038.16	SLC9B2	False
ENST00000371518	85.06095	4.0406175	4.390936	0.35031843	0.22025613	0.8093544299533921	0.657071986198231	ENSG00000020256.20	ZFP64	False
ENST00000287546	60.98767	1.500874	1.8507215	0.34984744	0.8142265	0.9569937170418915	0.08925476273803509	ENSG00000156931.16	VPS8	False
ENST00000381006	88.18511	4.0411344	4.3908415	0.34970713	0.2875384	0.8109740254625081	0.5413041342654022	ENSG00000018189.13	RUFY3	False
ENST00000240499	411.31927	6.110863	6.460368	0.34950495	0.16665022	0.8093544299533921	0.77819410671867	ENSG00000131127.14	ZNF141	False
ENST00000433483	731.9873	6.4466176	6.7960944	0.3494768	0.60568833	0.8899892143002557	0.21775079143565584	ENSG00000119487.17	MAPKAP1	False
ENST00000465229	118.063805	4.223074	4.572528	0.34945393	0.5489165	0.8697044944691829	0.2604936996844278	ENSG00000107371.14	EXOSC3	False
ENST00000508216	13.446001	1.564902	1.9142194	0.34931743	0.57183254	0.8771552891618881	0.24273113663057758	ENSG00000163110.15	PDLIM5	False
ENST00000595189	16.676418	1.567276	1.9165028	0.34922683	0.48131388	0.8508696399096464	0.31757161023250874	ENSG00000142556.19	ZNF614	True
ENST00000380763	9.609244	1.2071162	1.5562632	0.34914696	0.6918823	0.9190707643921263	0.1599677718240859	ENSG00000004961.15	HCCS	False
ENST00000687222	17.552788	1.8290205	2.1780176	0.34899712	0.642885	0.9036380088385125	0.19186668741501342	ENSG00000135930.15	EIF4E2	False
ENST00000560243	8.589841	1.0429075	1.3917749	0.34886742	0.6599633	0.9103157985469302	0.1804802081090137	ENSG00000100949.15	RABGGTA	True
ENST00000367558	29.0	2.683667	3.0324976	0.3488307	0.3210297	0.8125420389446386	0.4934547966881587	ENSG00000143333.7	RGS16	False
ENST00000451315	316.1376	5.83025	6.179043	0.34879303	0.41902274	0.8369928622965472	0.377762408715294	ENSG00000225921.7	NOL7	False
ENST00000260403	19.338112	1.6909376	2.0397046	0.34876692	0.5896234	0.8835878660490217	0.22942529541093862	ENSG00000137842.7	TMEM62	False
ENST00000298295	24.2	1.9396353	2.2883606	0.34872532	0.5426792	0.8680718729934456	0.2654568313878456	ENSG00000165507.9	DEPP1	False
ENST00000573392	20.185272	1.852057	2.200621	0.3485639	0.69703513	0.9210956347302779	0.156745330872291	ENSG00000214087.9	ARL16	False
ENST00000265354	96.3	4.0477147	4.396268	0.34855318	0.2670676	0.8093544299533921	0.5733787781052799	ENSG00000112658.8	SRF	False
ENST00000420647	12.6	1.149417	1.4976022	0.34818518	0.49645057	0.8537766521893764	0.30412398352801606	ENSG00000143994.14	ABHD1	True
ENST00000561618	29.334314	2.2178807	2.566057	0.34817624	0.7865151	0.9479270330289515	0.10429292589174145	ENSG00000066933.17	MYO9A	False
ENST00000332290	136.1751	4.433292	4.781454	0.34816217	0.4450278	0.845708078626981	0.35161286020819005	ENSG00000185127.7	C6orf120	False
ENST00000327520	466.0445	5.803465	6.1515183	0.34805346	0.62091684	0.896545014235253	0.20696655902553712	ENSG00000171988.20	JMJD1C	False
ENST00000371806	4805.312	9.661619	10.009659	0.34803963	0.15416121	0.8093544299533921	0.8120248759912165	ENSG00000085265.12	FCN1	False
ENST00000311380	33.370007	1.4696337	1.817632	0.34799826	0.80461437	0.9552005372235465	0.09441221806311123	ENSG00000165322.18	ARHGAP12	False
ENST00000615952	29.994934	2.1665154	2.5144424	0.3479271	0.56184983	0.8742763649491251	0.2503797442460534	ENSG00000278311.5	GGNBP2	True
ENST00000637049	219.13957	5.1214914	5.469389	0.34789753	0.47333905	0.8500118764885034	0.32482766426690823	ENSG00000140718.22	FTO	True
ENST00000644470	121.14929	2.8486526	3.1965487	0.3478961	0.8825707	0.9753528853304446	0.054250502458199026	ENSG00000159023.23	EPB41	False
ENST00000334660	186.51593	5.0266647	5.3745375	0.34787273	0.20136493	0.8093544299533921	0.6960161549501149	ENSG00000187446.12	CHP1	False
ENST00000404039	28.642527	2.462208	2.8099613	0.3477533	0.59120345	0.8843425619428408	0.22826303940704004	ENSG00000130226.18	DPP6	False
ENST00000559663	64.978455	3.1593063	3.506988	0.34768176	0.6824539	0.9166447384470666	0.1659266986398188	ENSG00000167258.16	CDK12	False
ENST00000397609	188.3901	5.144749	5.4921684	0.34741926	0.33627033	0.8158433703746901	0.4733114469016482	ENSG00000171262.11	FAM98B	False
ENST00000543955	32.90333	2.4383335	2.7857103	0.34737682	0.5865007	0.8824937645522923	0.23173146203367267	ENSG00000247077.8	PGAM5	False
ENST00000420886	1176.6105	7.7095933	8.056935	0.347342	0.20441516	0.8093544299533921	0.6894869042940472	ENSG00000139697.14	SBNO1	False
ENST00000420191	8.738615	1.4468645	1.7941782	0.34731376	0.46919945	0.8496539504698483	0.32864250672885886	ENSG00000163793.13	DNAJC5G	True
ENST00000264555	360.1	5.9456196	6.292919	0.34729958	0.28476635	0.8106393935615843	0.5455113370724218	ENSG00000070047.13	PHRF1	False
ENST00000361999	502.7475	6.4797726	6.826938	0.34716558	0.32503214	0.8142173533113395	0.48807368636766285	ENSG00000198399.16	ITSN2	False
ENST00000479408	23.29435	2.0733354	2.4203815	0.34704614	0.7352781	0.9332857513397641	0.1335483516741282	ENSG00000178104.22	PDE4DIP	False
ENST00000650285	123.55265	3.962308	4.309248	0.34694004	0.5370497	0.8667540534925389	0.26998551298672974	ENSG00000140443.15	IGF1R	False
ENST00000507677	76.59047	3.6165593	3.9634914	0.34693217	0.47712857	0.8504371505934152	0.32136458179412386	ENSG00000176406.25	RIMS2	False
ENST00000256722	16.0	1.6640925	2.0109959	0.34690332	0.6374507	0.9020571020484834	0.19555340101335814	ENSG00000134326.12	CMPK2	False
ENST00000550991	5.787427	0.77621824	1.1228652	0.34664696	0.67349094	0.9141900609544965	0.17166824117689472	ENSG00000186298.12	PPP1CC	False
ENST00000302495	26.070642	2.2868798	2.6334968	0.34661698	0.64555997	0.9049129263557762	0.1900634095737036	ENSG00000169495.5	HTRA4	False
ENST00000539275	15.637949	1.7808466	2.12738	0.3465333	0.72956604	0.9317594251458877	0.1369353912399241	ENSG00000076043.11	REXO2	False
ENST00000396398	190.7	5.0239906	5.370508	0.34651756	0.25896508	0.8093544299533921	0.5867588025232431	ENSG00000198951.12	NAGA	False
ENST00000229633	86.523766	4.020439	4.3668475	0.34640837	0.21608299	0.8093544299533921	0.6653794189856391	ENSG00000111911.7	HINT3	False
ENST00000559514	313.29092	5.570313	5.9166594	0.34634638	0.49914965	0.8548764927378353	0.30176922878307094	ENSG00000100865.15	CINP	False
ENST00000374282	156.64056	4.7709975	5.117281	0.34628344	0.39612108	0.829430883623299	0.402172040400925	ENSG00000158006.14	PAFAH2	False
ENST00000292928	366.21957	5.8654385	6.2116385	0.3462	0.34953478	0.81719736681995	0.45650960412975045	ENSG00000161298.19	ZNF382	False
ENST00000699300	166.83505	4.515439	4.8615904	0.34615135	0.59760916	0.8869203619546826	0.22358275269344535	ENSG00000116044.17	NFE2L2	False
ENST00000360415	89.03905	2.686744	3.0327299	0.3459859	0.81304353	0.9569372134995232	0.08988619930386986	ENSG00000241258.7	CRCP	True
ENST00000479731	20.524548	1.3335333	1.6794508	0.34591746	0.80563647	0.9552005372235465	0.09386088452432663	ENSG00000065809.14	FAM107B	False
ENST00000399050	26.111792	1.5890554	1.934901	0.34584558	0.80971086	0.9561147010173113	0.09167003570708589	ENSG00000198561.16	CTNND1	False
ENST00000393939	165.98419	4.8394036	5.1849303	0.3455267	0.33655217	0.8158433703746901	0.4729476011401992	ENSG00000173805.16	HAP1	False
ENST00000663135	5174.1147	9.942153	10.287499	0.34534645	0.2724368	0.8093544299533921	0.5647342333102534	ENSG00000198668.14	CALM1	False
ENST00000453653	170.47652	4.620536	4.9658556	0.34531975	0.6080817	0.8909135057265082	0.21603806745696905	ENSG00000116095.11	PLEKHA3	False
ENST00000649063	167.12418	4.880404	5.225715	0.34531116	0.24111792	0.8093544299533921	0.6177705034294004	ENSG00000242802.9	AP5Z1	False
ENST00000395310	146.56068	4.7413692	5.0866795	0.3453102	0.52446556	0.8622709692908394	0.28028302452755327	ENSG00000138674.17	SEC31A	False
ENST00000263634	232.003	5.3279285	5.6731076	0.34517908	0.211963	0.8093544299533921	0.6737399466401462	ENSG00000115239.24	ASB3	False
ENST00000512740	58.618202	3.311717	3.656835	0.34511805	0.6802879	0.9163453126624377	0.16730725512794206	ENSG00000182552.15	RWDD4	False
ENST00000551241	21.18819	2.026479	2.3715777	0.34509873	0.60637397	0.8901216863280665	0.2172594531182286	ENSG00000089127.15	OAS1	False
ENST00000714405	725.6969	6.9370866	7.282077	0.34499025	0.18548588	0.8093544299533921	0.7316891345475673	ENSG00000087266.18	SH3BP2	False
ENST00000315757	53.94947	3.2870483	3.6319716	0.34492326	0.54167455	0.8677958347030249	0.26626156530963063	ENSG00000137809.17	ITGA11	False
ENST00000376510	205.92114	4.9548564	5.2997527	0.34489632	0.57677037	0.8791592407063943	0.23899706199209514	ENSG00000148450.13	MSRB2	False
ENST00000627541	89.00834	3.406667	3.7515504	0.34488344	0.8411058	0.9640760333298781	0.07514936257598723	ENSG00000121766.16	ZCCHC17	False
ENST00000493959	26.555508	1.9279376	2.2728012	0.34486353	0.7412116	0.9350245071241121	0.13005779658172525	ENSG00000112701.18	SENP6	True
ENST00000312175	47.0	2.8815546	3.2263503	0.3447957	0.58630496	0.8824937645522923	0.23187642982016193	ENSG00000175334.8	BANF1	False
ENST00000369016	42.852367	2.7500467	3.0947134	0.34466672	0.5244803	0.8622709692908394	0.2802708335565677	ENSG00000143420.19	ENSA	False
ENST00000275820	254.0229	5.519913	5.864485	0.3445716	0.14391482	0.8093544299533921	0.8418944848961446	ENSG00000146909.8	NOM1	False
ENST00000419387	16.108274	1.8717499	2.2162898	0.34453988	0.64084095	0.9030378888992515	0.19324974604876188	ENSG00000093000.19	NUP50	False
ENST00000585465	66.22422	3.3100483	3.6545112	0.34446287	0.5127664	0.8577892264817722	0.290080422882486	ENSG00000118046.18	STK11	False
ENST00000330540	97.98948	4.2813516	4.6257644	0.3444128	0.4354085	0.842654100473947	0.3611030941499684	ENSG00000114013.16	CD86	False
ENST00000509479	129.27847	3.9812794	4.325588	0.34430885	0.70715404	0.9234034770961242	0.15048597586238197	ENSG00000196782.13	MAML3	False
ENST00000555835	32.4	2.245236	2.5895333	0.3442974	0.57303303	0.8774993431264995	0.24182034065312233	ENSG00000258818.4	RNASE4	True
ENST00000704657	19.34476	1.9340515	2.2783294	0.34427786	0.42455092	0.8384964729269883	0.37207021292637066	ENSG00000047056.18	WDR37	False
ENST00000508305	88.344986	3.2685804	3.6128454	0.34426498	0.671333	0.9132738921569098	0.1730619944587935	ENSG00000120318.16	ARAP3	False
ENST00000553228	26.890253	1.2495908	1.5938327	0.34424198	0.8185786	0.9580175559429005	0.08693961278101817	ENSG00000257341.5	ENSG00000257341	False
ENST00000343625	18.994385	1.69828	2.0424247	0.3441447	0.7446322	0.935882830083255	0.12805819662816664	ENSG00000105122.13	RASAL3	False
ENST00000366487	8.5316105	1.1865319	1.530621	0.34408915	0.5500929	0.8698453977153369	0.25956397939559933	ENSG00000196242.10	OR2C3	False
ENST00000423218	47.525898	3.1335256	3.4774094	0.34388375	0.54231656	0.8679881459035331	0.2657471371104727	ENSG00000137809.17	ITGA11	False
ENST00000459889	85.33943	3.8442383	4.1879554	0.3437171	0.34863502	0.81719736681995	0.45762899328821893	ENSG00000105993.15	DNAJB6	False
ENST00000199706	75.23165	3.7179835	4.0615816	0.34359813	0.45598412	0.8473426594424552	0.3410502859039174	ENSG00000086504.18	MRPL28	False
ENST00000467348	614.9036	6.799584	7.143112	0.34352827	0.19379702	0.8093544299533921	0.7126529006269584	ENSG00000163714.18	U2SURP	False
ENST00000369014	58.2589	3.0028617	3.3463793	0.34351754	0.63534296	0.9016400598756685	0.19699178098657427	ENSG00000143420.19	ENSA	False
ENST00000647472	94.479836	4.003749	4.3471785	0.34342957	0.35178667	0.8172002775093227	0.4537206171873238	ENSG00000119866.22	BCL11A	False
ENST00000581396	47.76533	3.2375138	3.5807047	0.3431909	0.35451972	0.8173803121090482	0.4503595964374422	ENSG00000175662.18	TOM1L2	False
ENST00000692975	25.274677	1.8990706	2.2420805	0.34300983	0.72917676	0.9315637277152757	0.1371671816054728	ENSG00000004487.18	KDM1A	False
ENST00000642046	74.854164	3.6439772	3.986977	0.34299994	0.56165564	0.8742352229061511	0.2505298752203096	ENSG00000184698.5	OR51M1	False
ENST00000699786	1008.639	7.3958926	7.738866	0.34297323	0.44279766	0.8455557222610633	0.35379468203977577	ENSG00000071127.18	WDR1	False
ENST00000673730	35.797962	2.2886136	2.6314635	0.34284997	0.8596897	0.9688057802020985	0.06565827021488098	ENSG00000112697.17	TMEM30A	False
ENST00000368015	2402.9607	8.646873	8.989645	0.34277153	0.44317043	0.8455557222610633	0.3534292267656449	ENSG00000186517.14	ARHGAP30	False
ENST00000681112	225.19156	3.7617052	4.1044555	0.3427503	0.85600394	0.9675263843306977	0.06752423630168816	ENSG00000095787.26	WAC	False
ENST00000645491	63.8726	2.5565596	2.8990476	0.34248805	0.7598456	0.9388937208143431	0.11927463878597248	ENSG00000170445.16	HARS1	False
ENST00000552056	825.92236	7.125441	7.4678936	0.34245253	0.46287102	0.8485544709786854	0.33454001383474563	ENSG00000187109.15	NAP1L1	False
ENST00000330022	152.00339	4.2968965	4.639292	0.3423953	0.75271183	0.9367761286654671	0.12337125686435155	ENSG00000181555.22	SETD2	False
ENST00000294353	491.8891	6.289353	6.631692	0.34233904	0.38963032	0.826181329987083	0.4093472574086166	ENSG00000162378.13	ZYG11B	False
ENST00000503366	28.278393	2.3158467	2.6581607	0.342314	0.70533705	0.922584894924629	0.15160330439350841	ENSG00000151150.22	ANK3	False
ENST00000513458	454.53204	6.2950363	6.637328	0.34229183	0.19131008	0.8093544299533921	0.718262151438819	ENSG00000153006.16	SREK1IP1	False
ENST00000368507	64.594345	3.4157674	3.7579803	0.34221292	0.48422483	0.8524476847822213	0.3149529481434588	ENSG00000047936.11	ROS1	False
ENST00000460922	32.98095	2.7130935	3.0550165	0.341923	0.53180635	0.8655410888280711	0.2742464815083908	ENSG00000100804.19	PSMB5	False
ENST00000296129	158.07645	4.8025026	5.1443768	0.34187412	0.5078573	0.8558786284660064	0.29425828116181796	ENSG00000163814.8	CDCP1	False
ENST00000643643	27.642279	1.4467816	1.788378	0.34159636	0.8032837	0.9547866324357046	0.09513105017112916	ENSG00000121957.15	GPSM2	False
ENST00000352689	550.7726	6.4876175	6.828964	0.34134674	0.45880494	0.8478742186373767	0.3383719191797921	ENSG00000128585.18	MKLN1	False
ENST00000264613	53.259705	3.0425885	3.383881	0.34129262	0.810524	0.9563269992301062	0.09123412802354072	ENSG00000047457.14	CP	False
ENST00000526087	17.078272	1.3766518	1.7179339	0.34128213	0.63043463	0.8998400021113475	0.20035993732650362	ENSG00000198945.8	L3MBTL3	True
ENST00000439922	287.67172	5.672472	6.0136976	0.34122562	0.2675502	0.8093544299533921	0.5725947196808973	ENSG00000269404.7	SPIB	False
ENST00000314890	129.9	4.421089	4.7619467	0.3408575	0.36589384	0.8185742609699567	0.43664490107233933	ENSG00000177721.5	ANXA2R	False
ENST00000307179	2225.5957	8.477416	8.81822	0.3408041	0.2408103	0.8093544299533921	0.6183249324606198	ENSG00000138592.14	USP8	False
ENST00000479362	220.2375	5.3825374	5.7232184	0.34068108	0.3184208	0.8118754707110037	0.49699857415656956	ENSG00000008128.23	CDK11A	False
ENST00000373647	311.7346	5.7387033	6.0793743	0.34067106	0.33311623	0.8148546909488805	0.4774042028475708	ENSG00000011454.18	RABGAP1	False
ENST00000334295	306.41138	5.6131177	5.9536734	0.34055567	0.650834	0.9063064353714655	0.18652975132741467	ENSG00000134779.15	TPGS2	False
ENST00000528600	19.64444	2.2132638	2.553796	0.3405323	0.7317086	0.9325470352242357	0.13566184871904818	ENSG00000198851.10	CD3E	False
ENST00000317398	23.5	1.9893675	2.3298655	0.34049797	0.5890697	0.8833190777203832	0.22983329775560465	ENSG00000083814.13	ZNF671	False
ENST00000418949	18.694427	1.9045038	2.2448826	0.34037876	0.52296156	0.8618173325813022	0.281530235099938	ENSG00000166278.16	C2	False
ENST00000357199	9.256189	1.2360648	1.5763512	0.34028637	0.591907	0.8844881973044109	0.22774650606141103	ENSG00000158901.12	WFDC8	False
ENST00000398341	12.1	1.4140209	1.754142	0.34012115	0.7068235	0.9234034770961242	0.15068900270053776	ENSG00000160190.14	SLC37A1	False
ENST00000612935	21.319075	1.6230125	1.9630936	0.3400811	0.5597214	0.8736417902867227	0.2520280802895671	ENSG00000088876.13	ZNF343	False
ENST00000381042	35.08172	2.3849516	2.7249334	0.3399818	0.68073	0.9164198689997667	0.1670251188882675	ENSG00000006757.12	PNPLA4	False
ENST00000612452	10.7089205	0.833096	1.1730504	0.33995438	0.68683	0.917507040123707	0.16315075357637976	ENSG00000169083.18	AR	False
ENST00000413518	231.0068	5.3815255	5.7214494	0.33992386	0.23937085	0.8093544299533921	0.6209287331208431	ENSG00000142396.11	ERVK3-1	False
ENST00000355716	170.63644	4.785731	5.125454	0.3397231	0.52773136	0.8635213693726634	0.27758709828417444	ENSG00000157873.18	TNFRSF14	False
ENST00000457259	9.5	1.4895077	1.8291683	0.33966064	0.525956	0.8628966334781174	0.2790506067788902	ENSG00000101019.22	UQCC1	True
ENST00000608066	65.67746	3.2261887	3.5658092	0.3396206	0.6620294	0.9104548772915186	0.17912273305843857	ENSG00000101266.19	CSNK2A1	False
ENST00000427665	20.099043	2.3280218	2.6675768	0.33955503	0.5774287	0.8794043640980256	0.23850163523237575	ENSG00000143457.11	GOLPH3L	True
ENST00000409202	893.7332	7.281446	7.6208625	0.3394165	0.44887242	0.8470024537044705	0.3478770807664695	ENSG00000163219.12	ARHGAP25	False
ENST00000420937	21.500687	1.7315017	2.0707836	0.33928192	0.72836095	0.9312383368705125	0.1376533457476777	ENSG00000170160.19	CCDC144A	False
ENST00000489775	46.996815	2.0526502	2.3918827	0.33923244	0.77102435	0.9426301048560082	0.11293190817572878	ENSG00000188313.13	PLSCR1	True
ENST00000311048	605.3842	6.664818	7.003847	0.3390293	0.30974326	0.8118754707110037	0.5089981415605258	ENSG00000196705.8	ZNF431	False
ENST00000354959	144.10349	4.4557304	4.794671	0.33894062	0.33642188	0.8158433703746901	0.4731157702618901	ENSG00000198521.12	ZNF43	False
ENST00000686619	27.760202	1.8952118	2.2339396	0.33872783	0.70307237	0.922182151926897	0.15299996959953097	ENSG00000001631.17	KRIT1	False
ENST00000502597	312.85022	5.7684727	6.107131	0.33865833	0.4136582	0.833681742740497	0.38335836039656856	ENSG00000110200.9	ANAPC15	True
ENST00000286298	150.09212	4.5904474	4.928907	0.3384595	0.23671006	0.8093544299533921	0.6257832906122076	ENSG00000155850.9	SLC26A2	False
ENST00000272452	23.5251	2.0007877	2.339223	0.33843517	0.51282257	0.8577892264817722	0.29003287053463733	ENSG00000198075.10	SULT1C4	False
ENST00000456665	8.829465	1.2573375	1.5956106	0.33827317	0.69781715	0.9212025833663481	0.15625836326334142	ENSG00000177192.14	PUS1	False
ENST00000318636	403.7725	6.103344	6.441434	0.33808994	0.37504315	0.822029190427276	0.42591875797149165	ENSG00000169239.14	CA5B	False
ENST00000409871	648.4987	6.797703	7.1357512	0.33804846	0.28250712	0.8102614157364052	0.5489705998214923	ENSG00000188177.15	ZC3H6	False
ENST00000378026	1354.7	7.709974	8.047957	0.3379836	0.40585166	0.8312293045789577	0.39163267104715577	ENSG00000136026.14	CKAP4	False
ENST00000356156	143.83755	4.5321674	4.8700857	0.33791828	0.37991992	0.8231329589941108	0.4203079390008156	ENSG00000243716.12	NPIPB5	False
ENST00000371694	28.4	1.0914369	1.4292797	0.33784282	0.7513782	0.936603159209308	0.12414142179957204	ENSG00000169692.14	AGPAT2	False
ENST00000327300	436.1336	6.1823373	6.5196857	0.33734846	0.16880493	0.8093544299533921	0.7726148772674544	ENSG00000121774.18	KHDRBS1	False
ENST00000507523	901.96814	7.2858233	7.623143	0.33731985	0.3654856	0.8185742609699567	0.43712971922138893	ENSG00000168310.12	IRF2	False
ENST00000525841	14.734039	1.5554448	1.8926983	0.33725345	0.69533604	0.9205726868545954	0.15780525769508552	ENSG00000149187.19	CELF1	True
ENST00000614713	40.13903	2.5663433	2.9035823	0.33723903	0.7251556	0.9293352268139775	0.13956879966091573	ENSG00000143545.10	RAB13	False
ENST00000371489	12.433092	1.0576473	1.3948224	0.337175	0.7085761	0.9237315579253875	0.14961351064921122	ENSG00000138119.17	MYOF	False
ENST00000618455	94.95165	3.686559	4.0236764	0.33711743	0.6062648	0.8901216863280665	0.2173376251317018	ENSG00000273756.5	GOLGA6L26	True
ENST00000395168	278.50262	5.5151095	5.8522167	0.33710718	0.51302344	0.8578599976407133	0.289862794882	ENSG00000032219.19	ARID4A	False
ENST00000370823	300.233	5.5013847	5.838132	0.33674717	0.56985885	0.8768065382071643	0.24423270339882103	ENSG00000101181.18	MTG2	False
ENST00000278505	78.7	3.5913782	3.9280977	0.3367195	0.71849775	0.9276299127137834	0.1435745856355142	ENSG00000149218.5	ENDOD1	False
ENST00000358230	1915.3301	8.198104	8.5347595	0.33665562	0.38621655	0.8245026371471442	0.4131691187431316	ENSG00000155957.19	TMBIM4	False
ENST00000267970	386.5975	6.104435	6.441018	0.33658314	0.07945186	0.8093544299533921	1.0998959368097345	ENSG00000140391.15	TSPAN3	False
ENST00000649551	20.032022	1.7826262	2.1191661	0.33653998	0.5373886	0.8669369265370219	0.26971153240325957	ENSG00000165626.19	BEND7	False
ENST00000227507	24.478872	2.2099144	2.5464468	0.33653235	0.39774597	0.8298121044971967	0.4003942153445882	ENSG00000110092.4	CCND1	False
ENST00000639345	9.4	1.3456441	1.6819929	0.33634877	0.6649503	0.9112769672266469	0.17721080640348974	ENSG00000181215.17	C4orf50	False
ENST00000299563	428.5246	6.0184574	6.3547564	0.33629894	0.5325581	0.865635036834895	0.2736330189075228	ENSG00000166439.6	RNF169	False
ENST00000612501	20.7	2.0882142	2.4244628	0.33624864	0.55614156	0.8725429329491033	0.254814652905023	ENSG00000108819.11	PPP1R9B	False
ENST00000300413	429.49347	6.1652055	6.5014324	0.33622694	0.2557599	0.8093544299533921	0.5921675552904788	ENSG00000167088.11	SNRPD1	False
ENST00000438444	38.365524	2.5591383	2.895233	0.33609462	0.70222074	0.9221026914234706	0.153526349126774	ENSG00000106603.20	COA1	False
ENST00000649581	26.080297	1.5394338	1.8755276	0.33609378	0.7758474	0.9441897587930264	0.11022370470047856	ENSG00000174943.11	KCTD13	False
ENST00000264930	26.7	2.085047	2.4210303	0.33598328	0.7245936	0.9291319829852257	0.13990551833238188	ENSG00000113504.21	SLC12A7	False
ENST00000371473	40.69085	2.804405	3.1401389	0.3357339	0.31452024	0.8118754707110037	0.502351401844598	ENSG00000165802.23	NSMF	False
ENST00000676511	74.464966	3.7548847	4.090581	0.33569622	0.43449682	0.842654100473947	0.3620133977498045	ENSG00000107897.20	ACBD5	False
ENST00000317775	203.97665	5.142767	5.4784403	0.33567333	0.24144259	0.8093544299533921	0.6171861170727764	ENSG00000089250.20	NOS1	False
ENST00000715520	82.89018	3.3699377	3.70558	0.33564234	0.6528681	0.9068363953120867	0.18517455636238836	ENSG00000285976.4	ENSG00000285976	True
ENST00000335968	45.975773	2.6748981	3.0105367	0.33563852	0.66304517	0.9108073128400928	0.17845688560496262	ENSG00000185418.16	TARS3	False
ENST00000383791	567.44403	6.3763466	6.71194	0.33559322	0.39970723	0.8298121044971967	0.39825799827882624	ENSG00000131370.16	SH3BP5	False
ENST00000490439	11.372107	1.2780552	1.6135333	0.33547807	0.6908881	0.9190096639099691	0.16059228334102243	ENSG00000155561.15	NUP205	False
ENST00000399506	269.7601	5.6322885	5.9675655	0.33527708	0.23847349	0.8093544299533921	0.6225598926762799	ENSG00000132535.23	DLG4	False
ENST00000518564	25.603802	2.3808155	2.7160618	0.33524632	0.5354066	0.8664446928154447	0.27131628804378793	ENSG00000104695.13	PPP2CB	True
ENST00000512608	181.53476	5.0365615	5.3718023	0.33524084	0.10709504	0.8093544299533921	0.9702306410734457	ENSG00000164151.12	ICE1	True
ENST00000395226	125.60149	4.0494666	4.38468	0.33521318	0.6087197	0.8911227559456705	0.21558263828145938	ENSG00000138678.11	GPAT3	False
ENST00000371317	419.68643	5.987356	6.322494	0.33513784	0.43968156	0.8441046460716138	0.35686174826376366	ENSG00000232119.8	MCTS1	False
ENST00000345496	634.79047	6.801414	7.1365113	0.3350973	0.021486815	0.8093544299533921	1.6678279540823824	ENSG00000184787.19	UBE2G2	False
ENST00000570287	59.106834	2.5770428	2.9120827	0.33503985	0.8108753	0.9563933529011291	0.09104593021040837	ENSG00000196628.20	TCF4	False
ENST00000084795	26.774479	0.93627185	1.2712982	0.33502632	0.8222356	0.9596230182737303	0.08500373199141456	ENSG00000063177.13	RPL18	False
ENST00000699171	133.61545	4.3437977	4.6786995	0.3349018	0.5458972	0.8693177891645862	0.2628891445539271	ENSG00000128789.22	PSMG2	True
ENST00000622018	235.19572	5.295545	5.630431	0.33488607	0.3841839	0.8239837764574925	0.415460823851661	ENSG00000115756.13	HPCAL1	False
ENST00000379375	17.7	1.8213757	2.1562479	0.33487213	0.46188906	0.8481416265840513	0.33546232559463623	ENSG00000078401.7	EDN1	False
ENST00000619787	31.43642	2.266689	2.601508	0.33481884	0.60193145	0.8884027676839197	0.22045296287328092	ENSG00000108950.12	FAM20A	False
ENST00000680282	17.478874	1.8598675	2.194519	0.3346516	0.7350032	0.9332857513397641	0.13371078586005225	ENSG00000196549.13	MME	False
ENST00000336578	166.81598	4.622249	4.9568024	0.33455324	0.36019418	0.8185482386998197	0.44346331306669484	ENSG00000108187.16	PBLD	False
ENST00000484566	26.5	2.3162496	2.6506655	0.3344159	0.2793398	0.8093544299533921	0.5538671971450126	ENSG00000198563.14	DDX39B	False
ENST00000265866	523.7833	6.408299	6.7426395	0.33434057	0.22220941	0.8093544299533921	0.6532375559359219	ENSG00000096746.18	HNRNPH3	False
ENST00000706198	38.542645	2.5999336	2.9342499	0.33431625	0.61357874	0.8930687559101305	0.21212969902357845	ENSG00000167766.21	ZNF83	False
ENST00000607772	616.06335	6.7171073	7.051348	0.3342409	0.31745535	0.8118754707110037	0.4983173476151254	ENSG00000153721.19	CNKSR3	False
ENST00000496746	13.261782	1.432619	1.7667958	0.33417678	0.69010967	0.9186724533179029	0.1610818869996546	ENSG00000174851.17	YIF1A	False
ENST00000489512	186.0235	4.9770594	5.3112283	0.3341689	0.47049168	0.8496539504698483	0.32744805435777014	ENSG00000106477.20	CEP41	True
ENST00000336237	55.93667	3.102505	3.4366736	0.33416867	0.5793514	0.8800963981245766	0.23705792035867243	ENSG00000003509.16	NDUFAF7	False
ENST00000586682	28.455587	1.8496808	2.1837978	0.33411705	0.8422438	0.9643619989817128	0.07456218213559426	ENSG00000167461.12	RAB8A	False
ENST00000569127	40.256626	2.7691362	3.1031027	0.3339665	0.5714917	0.8771043619672497	0.24299005875258914	ENSG00000167186.11	COQ7	False
ENST00000444230	123.59076	4.315501	4.6494455	0.33394432	0.40689197	0.831725697822197	0.39052087890027454	ENSG00000184216.15	IRAK1	False
ENST00000395711	420.4213	6.2859116	6.619806	0.33389425	0.15635823	0.8093544299533921	0.8058792624556649	ENSG00000198301.12	SDAD1	False
ENST00000381655	45.262512	2.7998059	3.1334074	0.33360147	0.44221675	0.8452598538284076	0.35436480763158457	ENSG00000132932.19	ATP8A2	False
ENST00000038176	81.5	3.232444	3.5659468	0.33350277	0.6947466	0.9202850699236296	0.15817356148583436	ENSG00000035681.9	NSMAF	False
ENST00000370461	218.44588	5.1498146	5.483251	0.3334365	0.19325666	0.8093544299533921	0.713865527607884	ENSG00000060491.17	OGFR	False
ENST00000427934	28.954681	2.348008	2.681211	0.33320308	0.5817711	0.8811550578047072	0.23524787464112001	ENSG00000143375.15	CGN	False
ENST00000483457	15.96739	1.8062762	2.1392565	0.33298028	0.62766147	0.899150312957405	0.20227453274377408	ENSG00000132394.11	EEFSEC	False
ENST00000251038	418.844	6.2598205	6.592735	0.33291435	0.09913115	0.8093544299533921	1.0037898467217297	ENSG00000100722.20	ZC3H14	False
ENST00000536154	156.85605	4.919896	5.2526298	0.33273363	0.12505543	0.8093544299533921	0.9028974380782067	ENSG00000123106.11	CCDC91	True
ENST00000361567	3572.0	9.256117	9.588846	0.33272934	0.28680626	0.8109740254625081	0.5424113804316767	ENSG00000198786.2	MT-ND5	False
ENST00000338087	2236.0022	8.297226	8.629916	0.33269024	0.41995612	0.8374027596300101	0.3767960876098544	ENSG00000155926.14	SLA	False
ENST00000442721	36.5	2.4171836	2.7498732	0.33268952	0.5628418	0.8746406637442441	0.24961367754051747	ENSG00000168477.21	TNXB	False
ENST00000378204	68.43827	3.6661723	3.9988592	0.3326869	0.52502453	0.86274255303936	0.2798204024690478	ENSG00000182197.13	EXT1	False
ENST00000397885	211.8715	5.1440086	5.476615	0.33260632	0.39886943	0.8298121044971967	0.39916925282866605	ENSG00000080608.10	PUM3	False
ENST00000589328	127.1439	4.31871	4.651298	0.3325882	0.5329304	0.865635036834895	0.2733295266199206	ENSG00000152229.18	PSTPIP2	False
ENST00000685684	33.15455	2.2480621	2.5806322	0.33257008	0.70234466	0.9221026914234706	0.15344971769542398	ENSG00000064313.13	TAF2	False
ENST00000375855	49.148064	3.196248	3.5286546	0.33240652	0.17057079	0.8093544299533921	0.768095337145694	ENSG00000130045.17	NXNL2	False
ENST00000502464	109.51085	4.3674636	4.699593	0.33212948	0.37449977	0.8216366408512873	0.4265484469851286	ENSG00000123213.23	NLN	False
ENST00000340004	51.1	3.3499897	3.6819775	0.33198786	0.27104506	0.8093544299533921	0.5669585053119895	ENSG00000115325.14	DOK1	False
ENST00000326080	117.9	4.3554287	4.6873665	0.3319378	0.7090427	0.9237997576299902	0.14932759281048097	ENSG00000170271.11	FAXDC2	False
ENST00000523377	245.98628	5.2210402	5.552879	0.3318386	0.26200598	0.8093544299533921	0.5816887883420033	ENSG00000083099.11	LYRM2	True
ENST00000389017	13.0	1.3805498	1.7123674	0.33181763	0.53871644	0.8673735641566814	0.26863977457706223	ENSG00000196544.8	BORCS6	False
ENST00000691256	91.47249	3.950054	4.2818027	0.33174872	0.37273076	0.8210406506591547	0.42860476309776036	ENSG00000004487.18	KDM1A	False
ENST00000476484	59.25179	3.3031845	3.6349103	0.33172584	0.5808516	0.8803833258288576	0.23593479918499374	ENSG00000188938.17	FAM120AOS	True
ENST00000252979	179.9	5.0128174	5.3445187	0.33170128	0.28287134	0.8102614157364052	0.5484110587591615	ENSG00000130684.14	ZNF337	False
ENST00000357896	109.12511	4.2042813	4.5359793	0.33169794	0.4366841	0.8427484754954933	0.3598326189729414	ENSG00000109083.14	IFT20	False
ENST00000421839	10.7	1.5106994	1.8423165	0.33161712	0.6490718	0.9059168869193345	0.18770725065193977	ENSG00000119782.14	FKBP1B	True
ENST00000645288	11.37175	0.9421859	1.2737871	0.33160126	0.69871444	0.9212025833663481	0.15570028434010602	ENSG00000156500.16	PABIR3	False
ENST00000631375	586.7395	6.6019197	6.9333544	0.33143473	0.2901189	0.8109740254625081	0.5374239734823267	ENSG00000204131.11	NHSL2	False
ENST00000564899	18.368809	2.0244076	2.35573	0.33132243	0.5009542	0.8548764927378353	0.30020196859152415	ENSG00000189091.13	SF3B3	False
ENST00000328070	30.250492	2.1295445	2.4607906	0.33124614	0.6097371	0.8919628315373594	0.21485738040732574	ENSG00000197951.10	ZNF71	False
ENST00000429071	81.48723	3.385761	3.7169685	0.3312075	0.674684	0.9142632374641173	0.17089959659554724	ENSG00000006652.15	IFRD1	False
ENST00000586742	249.74251	3.8286917	4.159887	0.33119512	0.8665969	0.9709615110022777	0.062182880100195924	ENSG00000104964.15	TLE5	False
ENST00000544829	17.918499	1.0256815	1.3568761	0.33119464	0.7498536	0.936236640367669	0.12502351279970178	ENSG00000133704.10	IPO8	False
ENST00000379561	498.1	6.5549617	6.8860555	0.3310938	0.09986663	0.8093544299533921	1.0005796110306795	ENSG00000150907.10	FOXO1	False
ENST00000517779	22.98418	2.0693333	2.4002917	0.33095837	0.58602196	0.8823675959275918	0.23208610952234912	ENSG00000113263.14	ITK	False
ENST00000615954	50.041546	1.8628429	2.1935813	0.33073843	0.83753324	0.9632374861020546	0.07699794998718602	ENSG00000110066.16	KMT5B	False
ENST00000546590	18.717072	1.4648608	1.7955933	0.33073246	0.71755147	0.9272141667828993	0.14414694163277647	ENSG00000179104.9	TMTC2	False
ENST00000448430	24.85402	1.7123755	2.0430298	0.33065426	0.7399674	0.9345775597603275	0.13078740972128597	ENSG00000256061.7	DNAAF4	False
ENST00000393820	112.389366	4.3237686	4.6544185	0.33064985	0.2864922	0.8109740254625081	0.5428871995437343	ENSG00000181163.14	NPM1	False
ENST00000698851	8.30606	0.994059	1.3244405	0.33038145	0.58273727	0.8814375403501482	0.23452720716733577	ENSG00000099715.15	PCDH11Y	False
ENST00000224140	1003.9835	7.352327	7.6825867	0.3302598	0.4147735	0.8342754494547844	0.38218900487481566	ENSG00000107290.14	SETX	False
ENST00000260126	19.58543	2.1612737	2.4914658	0.3301921	0.6192814	0.8960176400207205	0.20811195591330814	ENSG00000137571.11	SLCO5A1	False
ENST00000296582	157.19557	4.7944913	5.1246033	0.33011198	0.3050887	0.8118754707110037	0.5155738792534043	ENSG00000164168.8	TMEM184C	False
ENST00000443584	9.600065	0.94057256	1.2706206	0.33004802	0.73004025	0.9319445888756163	0.1366531935368251	ENSG00000108370.17	RGS9	False
ENST00000451849	5.195107	0.6154499	0.94548947	0.33003956	0.59791297	0.8869240813228227	0.2233620277396926	ENSG00000152443.13	ZNF776	True
ENST00000338957	51.260445	3.1977806	3.5277562	0.3299756	0.6042758	0.8899892143002557	0.21876478173089364	ENSG00000102053.13	ZC3H12B	False
ENST00000554438	257.53888	5.459997	5.789853	0.32985592	0.21952409	0.8093544299533921	0.6585178233247533	ENSG00000125375.18	DMAC2L	False
ENST00000348968	33.635986	2.4526513	2.7824085	0.3297572	0.6879893	0.9178436063724108	0.16241831955979555	ENSG00000132153.15	DHX30	False
ENST00000405941	112.24882	4.3821025	4.7118454	0.3297429	0.32098112	0.8125420389446386	0.4935205185232428	ENSG00000151353.15	TMEM18	False
ENST00000304758	14.46243	1.3914618	1.7212031	0.32974124	0.69950444	0.9212025833663481	0.15520952760957346	ENSG00000126016.17	AMOT	False
ENST00000395343	18.369009	2.1194897	2.4491854	0.3296957	0.6556206	0.9085260310272922	0.18334742568185003	ENSG00000101191.17	DIDO1	False
ENST00000263381	119.46755	4.399391	4.7289076	0.3295164	0.44983125	0.8470024537044705	0.3469503797773958	ENSG00000011451.21	WIZ	False
ENST00000422948	74.97206	3.655796	3.985266	0.32946992	0.595164	0.8857731799485989	0.22536334534705074	ENSG00000204463.14	BAG6	True
ENST00000301335	1419.8986	7.642927	7.9722934	0.3293662	0.446915	0.8459831455694948	0.34977506802489716	ENSG00000167703.15	SLC43A2	False
ENST00000579991	466.7	6.448481	6.77767	0.32918882	0.109114565	0.8093544299533921	0.9621172745491807	ENSG00000264364.3	DYNLL2	False
ENST00000368010	53.7	3.2789066	3.6080456	0.329139	0.62353784	0.8978480546620929	0.20513718687615745	ENSG00000143256.5	PFDN2	False
ENST00000337130	94.187225	3.9030097	4.23214	0.3291304	0.49750027	0.8540375487251681	0.30320667869259904	ENSG00000169764.16	UGP2	False
ENST00000395952	58.0466	2.880026	3.2091522	0.32912612	0.7086823	0.9237490942480034	0.1495484148329131	ENSG00000204427.12	ABHD16A	False
ENST00000367265	103.78536	4.3549247	4.6840396	0.3291149	0.48563457	0.8529381765683051	0.3136904096428419	ENSG00000117139.18	KDM5B	False
ENST00000536120	125.59972	4.442133	4.7712197	0.32908678	0.38454926	0.8241804989240806	0.41504801987696205	ENSG00000121310.17	ECHDC2	False
ENST00000258214	6.1	1.1715524	1.5005078	0.3289554	0.68174094	0.9165294746754324	0.1663806251507915	ENSG00000135736.6	CCDC102A	False
ENST00000443503	52.29701	3.0594387	3.388363	0.32892418	0.7004	0.9213739711151103	0.15465386578183488	ENSG00000144677.15	CTDSPL	False
ENST00000257745	156.99393	4.777015	5.1056685	0.32865334	0.52394515	0.8620033667213162	0.2807141731318781	ENSG00000005483.23	KMT2E	False
ENST00000583866	62.454865	3.3254488	3.654087	0.32863832	0.82264966	0.9596230182737303	0.08478507865178973	ENSG00000271425.9	NBPF10	False
ENST00000634739	344.03244	5.6201935	5.9487653	0.3285718	0.6213023	0.8966662252851827	0.2066970340186157	ENSG00000058272.19	PPP1R12A	True
ENST00000581267	5.0105333	0.53179854	0.86017895	0.3283804	0.47305283	0.8499990726699249	0.3250903554971071	ENSG00000007202.16	BLTP2	False
ENST00000479927	222.58879	5.337196	5.665504	0.3283081	0.33292863	0.8148546909488805	0.4776488593030401	ENSG00000114745.15	GORASP1	False
ENST00000327492	239.39961	5.438811	5.7668104	0.3279996	0.39963958	0.8298121044971967	0.3983315097357948	ENSG00000183864.5	TOB2	False
ENST00000287600	14.0647	1.8146478	2.142545	0.3278972	0.5573977	0.8728453353828223	0.25383480958143695	ENSG00000156973.14	PDE6D	False
ENST00000445347	3124.2527	8.89674	9.224466	0.32772636	0.5679442	0.8761634615731728	0.24569430932266437	ENSG00000204577.12	LILRB3	False
ENST00000442744	8726.755	10.532906	10.860422	0.32751656	0.31624976	0.8118754707110037	0.4999697981388817	ENSG00000221983.8	UBA52	False
ENST00000535656	9.344831	1.0342069	1.361351	0.32714415	0.63919085	0.9030065409848047	0.19436944876838205	ENSG00000110917.8	MLEC	True
ENST00000695464	86.35403	4.0170484	4.344158	0.3271098	0.37691173	0.8226842929596185	0.4237603470022755	ENSG00000115761.17	NOL10	False
ENST00000216181	1236.2997	7.77696	8.104017	0.32705736	0.48445672	0.8524802129760337	0.3147450173486655	ENSG00000100345.23	MYH9	False
ENST00000425336	40.104595	2.7520096	3.0790472	0.32703757	0.73573	0.9332952846121519	0.13328153937161397	ENSG00000159079.19	CFAP298	False
ENST00000367568	242.50723	5.50098	5.8279886	0.32700872	0.44387946	0.8455994575468359	0.3527349555472148	ENSG00000135604.11	STX11	False
ENST00000456393	127.67098	4.3898263	4.7167926	0.3269663	0.48110715	0.8508696399096464	0.31775819277741246	ENSG00000066136.21	NFYC	False
ENST00000513321	26.798498	1.8995756	2.2264817	0.32690609	0.60639817	0.8901216863280665	0.2172421214153115	ENSG00000109674.4	NEIL3	False
ENST00000412916	116.13932	3.6141784	3.941033	0.32685447	0.7310612	0.9323128376942067	0.13604625304441864	ENSG00000067955.15	CBFB	False
ENST00000504937	60.890533	3.6274242	3.9542208	0.32679653	0.48814908	0.8529381765683051	0.31144752778979445	ENSG00000141510.19	TP53	False
ENST00000619186	60.890533	3.6274242	3.9542208	0.32679653	0.48814908	0.8529381765683051	0.31144752778979445	ENSG00000141510.19	TP53	False
ENST00000536981	29.849066	1.9405462	2.2671576	0.3266114	0.77372414	0.9433240753912717	0.11141385376069127	ENSG00000168003.19	SLC3A2	False
ENST00000393742	345.72278	5.6733766	5.999952	0.32657528	0.3986658	0.8298121044971967	0.39939103466723647	ENSG00000102908.23	NFAT5	True
ENST00000262160	1471.0056	7.8859158	8.212398	0.32648182	0.21704541	0.8093544299533921	0.6634493910986583	ENSG00000175387.16	SMAD2	False
ENST00000337817	13.030977	1.346665	1.6731262	0.3264612	0.77562934	0.9441831755219591	0.11034577017746197	ENSG00000123473.17	STIL	False
ENST00000370656	112.295006	3.9868765	4.313303	0.3264265	0.5159578	0.8587697515903885	0.2873858406596306	ENSG00000117133.11	RPF1	False
ENST00000614245	63.341026	2.5535562	2.8798728	0.3263166	0.726647	0.930214042416521	0.1386765035290096	ENSG00000063169.12	BICRA	False
ENST00000429378	22.37091	1.5163717	1.842477	0.32610524	0.75810575	0.938597536179509	0.12027020657753187	ENSG00000007392.17	LUC7L	False
ENST00000478990	3070.8433	9.061203	9.38725	0.32604694	0.42197636	0.838029552988072	0.3747118808125892	ENSG00000005483.23	KMT2E	False
ENST00000379303	378.44507	5.905943	6.231909	0.32596588	0.51438737	0.85863958856222	0.28870970410648117	ENSG00000123130.17	ACOT9	False
ENST00000676547	427.8343	6.071074	6.397015	0.3259411	0.35085312	0.8172002775093227	0.45487466289925865	ENSG00000156508.19	EEF1A1	False
ENST00000006777	18.046045	0.88105327	1.2069304	0.32587713	0.7302606	0.9319445888756163	0.1365221240729214	ENSG00000005486.17	RHBDD2	False
ENST00000480708	718.8607	6.991173	7.3169866	0.32581377	0.33570546	0.8158433703746901	0.4740415963584866	ENSG00000008952.17	SEC62	False
ENST00000449732	394.53955	6.10359	6.429269	0.32567883	0.6054508	0.8899892143002557	0.2179211361656109	ENSG00000153046.18	CDYL	False
ENST00000689705	140.40291	4.49554	4.821149	0.32560873	0.21185601	0.8093544299533921	0.6739592162506298	ENSG00000108094.17	CUL2	False
ENST00000360843	68.56884	1.3622009	1.6877934	0.32559252	0.82815236	0.9615415231466197	0.08188975695583957	ENSG00000198586.14	TLK1	False
ENST00000343010	512.9335	6.502605	6.8281965	0.32559156	0.47490016	0.8500118764885034	0.32339768751917475	ENSG00000188315.8	C3orf62	False
ENST00000591345	14.012919	1.4303899	1.7557722	0.32538235	0.68382204	0.9170737297062175	0.16505690841280268	ENSG00000198003.12	ODAD3	True
ENST00000256015	8909.5	10.650763	10.976122	0.32535934	0.33466494	0.8158433703746901	0.4753897815167875	ENSG00000133639.6	BTG1	False
ENST00000222120	410.00775	5.996794	6.321949	0.32515478	0.52580106	0.8628966334781174	0.27917854056919933	ENSG00000105514.8	RAB3D	False
ENST00000622327	28.86497	1.7341714	2.059134	0.32496262	0.6805346	0.9163592447993505	0.16714978856025653	ENSG00000108384.16	RAD51C	False
ENST00000270357	299.5293	5.681684	6.006525	0.32484102	0.4346919	0.842654100473947	0.36181844635844274	ENSG00000142327.13	RNPEPL1	False
ENST00000692608	517.3632	6.4113183	6.736042	0.32472372	0.51761055	0.8587697515903885	0.2859968804686407	ENSG00000165527.8	ARF6	True
ENST00000262506	17.032932	1.2083511	1.5330586	0.3247075	0.6812441	0.9165294746754324	0.16669726170824056	ENSG00000070770.10	CSNK2A2	False
ENST00000332118	70.583115	3.3425856	3.667267	0.32468152	0.45791063	0.8478742186373767	0.3392192773088925	ENSG00000182934.12	SRPRA	False
ENST00000583690	59.80297	3.2898433	3.614521	0.3246777	0.6439358	0.9042349647321928	0.19115742964312082	ENSG00000146872.19	TLK2	True
ENST00000425444	15.4	1.4534036	1.7780658	0.3246622	0.71636647	0.9268660837715982	0.1448647498686971	ENSG00000127990.19	SGCE	True
ENST00000676829	256.35614	5.2258067	5.550459	0.3246522	0.53165823	0.8654401044021904	0.2743674571060484	ENSG00000164615.6	CAMLG	False
ENST00000264868	34.316853	2.893259	3.2177737	0.32451463	0.45270061	0.8472077019271466	0.34418891557725356	ENSG00000091490.11	SEL1L3	False
ENST00000673559	27.114752	1.5123924	1.8368623	0.32446992	0.71105725	0.9250055684360596	0.14809543372249992	ENSG00000061938.21	TNK2	True
ENST00000517461	35.387985	2.743367	3.0678124	0.3244455	0.6520021	0.9065143079276402	0.18575100801613112	ENSG00000104331.9	BPNT2	True
ENST00000261837	220.15308	5.0439963	5.3683906	0.32439423	0.53658026	0.866669630156121	0.27036530472910286	ENSG00000069966.19	GNB5	False
ENST00000636766	113.35134	4.4503303	4.7745514	0.32422113	0.33474082	0.8158433703746901	0.47529132751515346	ENSG00000261832.6	ENSG00000261832	False
ENST00000678147	705.0835	6.4472136	6.771258	0.32404423	0.7617017	0.939913304152022	0.1182150733763294	ENSG00000108298.12	RPL19	False
ENST00000369037	51.49923	3.1464632	3.4704838	0.32402062	0.5267663	0.8628966334781174	0.2783820167488124	ENSG00000164494.12	PDSS2	False
ENST00000557742	18.014795	1.658198	1.9819937	0.32379568	0.67452633	0.9142632374641173	0.17100109061084068	ENSG00000140563.16	MCTP2	False
ENST00000234590	345.73218	5.890259	6.2138724	0.32361364	0.3205583	0.8125420389446386	0.49409296079512166	ENSG00000074800.16	ENO1	False
ENST00000399363	55.95099	3.226185	3.5497913	0.32360625	0.5986457	0.8871602629069115	0.22283014199015833	ENSG00000214978.8	GSG1L2	False
ENST00000623646	1540.554	7.880197	8.203767	0.32356977	0.30336043	0.8118754707110037	0.5180410653319638	ENSG00000185942.13	NKAIN3	False
ENST00000602784	17.579453	1.501884	1.8254206	0.32353663	0.73199016	0.9326694600899199	0.1354947578934298	ENSG00000103549.22	RNF40	False
ENST00000637974	19.09527	1.307001	1.630493	0.32349205	0.6992092	0.9212025833663481	0.15539285777605272	ENSG00000110395.8	CBL	False
ENST00000641278	268.58054	5.510629	5.834112	0.323483	0.44350246	0.8455994575468359	0.3531039708661094	ENSG00000172742.6	OR4D9	False
ENST00000534049	156.78531	4.769868	5.093236	0.32336807	0.64551175	0.9049129263557762	0.19009585044925162	ENSG00000150093.20	ITGB1	False
ENST00000291386	149.78503	4.6863365	5.009574	0.32323742	0.28771824	0.8109740254625081	0.541032610348009	ENSG00000160075.12	SSU72	False
ENST00000526539	8.101117	1.174492	1.4976501	0.32315814	0.6854438	0.9173021276178854	0.1640281357472449	ENSG00000139974.17	SLC38A6	False
ENST00000409177	60.52129	3.3695538	3.6924691	0.32291532	0.6729681	0.9141728887441399	0.1720055284174065	ENSG00000115641.19	FHL2	False
ENST00000574049	233.1	5.509126	5.8319745	0.32284832	0.28877056	0.8109740254625081	0.5394470902686705	ENSG00000132383.12	RPA1	False
ENST00000366668	27.609858	1.8205677	2.143269	0.32270133	0.7627231	0.939913304152022	0.11763310695586707	ENSG00000135775.14	COG2	False
ENST00000568834	52.7	3.0278633	3.3504574	0.32259417	0.7028251	0.922182151926897	0.15315271899676414	ENSG00000095906.17	NUBP2	False
ENST00000502294	137.32234	4.566522	4.8890686	0.32254648	0.3178713	0.8118754707110037	0.4977486787116994	ENSG00000187533.14	PRR27	False
ENST00000455580	399.12637	4.7658324	5.088275	0.32244253	0.8409526	0.9640760333298781	0.07522849517326036	ENSG00000213639.11	PPP1CB	False
ENST00000553064	396.9884	5.8844075	6.206642	0.32223463	0.71340615	0.9256033038204061	0.1466631537910493	ENSG00000197111.16	PCBP2	False
ENST00000451483	18.738655	1.8804989	2.2026947	0.32219577	0.49381053	0.8537766521893764	0.30643964948603863	ENSG00000119787.14	ATL2	False
ENST00000361381	8705.7	10.482645	10.804701	0.32205582	0.36714655	0.8192702949872638	0.43516054650886643	ENSG00000198886.2	MT-ND4	False
ENST00000343905	34.9	2.5766075	2.8986433	0.3220358	0.6346327	0.9011393426914533	0.19747754971404607	ENSG00000187808.5	SOWAHD	False
ENST00000297354	30.170944	2.6109242	2.9328833	0.32195902	0.62975544	0.8998400021113475	0.20082807406981795	ENSG00000164764.11	SBSPON	False
ENST00000340384	69.0045	3.663541	3.985458	0.32191682	0.543449	0.8685822893933551	0.2648412183424059	ENSG00000188229.6	TUBB4B	False
ENST00000366956	237.56119	5.1872983	5.509115	0.32181692	0.37027326	0.8196503175243153	0.4314776475810469	ENSG00000152104.12	PTPN14	False
ENST00000502635	19.413273	1.2765428	1.5982758	0.321733	0.7587239	0.938790070041057	0.11991622696105952	ENSG00000172795.17	DCP2	False
ENST00000228318	128.96812	4.3424006	4.663891	0.3214903	0.5151321	0.8587509528528511	0.2880813619893662	ENSG00000075415.15	SLC25A3	False
ENST00000459676	39.951275	1.7032655	2.0247371	0.32147157	0.79989743	0.9529019231148278	0.09696569729562265	ENSG00000168297.16	PXK	False
ENST00000582970	1186.4827	7.7799163	8.101238	0.32132196	0.36039042	0.8185482386998197	0.4432267563801685	ENSG00000173821.20	RNF213	False
ENST00000392837	15.070467	1.5133036	1.8345982	0.32129455	0.70558155	0.9227492271768721	0.15145278650592095	ENSG00000111785.21	RIC8B	False
ENST00000432126	278.6	5.543686	5.864878	0.32119226	0.34033817	0.81719736681995	0.4680893400014062	ENSG00000081791.9	DELE1	False
ENST00000669714	116.10045	3.30211	3.6232862	0.3211763	0.85249275	0.9669822999766597	0.06930930592206468	ENSG00000075711.21	DLG1	False
ENST00000413605	647.9286	6.487944	6.8084097	0.32046556	0.50557435	0.8558786284660064	0.2962149716163856	ENSG00000155111.15	CDK19	False
ENST00000574691	20.612	1.8569779	2.177443	0.3204651	0.66336155	0.9108073128400928	0.17824970522708072	ENSG00000103274.11	NUBP1	False
ENST00000704351	36.69209	2.579093	2.8995485	0.32045555	0.6633831	0.9108073128400928	0.1782355793433212	ENSG00000080503.25	SMARCA2	False
ENST00000465551	14.980594	0.9734567	1.2938999	0.3204432	0.7487573	0.936233343231704	0.12565892883185104	ENSG00000114416.19	FXR1	False
ENST00000464265	49.108288	3.3041117	3.6243465	0.32023478	0.36787263	0.8193508141103384	0.4343025280095924	ENSG00000185808.14	PIGP	False
ENST00000624234	1223.5066	7.8682647	8.188381	0.32011652	0.41287255	0.8335452014669191	0.38418398739066556	ENSG00000100129.18	EIF3L	False
ENST00000263657	98.19251	4.146349	4.4664307	0.3200817	0.53600556	0.8665861353230246	0.2708307081038673	ENSG00000115946.8	PNO1	False
ENST00000360845	780.3367	7.0899715	7.409978	0.32000637	0.28796443	0.8109740254625081	0.5406611487624305	ENSG00000130119.17	GNL3L	False
ENST00000538039	883.47473	7.20454	7.5244884	0.31994867	0.3530729	0.8172532516440744	0.45213560114817875	ENSG00000162129.15	CLPB	False
ENST00000590935	53.387825	3.1942327	3.51418	0.31994724	0.4667041	0.8495898848962513	0.33095838347220685	ENSG00000108861.9	DUSP3	False
ENST00000552981	251.12932	5.2093034	5.529149	0.31984568	0.50436556	0.855803731079597	0.297254573445316	ENSG00000075415.15	SLC25A3	False
ENST00000453980	96.30345	3.9136143	4.2334485	0.31983423	0.58447826	0.8819641855083519	0.23323163870970653	ENSG00000165406.16	MARCHF8	False
ENST00000528054	31.8	2.357567	2.6773732	0.3198061	0.5879077	0.8826128203198247	0.230690872427975	ENSG00000213906.10	LTB4R2	False
ENST00000444847	28.4	2.7269332	3.0465753	0.31964207	0.5566324	0.8726128433997437	0.25443151855500956	ENSG00000164849.10	GPR146	False
ENST00000488423	105.315346	3.7577636	4.077258	0.3194945	0.7040686	0.9222985764678387	0.15238502318553007	ENSG00000154813.10	DPH3	False
ENST00000395979	30.633251	2.4700627	2.7895374	0.3194747	0.45201954	0.8472077019271466	0.34484278864615514	ENSG00000020256.20	ZFP64	True
ENST00000530617	578.5658	6.1740193	6.493457	0.3194375	0.6104224	0.8920468181599023	0.21436955727247914	ENSG00000149269.10	PAK1	False
ENST00000397011	78.972855	4.0007644	4.3201246	0.31936026	0.38709584	0.8251442301950499	0.4121814972482149	ENSG00000106263.19	EIF3B	False
ENST00000264834	53.595642	3.039505	3.3588374	0.31933236	0.73441994	0.9332857513397641	0.13405553913186385	ENSG00000105610.6	KLF1	False
ENST00000392288	1595.6995	7.9687715	8.288013	0.319242	0.42556715	0.8388703576585074	0.3710319029732879	ENSG00000196268.12	ZNF493	False
ENST00000232766	56.788612	3.4410124	3.7602532	0.3192408	0.38356644	0.823835243286134	0.4161593992303214	ENSG00000114648.12	KLHL18	False
ENST00000526683	51.6886	2.9184892	3.2376742	0.31918502	0.71056616	0.9247660845973286	0.14839547732077885	ENSG00000179950.15	PUF60	False
ENST00000554081	165.72334	3.900482	4.219632	0.3191502	0.7587023	0.938790070041057	0.11992861188830839	ENSG00000185246.18	PRPF39	False
ENST00000325881	588.7721	6.534147	6.8531466	0.31899977	0.295525	0.8111088466013822	0.5294057528324214	ENSG00000157734.14	SNX22	True
ENST00000354831	100.60766	3.2371266	3.5560665	0.31893992	0.85565585	0.9675263843306977	0.06770087661075785	ENSG00000078618.23	NRDC	False
ENST00000554715	13.825615	1.4309946	1.7498665	0.31887186	0.54728144	0.8693177891645862	0.26178927663995355	ENSG00000131981.16	LGALS3	False
ENST00000299468	144.37921	4.4089494	4.727799	0.31884956	0.65013754	0.9059847552747755	0.1869947539089663	ENSG00000203880.13	PCMTD2	False
ENST00000361439	59.8	3.1180055	3.436775	0.31876945	0.673664	0.9141900609544965	0.17155667722000156	ENSG00000169189.17	NSMCE1	False
ENST00000530731	202.28046	5.3150635	5.63377	0.3187065	0.38743606	0.8255286298772748	0.4117999581107939	ENSG00000154144.13	TBRG1	False
ENST00000454417	23.517063	2.2609322	2.579533	0.3186009	0.7085489	0.9237315579253875	0.14963016973245	ENSG00000198815.9	FOXJ3	False
ENST00000317506	124.8	4.475556	4.794156	0.31860018	0.6306596	0.8998400021113475	0.20020500259678778	ENSG00000141084.12	RANBP10	False
ENST00000432079	654.1453	6.75486	7.0734215	0.31856155	0.34859353	0.81719736681995	0.45768067400023127	ENSG00000116747.13	RO60	False
ENST00000420455	129.05035	4.5037465	4.8222685	0.31852198	0.4294522	0.840824720967489	0.3670851573259549	ENSG00000142188.17	TMEM50B	False
ENST00000261318	359.11557	6.1259513	6.4443626	0.31841135	0.209373	0.8093544299533921	0.6790793297573262	ENSG00000111412.6	SPRING1	False
ENST00000601770	23.068684	1.960605	2.2789009	0.31829584	0.47518554	0.8500118764885034	0.32313678048708305	ENSG00000167772.12	ANGPTL4	False
ENST00000540461	62.34079	3.4215095	3.7397728	0.3182633	0.55925477	0.8734555245741956	0.25239030651408395	ENSG00000255804.2	OR6J1	False
ENST00000380639	115.27992	4.127948	4.446044	0.31809616	0.37234873	0.8209199861028533	0.4290501280051781	ENSG00000049883.15	PTCD2	False
ENST00000497116	7.0230217	0.7074917	1.0253054	0.3178137	0.6765398	0.9148738341282747	0.16970666297455736	ENSG00000138495.7	COX17	True
ENST00000378402	38.8747	2.7326305	3.0504003	0.31776977	0.48367393	0.8523206042482943	0.3154473202800077	ENSG00000205038.12	PKHD1L1	False
ENST00000264832	38.039738	2.668599	2.986246	0.31764722	0.6357344	0.9016400598756685	0.19672430212485978	ENSG00000090339.9	ICAM1	False
ENST00000398580	29.183874	2.5177462	2.835342	0.31759572	0.4770553	0.8504371505934152	0.32143126465455146	ENSG00000188107.15	EYS	False
ENST00000461096	147.84885	4.6777577	4.9952984	0.31754065	0.13644317	0.8093544299533921	0.8650482057383796	ENSG00000197780.11	TAF13	True
ENST00000323588	17.040562	1.0632244	1.3807261	0.31750166	0.7709855	0.9426301048560082	0.11295379863455181	ENSG00000164088.18	PPM1M	False
ENST00000517970	307.3269	5.727636	6.044922	0.317286	0.42519286	0.8386257816677516	0.3714140341174548	ENSG00000123124.14	WWP1	False
ENST00000714455	1251.2249	7.8507533	8.167986	0.3172326	0.065128215	0.8093544299533921	1.1862308268636474	ENSG00000223865.12	HLA-DPB1	False
ENST00000398411	77.97716	3.5313702	3.8485951	0.31722498	0.58872086	0.8830595996330592	0.2300905770704686	ENSG00000101439.9	CST3	False
ENST00000696418	40.317913	2.6406717	2.9577694	0.31709766	0.58702666	0.8826128203198247	0.23134217788477612	ENSG00000115392.13	FANCL	True
ENST00000305786	310.22125	5.876802	6.193874	0.3170719	0.115634404	0.8093544299533921	0.9369129332360666	ENSG00000172115.9	CYCS	False
ENST00000380055	78.611176	3.5396578	3.8566818	0.317024	0.6145454	0.8935328187316467	0.21144602429284345	ENSG00000184434.8	LRRC19	False
ENST00000429746	132.58337	3.2265644	3.5435545	0.31699014	0.84693336	0.9654158896740946	0.0721507578020808	ENSG00000117984.15	CTSD	False
ENST00000309660	327.6266	5.848061	6.164982	0.31692076	0.34274697	0.81719736681995	0.46502637198358504	ENSG00000175354.20	PTPN2	False
ENST00000295851	319.0438	5.8718963	6.188796	0.31689978	0.264139	0.8093544299533921	0.5781674762697011	ENSG00000138443.17	ABI2	False
ENST00000696182	244.8793	5.3602314	5.6770415	0.31681013	0.49111214	0.8537766521893764	0.30881932775722176	ENSG00000012232.10	EXTL3	False
ENST00000622294	13.776331	1.7277526	2.0445175	0.31676495	0.58872104	0.8830595996330592	0.23009044516093607	ENSG00000112964.14	GHR	False
ENST00000648179	163.9925	4.735266	5.051982	0.31671572	0.52881217	0.863884056805596	0.2766985585990347	ENSG00000196715.7	VKORC1L1	False
ENST00000249786	97.41296	3.5684795	3.8850942	0.31661463	0.7051827	0.922584894924629	0.15169836815945517	ENSG00000140264.22	SERF2	False
ENST00000376572	315.4317	5.6528497	5.9688187	0.315969	0.44402462	0.8455994575468359	0.35259294634151805	ENSG00000116685.17	KIAA2013	False
ENST00000538463	29.978054	2.2885516	2.604419	0.31586742	0.68905556	0.9182841187679981	0.16174575732966412	ENSG00000139160.13	ETFBKMT	False
ENST00000395074	114.12891	4.2816815	4.597491	0.31580925	0.55925184	0.8734555245741956	0.2523925745604879	ENSG00000110031.13	LPXN	False
ENST00000507593	9.787254	1.0432382	1.3590188	0.31578064	0.6082733	0.8909881719732609	0.21590122683547303	ENSG00000113141.19	IK	False
ENST00000691087	47.800606	3.0605514	3.3762202	0.31566882	0.56639874	0.8757924607363589	0.24687772158259794	ENSG00000107669.19	ATE1	False
ENST00000592502	617.3985	6.637215	6.952791	0.31557608	0.27759916	0.8093544299533921	0.5565818587765715	ENSG00000181896.12	ZNF101	False
ENST00000335012	71.16794	3.6213048	3.936814	0.31550932	0.5515271	0.8705170621904874	0.25843315652578536	ENSG00000187068.3	C3orf70	False
ENST00000444430	64.36816	1.7032572	2.018684	0.3154267	0.839913	0.9640539361853165	0.07576569128802034	ENSG00000064012.24	CASP8	False
ENST00000448418	13.174387	1.1835948	1.4989909	0.31539607	0.59524983	0.8857731799485989	0.22530071873196095	ENSG00000066382.17	MPPED2	False
ENST00000495785	310.0406	5.7846255	6.100006	0.31538057	0.32962668	0.8142173533113395	0.4819776444986673	ENSG00000188529.15	SRSF10	False
ENST00000296452	14.9	1.4359602	1.7513258	0.31536567	0.63386583	0.9008885448054796	0.19800265699406247	ENSG00000164061.5	BSN	False
ENST00000265340	12.73284	1.521053	1.8363922	0.3153392	0.26261136	0.8093544299533921	0.5806864922612858	ENSG00000069011.16	PITX1	False
ENST00000677380	10319.496	10.829793	11.145131	0.31533813	0.08304676	0.8093544299533921	1.0806773238556644	ENSG00000070756.17	PABPC1	False
ENST00000507906	21.376827	1.8061496	2.1213617	0.31521213	0.6778494	0.9153570361619477	0.1688667763641974	ENSG00000145390.12	USP53	True
ENST00000465829	506.24643	6.6400075	6.9552064	0.3151989	0.45529503	0.8473426594424552	0.34170709395108473	ENSG00000170667.16	RASA4B	False
ENST00000317635	10.0	0.842874	1.158059	0.315185	0.61176354	0.8924767740121592	0.21341641192469396	ENSG00000178307.10	TMEM11	False
ENST00000257013	18.695469	1.6210419	1.9362249	0.31518304	0.6498623	0.9059168869193345	0.18717866378410922	ENSG00000134590.14	RTL8C	False
ENST00000379487	290.6	5.6684117	5.9835906	0.31517887	0.2767245	0.8093544299533921	0.5579524081366346	ENSG00000120688.9	WBP4	False
ENST00000361746	12.78895	1.363454	1.67858	0.31512606	0.5104562	0.856842337601094	0.2920415131208227	ENSG00000126091.21	ST3GAL3	False
ENST00000381638	101.151596	4.134928	4.4500093	0.31508112	0.29522792	0.8111088466013822	0.5298425805265247	ENSG00000074755.15	ZZEF1	False
ENST00000053468	310.0562	5.7990723	6.114135	0.31506252	0.3336706	0.8151257885629049	0.47668207548472086	ENSG00000048544.6	MRPS10	False
ENST00000431016	611.5404	6.507261	6.8222694	0.31500864	0.49627662	0.8537766521893764	0.30427618687262437	ENSG00000161217.12	PCYT1A	False
ENST00000330503	41.7	2.8711689	3.1861258	0.3149569	0.6255827	0.8983420428423095	0.20371527332220876	ENSG00000183258.12	DDX41	False
ENST00000618278	281.5584	5.2580576	5.5730133	0.3149557	0.53580594	0.8665861353230246	0.27099247555856887	ENSG00000131389.18	SLC6A6	False
ENST00000474627	70.133255	3.6207192	3.9355397	0.31482053	0.38370758	0.823835243286134	0.4159996180519899	ENSG00000171953.16	ATPAF2	False
ENST00000650711	55.92251	3.3253062	3.640111	0.3148048	0.5039934	0.8556848333281974	0.29757515768305703	ENSG00000108576.10	SLC6A4	False
ENST00000468709	140.82591	4.5758758	4.890563	0.31468725	0.37693426	0.8226842929596185	0.42373438706838407	ENSG00000095485.18	CWF19L1	False
ENST00000236959	58.465614	3.349183	3.6637752	0.31459212	0.26655084	0.8093544299533921	0.5742199462299648	ENSG00000138363.15	ATIC	False
ENST00000361804	942.3	7.394039	7.708622	0.31458282	0.26689374	0.8093544299533921	0.5736616052104968	ENSG00000108055.11	SMC3	False
ENST00000503497	12.012364	1.2214035	1.5359849	0.3145814	0.6500827	0.9059847552747755	0.18703138630390137	ENSG00000139428.12	MMAB	False
ENST00000403856	117.48698	4.287758	4.602209	0.31445122	0.3604161	0.8185482386998197	0.4431957998009844	ENSG00000115970.19	THADA	False
ENST00000290429	18.5039	1.9554163	2.2698603	0.31444395	0.61561614	0.8943823602585034	0.21069000057669207	ENSG00000100294.13	MCAT	False
ENST00000554695	298.9776	5.814882	6.1292267	0.31434488	0.3246901	0.8142173533113395	0.4885309483540648	ENSG00000196405.13	EVL	False
ENST00000650182	1340.0573	7.75181	8.066123	0.31431293	0.39208454	0.8283469520179724	0.40662028288954116	ENSG00000163956.13	LRPAP1	False
ENST00000350697	38.660835	2.7097147	3.02381	0.31409526	0.66818917	0.9125636621323021	0.17510056899453028	ENSG00000157020.18	SEC13	False
ENST00000713911	84.10223	4.072946	4.3868012	0.31385517	0.13752092	0.8093544299533921	0.861631217631413	ENSG00000096696.17	DSP	False
ENST00000432519	115.880615	4.462877	4.776616	0.3137393	0.4619234	0.8481416265840513	0.3354300456274704	ENSG00000131378.14	RFTN1	False
ENST00000619142	51.440033	3.3472035	3.6608648	0.31366134	0.3025062	0.8118754707110037	0.5192657077725308	ENSG00000174428.19	GTF2IRD2B	False
ENST00000314332	26.743122	2.151128	2.4646392	0.31351113	0.5249226	0.8626551557777656	0.2799047210107595	ENSG00000180596.9	H2BC4	False
ENST00000492685	145.66252	4.86358	5.1770616	0.31348133	0.2064706	0.8093544299533921	0.6851417931863276	ENSG00000205531.14	NAP1L4	False
ENST00000229971	21.998373	1.1784618	1.4918584	0.31339657	0.7452914	0.935882830083255	0.12767388319220715	ENSG00000112234.9	FBXL4	False
ENST00000371620	27.5	2.3505309	2.6638184	0.3132875	0.5663497	0.8757924607363589	0.24691533655777123	ENSG00000148362.11	PAXX	False
ENST00000440108	399.508	6.265143	6.5782695	0.31312656	0.53465587	0.8661566713360632	0.2719256614909338	ENSG00000184863.11	RBM33	True
ENST00000571800	834.746	6.920271	7.233331	0.31306028	0.546817	0.8693177891645862	0.26215798839072574	ENSG00000161929.15	SCIMP	False
ENST00000394547	112.00035	4.32092	4.6338367	0.31291676	0.25714347	0.8093544299533921	0.5898245037877701	ENSG00000149743.14	TRPT1	False
ENST00000423281	11.629535	1.4779173	1.7908297	0.31291234	0.7272131	0.9302979580697819	0.1383383154834282	ENSG00000107105.15	ELAVL2	True
ENST00000536980	403.68344	5.7363153	6.049093	0.31277752	0.68640727	0.9174340039208425	0.1634181265927141	ENSG00000103313.14	MEFV	False
ENST00000699122	473.10907	6.3002853	6.612795	0.31250954	0.58064157	0.8802063166690811	0.23609187656566147	ENSG00000107521.21	HPS1	False
ENST00000297265	91.059135	3.46575	3.7781787	0.3124287	0.68280417	0.9167149835259957	0.16570383697568483	ENSG00000164695.5	CHMP4C	False
ENST00000409909	35.50419	1.515264	1.8276904	0.31242633	0.78019285	0.9453891452233973	0.1077980329301193	ENSG00000106355.10	LSM5	True
ENST00000676533	83.7984	3.5129874	3.8253005	0.31231308	0.68210113	0.9165294746754324	0.1661512306869684	ENSG00000137806.10	NDUFAF1	False
ENST00000440863	17.7	1.6443373	1.9565194	0.31218207	0.6693699	0.912859637467586	0.17433383606885425	ENSG00000140474.14	ULK3	False
ENST00000394456	142.89653	4.700845	5.01294	0.31209517	0.4070463	0.831725697822197	0.3903562011204597	ENSG00000125651.14	GTF2F1	False
ENST00000590300	12.823557	0.9941426	1.3061314	0.31198877	0.7624859	0.939913304152022	0.11776817076434305	ENSG00000108669.18	CYTH1	True
ENST00000450350	10.349238	1.2141562	1.5258855	0.3117293	0.708781	0.9237580032064323	0.14948793049651987	ENSG00000116668.13	SWT1	True
ENST00000305510	180.40796	4.94265	5.2542305	0.31158066	0.5227683	0.8617277257755155	0.2816907398578403	ENSG00000168763.16	CNNM3	False
ENST00000284061	158.30847	4.8791842	5.190755	0.31157064	0.13750835	0.8093544299533921	0.861670936598657	ENSG00000153933.10	DGKE	False
ENST00000287957	545.8889	6.6700764	6.9815774	0.31150103	0.20462409	0.8093544299533921	0.689043246138164	ENSG00000157259.8	GATAD1	False
ENST00000366728	403.89932	5.95128	6.2626743	0.3113942	0.7487136	0.936233343231704	0.12568427077951913	ENSG00000143774.18	GUK1	False
ENST00000694961	20.936983	1.8098768	2.121153	0.31127632	0.561362	0.8740674714696558	0.25075696743160725	ENSG00000151338.21	MIPOL1	False
ENST00000360961	40.2	2.6573741	2.9684272	0.31105304	0.6124568	0.8926945146705964	0.21292454012513742	ENSG00000060762.20	MPC1	False
ENST00000336767	95.9	3.8649318	4.175909	0.31097722	0.4666587	0.8495841650304082	0.33100062249146767	ENSG00000113460.13	BRIX1	False
ENST00000368839	24.8	1.6097164	1.920653	0.31093657	0.81877697	0.9581381884778277	0.0868343839537752	ENSG00000107902.14	LHPP	False
ENST00000378814	340.76	5.7792583	6.090037	0.31077862	0.33133355	0.8142173533113395	0.4797345891706152	ENSG00000137177.20	KIF13A	False
ENST00000337109	48.9554	3.257542	3.5682652	0.3107233	0.48254296	0.8514557166319144	0.31646401442871197	ENSG00000132313.15	MRPL35	False
ENST00000286800	271.2968	5.23224	5.542855	0.3106146	0.5588565	0.8734440008613941	0.25269970336025793	ENSG00000156273.16	BACH1	False
ENST00000354700	17.9	1.8846077	2.1951632	0.31055558	0.45397905	0.8472077019271466	0.34296419292394636	ENSG00000131584.19	ACAP3	False
ENST00000674104	41.81014	1.7290767	2.0395856	0.31050885	0.77081496	0.9426301048560082	0.1130498678193568	ENSG00000112697.17	TMEM30A	False
ENST00000703170	291.74664	5.5570245	5.867338	0.3103137	0.42205513	0.838029552988072	0.3746308214968453	ENSG00000168412.7	MTNR1A	False
ENST00000567109	96.889656	3.8858426	4.1959696	0.31012702	0.4859387	0.8529381765683051	0.31341851422815575	ENSG00000140945.17	CDH13	False
ENST00000389805	917.2868	7.334713	7.644808	0.31009483	0.07223412	0.8093544299533921	1.1412576347593706	ENSG00000161011.20	SQSTM1	False
ENST00000696575	61.493187	1.7534075	2.0632343	0.30982685	0.84881634	0.9658083343271138	0.07118627116667642	ENSG00000130826.19	DKC1	False
ENST00000675631	1383.3352	7.9898534	8.299623	0.30976915	0.43434578	0.842654100473947	0.36216439182917864	ENSG00000060237.19	WNK1	False
ENST00000235090	85.9	4.007152	4.316905	0.30975294	0.35576257	0.8175932215882654	0.4488397449011701	ENSG00000116455.14	WDR77	False
ENST00000443402	187.64572	5.077266	5.3869853	0.3097191	0.53699833	0.8667540534925389	0.2700270636508186	ENSG00000211689.7	TRGC1	False
ENST00000676584	349.96188	5.858707	6.168294	0.309587	0.4075103	0.8319792555329909	0.3898613987076757	ENSG00000138757.15	G3BP2	False
ENST00000545822	85.23514	3.1616478	3.471161	0.3095131	0.7907393	0.9496994314442054	0.10196667726091098	ENSG00000138029.14	HADHB	False
ENST00000324868	47.84191	3.1879215	3.4973886	0.30946708	0.4560803	0.8473426594424552	0.34095869805136875	ENSG00000139131.13	YARS2	False
ENST00000156471	398.9219	6.147789	6.457136	0.30934715	0.29597825	0.8111088466013822	0.528740204714216	ENSG00000021776.11	AQR	False
ENST00000287020	20.735928	2.0120857	2.3213975	0.30931187	0.5073349	0.8558786284660064	0.29470527145584047	ENSG00000156466.11	GDF6	False
ENST00000591517	40.9326	2.3710444	2.6802108	0.30916643	0.7128618	0.9253601269841094	0.14699467153260176	ENSG00000104814.13	MAP4K1	False
ENST00000619992	299.75653	5.606997	5.9161453	0.3091483	0.51595825	0.8587697515903885	0.28738543929412774	ENSG00000106144.20	CASP2	True
ENST00000403890	52.912872	3.1805382	3.4896193	0.30908108	0.5495538	0.8698453977153369	0.25998977564254827	ENSG00000120253.14	NUP43	False
ENST00000343984	1163.5973	7.446543	7.7555246	0.30898142	0.48679575	0.8529381765683051	0.3126532191688105	ENSG00000125354.24	SEPTIN6	False
ENST00000470541	26.33464	2.221798	2.5306954	0.3088975	0.6159516	0.8944279309061053	0.21045341394238218	ENSG00000116584.22	ARHGEF2	False
ENST00000668667	261.50125	5.490265	5.7990284	0.3087635	0.3573861	0.8177495557578855	0.44686232789749203	ENSG00000143933.20	CALM2	False
ENST00000409682	75.6	3.6961792	4.004919	0.3087399	0.4457425	0.8458565070643068	0.3509159672504215	ENSG00000115233.12	PSMD14	False
ENST00000358679	12.999296	1.5202607	1.828902	0.3086413	0.57674384	0.8791592407063943	0.23901703444816236	ENSG00000139737.23	SLAIN1	False
ENST00000242140	33.564117	2.5978525	2.9064143	0.3085618	0.24883154	0.8093544299533921	0.6040945720112526	ENSG00000122574.12	WIPF3	False
ENST00000545712	88.65636	4.062841	4.3713427	0.30850172	0.23929684	0.8093544299533921	0.6210630388281243	ENSG00000139428.12	MMAB	False
ENST00000377524	125.77254	4.1225	4.4309225	0.30842257	0.6735072	0.9141900609544965	0.17165774840921671	ENSG00000136738.15	STAM	False
ENST00000476722	183.87112	4.886015	5.194406	0.3083911	0.46380812	0.8490061240727494	0.3336616529920552	ENSG00000054282.16	SDCCAG8	False
ENST00000335494	93.605484	4.0473275	4.3555136	0.30818605	0.3691179	0.8194459451468774	0.43283491029549737	ENSG00000156521.14	TYSND1	False
ENST00000646649	1003.86536	7.311117	7.61924	0.30812263	0.46601927	0.8494197755236921	0.33159612215235756	ENSG00000257923.12	CUX1	False
ENST00000600531	35.940117	2.6253855	2.9334977	0.30811214	0.6291379	0.8998400021113475	0.20125416981112915	ENSG00000083844.11	ZNF264	True
ENST00000492474	67.009895	3.5385168	3.8464937	0.30797696	0.5183934	0.8592179362343354	0.2853405386206239	ENSG00000076242.18	MLH1	False
ENST00000276893	46.47061	3.0828454	3.3907866	0.3079412	0.5224827	0.8616614641298415	0.2819280906221625	ENSG00000147854.17	UHRF2	False
ENST00000367688	13.950704	1.0753714	1.3832085	0.30783713	0.7797011	0.9450210581318966	0.10807184544612569	ENSG00000152061.24	RABGAP1L	False
ENST00000698354	26.79852	2.2860224	2.5938225	0.30780005	0.5929109	0.8847708896745496	0.22701057595933016	ENSG00000164342.14	TLR3	False
ENST00000428993	26.82981	1.622612	1.9303553	0.3077433	0.7112547	0.9250055684360596	0.14797484103128544	ENSG00000143919.16	CAMKMT	True
ENST00000343028	315.14822	5.764197	6.0718513	0.30765438	0.26243722	0.8093544299533921	0.5809745641143143	ENSG00000064115.11	TM7SF3	False
ENST00000309137	596.4369	6.6107254	6.9182034	0.30747795	0.41052994	0.8325744088101373	0.386655162841645	ENSG00000172775.18	PSME3IP1	False
ENST00000219794	172.0	4.811042	5.1185055	0.30746365	0.40859514	0.8323007445595858	0.3887067983041126	ENSG00000103507.14	BCKDK	False
ENST00000616513	12.307226	1.4591031	1.7664163	0.3073132	0.6210271	0.896545014235253	0.20688943953667124	ENSG00000253710.5	ALG11	True
ENST00000008938	20.4	1.8160119	2.123139	0.307127	0.7705801	0.9426301048560082	0.11318220341336911	ENSG00000008438.5	PGLYRP1	False
ENST00000649089	13.957255	1.0363308	1.3433869	0.30705607	0.78933424	0.9492023869906075	0.10273905915124841	ENSG00000117139.18	KDM5B	False
ENST00000359242	302.52847	5.6331863	5.9401546	0.3069682	0.33477265	0.8158433703746901	0.47525003452303893	ENSG00000122417.16	ODF2L	False
ENST00000397269	49.765533	1.967707	2.2743635	0.30665648	0.8540101	0.9672304130561934	0.06853699046139182	ENSG00000134452.20	FBH1	False
ENST00000646985	57.249584	2.241051	2.5475988	0.30654788	0.8703878	0.9719420846130337	0.06028720869502279	ENSG00000171456.22	ASXL1	False
ENST00000256324	446.02774	5.9274654	6.233998	0.30653238	0.6050032	0.8899892143002557	0.21824234396537298	ENSG00000133943.21	DGLUCY	False
ENST00000619168	1498.5807	7.9496646	8.256147	0.3064828	0.47208595	0.8496539504698483	0.3259789221065704	ENSG00000183049.14	CAMK1D	False
ENST00000678420	32.130466	2.2407863	2.5471988	0.30641246	0.7867036	0.9480087918113494	0.10418886987962458	ENSG00000084623.12	EIF3I	False
ENST00000307201	96.7518	4.347002	4.65341	0.30640793	0.3074547	0.8118754707110037	0.5122188561941853	ENSG00000168792.5	ABHD15	False
ENST00000547167	35.90214	1.7610074	2.0673206	0.30631316	0.8383692	0.9635160832571866	0.07656468999527014	ENSG00000123411.15	IKZF4	False
ENST00000264126	25.81366	2.144912	2.451099	0.3061869	0.7957614	0.9512430531498312	0.09921712749743092	ENSG00000121957.15	GPSM2	False
ENST00000517856	163.32002	4.294857	4.601042	0.30618477	0.774566	0.9437295648427275	0.11094157347587641	ENSG00000198363.18	ASPH	True
ENST00000651522	6.4	0.76483554	1.0707077	0.30587214	0.7212687	0.9285152025899402	0.14190290582486667	ENSG00000065057.9	NTHL1	False
ENST00000542267	150.71552	4.850978	5.156801	0.30582333	0.3112624	0.8118754707110037	0.506873339681336	ENSG00000145743.18	FBXL17	False
ENST00000374656	31.2	2.3470938	2.6526246	0.3055308	0.6712692	0.9132738921569098	0.17310329317293338	ENSG00000204227.5	RING1	False
ENST00000481109	22.59341	1.5032415	1.8087468	0.30550528	0.6993847	0.9212025833663481	0.1552838793356375	ENSG00000112739.17	PRPF4B	False
ENST00000451782	1375.074	7.586546	7.8919888	0.3054428	0.5938546	0.8854386196300512	0.22631987063362913	ENSG00000140332.18	TLE3	False
ENST00000562631	90.139854	4.2744584	4.5798936	0.30543518	0.6293976	0.8998400021113475	0.2010749374088152	ENSG00000205336.14	ADGRG1	False
ENST00000562955	22.440926	2.0595133	2.3647833	0.30526996	0.6095047	0.8918334419140168	0.21502294131883762	ENSG00000198198.17	SZT2	False
ENST00000565610	19.486986	1.7143003	2.019525	0.30522478	0.6520502	0.9065143079276402	0.18571896945977498	ENSG00000167508.12	MVD	True
ENST00000232496	56.34776	3.05495	3.3601065	0.30515647	0.6123626	0.8926219449730395	0.21299132520267958	ENSG00000114383.10	TUSC2	False
ENST00000316355	199.50713	4.4047427	4.709853	0.30511045	0.67310923	0.9141775297669352	0.17191445196560834	ENSG00000138764.15	CCNG2	False
ENST00000337227	42.3977	2.9362555	3.241364	0.30510855	0.6135393	0.8930687559101305	0.2121576287105709	ENSG00000089050.16	RBBP9	False
ENST00000503889	320.53598	5.788948	6.0939217	0.3049736	0.2514505	0.8093544299533921	0.5995474812078552	ENSG00000180104.16	EXOC3	False
ENST00000367921	7.3993745	0.93098354	1.2359552	0.3049717	0.51370317	0.8583059735118292	0.28928775645431865	ENSG00000162733.19	DDR2	False
ENST00000649906	191.20558	5.1159987	5.4209557	0.3049569	0.2024065	0.8093544299533921	0.6937755538432254	ENSG00000121073.15	SLC35B1	False
ENST00000521726	166.41988	4.674118	4.9790545	0.3049364	0.52635175	0.8628966334781174	0.27872392888099945	ENSG00000156482.11	RPL30	False
ENST00000589717	41.495506	2.923501	3.2284124	0.30491138	0.60621595	0.8901216863280665	0.21737263846028373	ENSG00000256771.5	ZNF253	False
ENST00000608951	12.0	0.9278143	1.2326998	0.30488545	0.64123964	0.9030378888992515	0.19297963627728817	ENSG00000167113.11	COQ4	False
ENST00000564536	19.46188	1.7210063	2.0257611	0.30475485	0.6342912	0.901006220382149	0.1977113330079989	ENSG00000260643.2	ENSG00000260643	False
ENST00000420163	15.468684	1.4532856	1.7579577	0.30467212	0.583409	0.881844908962138	0.2340268670287746	ENSG00000093183.14	SEC22C	False
ENST00000454295	150.85619	4.493402	4.7980447	0.30464268	0.6648881	0.9112769672266469	0.17725145036601456	ENSG00000152939.17	MARVELD2	False
ENST00000434453	53.341858	3.0194447	3.3238475	0.30440283	0.47454652	0.8500118764885034	0.3237212053336821	ENSG00000105983.23	LMBR1	True
ENST00000358987	94.13161	3.9282157	4.232544	0.3043282	0.4729409	0.8499990726699249	0.32519313387212384	ENSG00000197054.12	ZNF763	False
ENST00000341773	23.820883	2.2979946	2.6020613	0.30406666	0.6626222	0.9106357350333458	0.17873400917311677	ENSG00000012124.17	CD22	False
ENST00000329630	21.1	2.0960972	2.4001517	0.3040545	0.6053195	0.8899892143002557	0.21801533535106143	ENSG00000196456.13	ZNF775	False
ENST00000265713	1947.9192	8.320461	8.624431	0.30396938	0.47823393	0.8504371505934152	0.3203596114349902	ENSG00000083168.11	KAT6A	False
ENST00000454278	44.55745	2.780732	3.0846548	0.3039229	0.6906595	0.9189915093887225	0.16073599563479518	ENSG00000075292.19	ZNF638	False
ENST00000545606	302.06122	5.6526427	5.9564776	0.30383492	0.19023353	0.8093544299533921	0.7207129363535064	ENSG00000111530.13	CAND1	False
ENST00000695547	111.95927	4.113804	4.4175887	0.30378485	0.57064086	0.8768692392893742	0.24363713295839085	ENSG00000138750.16	NUP54	False
ENST00000576792	14.317564	1.0857378	1.389262	0.30352414	0.7874225	0.9484225667193386	0.10379219175755998	ENSG00000213918.11	DNASE1	False
ENST00000687251	71.25174	3.4325325	3.7359376	0.30340505	0.6984208	0.9212025833663481	0.15588282111473178	ENSG00000107669.19	ATE1	False
ENST00000256442	7.7202806	1.0926837	1.3960645	0.30338085	0.7066284	0.9234034770961242	0.15080892281981903	ENSG00000134057.15	CCNB1	False
ENST00000264824	481.2	6.5080924	6.811405	0.30331278	0.45641539	0.8475631590411424	0.3406397246582875	ENSG00000104903.5	LYL1	False
ENST00000406438	101.29789	4.10536	4.4085255	0.30316544	0.4319507	0.8415547706803203	0.36456582956146205	ENSG00000176994.11	SMCR8	False
ENST00000371964	16.5	1.8784279	2.1815896	0.30316174	0.70021236	0.9213473089575549	0.1547702277838056	ENSG00000148291.10	SURF2	False
ENST00000714196	40.17916	2.930748	3.2337346	0.30298662	0.695053	0.9205726868545954	0.15798208944940653	ENSG00000010256.12	UQCRC1	False
ENST00000436699	44.43868	2.5753653	2.878283	0.30291772	0.7349905	0.9332857513397641	0.13371828754041562	ENSG00000075790.12	BCAP29	False
ENST00000446231	532.3907	6.343511	6.6462746	0.30276346	0.39113843	0.8273686668756721	0.40766950690111015	ENSG00000157106.18	SMG1	False
ENST00000493770	63.77651	3.4147148	3.7174551	0.30274034	0.5265528	0.8628966334781174	0.2785580764824691	ENSG00000134900.13	TPP2	False
ENST00000455020	20.390259	1.5764807	1.8792207	0.30273998	0.64322734	0.9037337533685105	0.19163550525197875	ENSG00000173678.15	SPDYE2B	False
ENST00000560410	96.8	4.275592	4.578273	0.30268097	0.6220896	0.8967822994367939	0.20614704202860912	ENSG00000100911.16	PSME2	False
ENST00000376094	28.39184	1.3769188	1.6793826	0.30246377	0.8231197	0.9597574746967461	0.08453700409531176	ENSG00000108423.15	TUBD1	False
ENST00000376347	312.0801	5.4756484	5.7778554	0.302207	0.6336114	0.9008713852513025	0.19817703046444948	ENSG00000165115.15	KIF27	False
ENST00000288014	240.53854	5.4611707	5.763337	0.30216646	0.3192909	0.811950164583423	0.495813450540934	ENSG00000259431.6	THTPA	False
ENST00000307826	1274.4543	7.7361455	8.038114	0.3019681	0.2712815	0.8093544299533921	0.5665798049177858	ENSG00000131446.17	MGAT1	False
ENST00000206380	64.492134	3.5087535	3.810505	0.30175138	0.2578993	0.8093544299533921	0.5885498127852961	ENSG00000091947.10	TMEM101	False
ENST00000302692	132.64975	4.491752	4.793461	0.3017087	0.58771366	0.8826128203198247	0.23083421591018172	ENSG00000171612.7	SLC25A33	False
ENST00000615182	180.13565	4.9992895	5.300632	0.3013425	0.2949492	0.8111088466013822	0.5302527719521816	ENSG00000276234.5	TADA2A	False
ENST00000339403	26.628103	1.987332	2.2884214	0.3010894	0.7077581	0.9236073960785152	0.15011513403697688	ENSG00000064012.24	CASP8	False
ENST00000412177	263.29745	5.5938716	5.894957	0.30108547	0.08556407	0.8093544299533921	1.0677085684482375	ENSG00000224383.8	PRR29	False
ENST00000318974	72.69927	3.7598183	4.0608745	0.30105615	0.5038361	0.8556848333281974	0.29771072242255914	ENSG00000111679.17	PTPN6	False
ENST00000285116	204.32985	5.123462	5.424514	0.30105162	0.5510196	0.8702473315036294	0.258832945761879	ENSG00000154839.10	SKA1	False
ENST00000305264	35.6	2.6876113	2.9886246	0.30101323	0.32789782	0.8142173533113395	0.4842614748005534	ENSG00000171720.10	HDAC3	False
ENST00000430834	271.94217	5.4526153	5.753555	0.30093956	0.50897884	0.856389269292594	0.29330026925478125	ENSG00000077044.11	DGKD	False
ENST00000620489	9.287676	0.91984147	1.2207726	0.30093116	0.7769559	0.9442272701652389	0.10960362960473072	ENSG00000138835.24	RGS3	False
ENST00000321521	21.771566	2.1809294	2.4818335	0.30090404	0.5060112	0.8558786284660064	0.29583988069758876	ENSG00000145725.21	PPIP5K2	False
ENST00000392563	867.0322	7.115198	7.4160247	0.30082655	0.4209694	0.8376899436219433	0.37574947487957894	ENSG00000177885.15	GRB2	False
ENST00000246532	248.03996	5.257682	5.558493	0.3008113	0.28262624	0.8102614157364052	0.5487875169888604	ENSG00000126246.10	IGFLR1	False
ENST00000564206	20.544632	1.6123171	1.9130754	0.30075836	0.6905367	0.9189182498219659	0.16081324893279741	ENSG00000133124.12	IRS4	False
ENST00000374987	95.8844	4.25283	4.553581	0.3007512	0.4649837	0.8492019855291293	0.33256226943956785	ENSG00000169188.5	APEX2	False
ENST00000462165	38.541676	2.728901	3.0295396	0.30063868	0.6423782	0.9036251975126485	0.19220919841686984	ENSG00000122565.19	CBX3	True
ENST00000244221	241.15128	4.9913526	5.2919817	0.30062914	0.57530606	0.8784665774466327	0.24010105286183636	ENSG00000124374.9	PAIP2B	True
ENST00000633705	350.35678	6.0312347	6.331795	0.30056047	0.38766697	0.8256304087777617	0.41154119962313795	ENSG00000211751.9	TRBC1	True
ENST00000699916	26.56992	1.5507436	1.8512948	0.30055118	0.8324815	0.9620086147217601	0.07962540709843402	ENSG00000122512.17	PMS2	False
ENST00000569820	92.88915	4.0272603	4.327795	0.30053473	0.44306153	0.8455557222610633	0.3535359565306658	ENSG00000197912.16	SPG7	False
ENST00000396077	964.43134	7.2771473	7.5776596	0.3005123	0.5019556	0.8548764927378353	0.29933467168938177	ENSG00000185219.18	ZNF445	False
ENST00000371833	20.5	2.1064804	2.4068568	0.30037642	0.58711785	0.8826128203198247	0.2312747150956659	ENSG00000162373.13	BEND5	False
ENST00000315127	24.177906	1.6178893	1.9182605	0.30037117	0.7329589	0.9328989707216432	0.13492036972844418	ENSG00000179151.13	EDC3	False
ENST00000367397	56.90498	3.131401	3.431506	0.30010486	0.6120211	0.8924767740121592	0.21323361297717291	ENSG00000134376.17	CRB1	False
ENST00000265560	788.34314	6.99184	7.291808	0.29996824	0.59026545	0.8838774865141505	0.22895263448260111	ENSG00000114316.13	USP4	False
ENST00000368057	24.95139	1.783089	2.0829918	0.2999028	0.79689646	0.9516382282533442	0.09859810367653134	ENSG00000162739.14	SLAMF6	False
ENST00000392872	75.2231	3.230284	3.530168	0.29988408	0.6554026	0.9083491592962606	0.18349183958509505	ENSG00000139372.15	TDG	False
ENST00000636771	17.682837	1.6965871	1.9963106	0.2997235	0.5678711	0.8761634615731728	0.24575023757534473	ENSG00000147100.11	SLC16A2	True
ENST00000378910	37.4137	2.6109207	2.9104016	0.29948092	0.61364615	0.8930687559101305	0.21208198644778997	ENSG00000161270.20	NPHS1	False
ENST00000163416	43.99808	3.1562624	3.4556587	0.29939628	0.43714112	0.842770443628006	0.359378338928947	ENSG00000066455.13	GOLGA5	False
ENST00000399448	265.3306	5.4549465	5.7542086	0.29926205	0.47318447	0.8499990726699249	0.324969520772758	ENSG00000111679.17	PTPN6	False
ENST00000359895	25.87276	2.0570567	2.3562982	0.29924154	0.671288	0.9132738921569098	0.17309110752298137	ENSG00000196923.14	PDLIM7	False
ENST00000507408	37.27904	1.6057931	1.904969	0.29917586	0.78371054	0.9466986003717168	0.10584431279970541	ENSG00000091527.17	CDV3	False
ENST00000392712	53.97793	3.1789043	3.4779916	0.2990873	0.52620465	0.8628966334781174	0.2788453220348586	ENSG00000143367.17	TUFT1	False
ENST00000615321	530.83014	6.5860443	6.8848934	0.2988491	0.40389904	0.8303453948335059	0.3937271749893328	ENSG00000081019.14	RSBN1	False
ENST00000275767	620.9715	6.784086	7.0828915	0.29880524	0.6392733	0.9030065409848047	0.19431344360850267	ENSG00000146859.6	TMEM140	False
ENST00000357214	828.59314	7.227492	7.526267	0.2987752	0.33466634	0.8158433703746901	0.47538796382121107	ENSG00000116560.12	SFPQ	False
ENST00000486911	15.157114	1.6882647	1.9869642	0.2986995	0.5879271	0.8826128203198247	0.23067651866696487	ENSG00000155621.15	C9orf85	True
ENST00000279101	30.3	2.299546	2.5982258	0.29867983	0.69763297	0.9212025833663481	0.1563730038967932	ENSG00000149679.12	CABLES2	False
ENST00000413040	362.59387	5.9862304	6.284567	0.2983365	0.5908341	0.8843283112576478	0.2285344611623123	ENSG00000013374.17	NUB1	False
ENST00000705058	61.612732	3.5323951	3.8304424	0.2980473	0.42969906	0.840824720967489	0.3668355930315093	ENSG00000213066.14	CEP43	False
ENST00000356113	67.812935	3.7872088	4.085195	0.29798627	0.43027982	0.840824720967489	0.3662490205580615	ENSG00000166035.11	LIPC	False
ENST00000596558	35.62143	2.625697	2.9234471	0.29775023	0.8074079	0.9552846492062725	0.09290699720814247	ENSG00000105701.16	FKBP8	False
ENST00000372990	30.860714	2.6631005	2.9607217	0.29762125	0.6421056	0.9034944865138398	0.19239355640062464	ENSG00000158315.11	RHBDL2	False
ENST00000434935	19.418356	1.8185077	2.1161036	0.29759598	0.6585505	0.9098437419465756	0.18141091560256692	ENSG00000180917.18	CMTR2	False
ENST00000593678	67.0034	3.2140868	3.5116637	0.2975769	0.73735154	0.9341737166293993	0.13232541027935937	ENSG00000125651.14	GTF2F1	False
ENST00000648994	259.2821	5.518598	5.8161454	0.29754734	0.26383385	0.8093544299533921	0.5786694840160312	ENSG00000261609.8	GAN	False
ENST00000529945	39.536324	3.0434935	3.3408735	0.29737997	0.6611424	0.9104548772915186	0.1797049842127044	ENSG00000178104.22	PDE4DIP	False
ENST00000370747	22.780247	1.6818417	1.9791459	0.29730415	0.80189484	0.9537559323610355	0.09588257915713855	ENSG00000137965.11	IFI44	False
ENST00000672519	167.7435	4.5564437	4.853741	0.29729748	0.6865777	0.9174747225121174	0.16331032062726672	ENSG00000137074.20	APTX	True
ENST00000262259	67.61538	3.7853124	4.0825453	0.29723287	0.44177958	0.8450668151866445	0.3547943583933856	ENSG00000105497.8	ZNF175	False
ENST00000649579	14.761663	1.4733366	1.7705636	0.29722703	0.6584593	0.9098437419465756	0.18147106022927526	ENSG00000285733.1	ENSG00000285733	True
ENST00000693593	169.07185	4.0362687	4.333441	0.29717207	0.81585467	0.9577838520661336	0.08838719693100101	ENSG00000064995.19	TAF11	False
ENST00000627851	63.5	3.521638	3.8187497	0.29711175	0.1903972	0.8093544299533921	0.7203394359107165	ENSG00000197798.9	FAM118B	False
ENST00000409930	271.92487	5.359244	5.656268	0.29702425	0.5345351	0.8661566713360632	0.2720237636505531	ENSG00000136689.20	IL1RN	False
ENST00000330020	49.943825	3.0076144	3.304497	0.29688263	0.662403	0.9105659425462344	0.17887771752265688	ENSG00000241149.4	ZNF722	False
ENST00000616898	951.20374	7.32741	7.624211	0.2968006	0.7364112	0.9337471318425326	0.1328796067963865	ENSG00000136929.13	HEMGN	False
ENST00000412094	17.200148	1.4106636	1.7072543	0.2965907	0.7053179	0.922584894924629	0.15161508529820197	ENSG00000118564.15	FBXL5	False
ENST00000339355	40.8	2.7045434	3.0010638	0.29652047	0.58870196	0.8830595996330592	0.2301045157368656	ENSG00000188396.4	DYNLT4	False
ENST00000304743	540.088	6.1854	6.4819098	0.29650974	0.56237364	0.8744884066712214	0.249975045514877	ENSG00000100731.16	PCNX1	False
ENST00000155840	305.7	5.5892777	5.885609	0.2963314	0.5094863	0.8566665741098184	0.2928674745733324	ENSG00000053918.20	KCNQ1	False
ENST00000306058	88.11076	2.8623974	3.1586597	0.29626226	0.86282724	0.9700337015692152	0.064076151687313	ENSG00000171456.22	ASXL1	False
ENST00000303305	1108.6398	7.7230606	8.0193	0.29623985	0.27126816	0.8093544299533921	0.5666011797604174	ENSG00000170515.14	PA2G4	False
ENST00000349703	362.5628	6.0958214	6.3920546	0.29623318	0.330136	0.8142173533113395	0.4813071135645079	ENSG00000035928.17	RFC1	False
ENST00000528565	361.2223	5.7879424	6.083459	0.2955165	0.39994377	0.8298121044971967	0.3980010650200011	ENSG00000141279.18	NPEPPS	False
ENST00000238961	78.44995	3.6529348	3.9482584	0.2953236	0.45252767	0.8472077019271466	0.34435485855336145	ENSG00000119906.13	SLF2	False
ENST00000443327	55.135017	3.0401285	3.3354397	0.2953112	0.7379612	0.9342986143406858	0.13196648745939787	ENSG00000116750.14	UCHL5	False
ENST00000468900	16.054508	1.7427901	2.038037	0.29524696	0.5682651	0.8761634615731728	0.2454490302705324	ENSG00000114107.9	CEP70	False
ENST00000300187	23.46733	2.1307232	2.4259284	0.29520512	0.7769546	0.9442272701652389	0.10960436258298827	ENSG00000166928.11	MS4A14	False
ENST00000305943	1497.7	8.114075	8.409145	0.29507065	0.48689476	0.8529381765683051	0.3125649024129255	ENSG00000168159.15	RNF187	False
ENST00000261647	227.35986	5.485828	5.780881	0.295053	0.15874028	0.8093544299533921	0.7993128523506867	ENSG00000011295.16	TTC19	False
ENST00000319410	592.1	6.844525	7.1395073	0.29498243	0.1760772	0.8093544299533921	0.7542968717604449	ENSG00000065427.15	KARS1	False
ENST00000442191	26.49432	1.0717838	1.3667328	0.29494905	0.8324156	0.9620066277152278	0.07965979947169229	ENSG00000076770.16	MBNL3	False
ENST00000324750	14.418742	1.5694698	1.8643371	0.29486728	0.5270351	0.8628966334781174	0.27816044612318747	ENSG00000176136.6	MC5R	False
ENST00000301981	114.068344	4.2630615	4.557655	0.29459333	0.38621488	0.8245026371471442	0.4131709954329758	ENSG00000168904.15	LRRC28	False
ENST00000356056	180.60507	5.045443	5.339639	0.29419613	0.5252684	0.862790740734902	0.279618745393417	ENSG00000066933.17	MYO9A	False
ENST00000619085	40.5	2.863736	3.1578484	0.29411244	0.56332064	0.875031379389378	0.2492443384820927	ENSG00000213654.10	GPSM3	False
ENST00000568909	224.36006	5.5156035	5.8095145	0.29391098	0.6086326	0.8910601391702734	0.21564477214168917	ENSG00000205336.14	ADGRG1	False
ENST00000357731	102.18193	4.1786675	4.47256	0.29389238	0.39177707	0.8281968721804102	0.4069609878639664	ENSG00000172260.15	NEGR1	False
ENST00000368219	344.24823	5.9300594	6.2238374	0.29377794	0.30521125	0.8118754707110037	0.5153994681231673	ENSG00000143319.17	ISG20L2	False
ENST00000618787	109.04091	4.188274	4.482047	0.29377317	0.41256708	0.83350652602391	0.3845054296586938	ENSG00000167637.18	ZNF283	True
ENST00000398937	388.6249	5.5881963	5.8819594	0.29376316	0.6675223	0.9124991026791659	0.17553421389787766	ENSG00000165682.15	CLEC1B	True
ENST00000340180	16.814514	1.7176493	2.0111103	0.29346097	0.6713744	0.9132738921569098	0.17303523529729564	ENSG00000198429.10	ZNF69	False
ENST00000652443	127.84751	3.9340303	4.227461	0.29343057	0.7456189	0.935882830083255	0.12748310375625965	ENSG00000048342.18	CC2D2A	True
ENST00000621161	402.7317	6.260387	6.5537386	0.29335165	0.297205	0.8111088466013822	0.5269438869076911	ENSG00000131242.18	RAB11FIP4	False
ENST00000475509	12.32882	1.5585288	1.8516765	0.29314768	0.658844	0.9101080314719034	0.18121740863011812	ENSG00000127948.17	POR	False
ENST00000361217	121.0	4.2709413	4.5640755	0.2931342	0.60062027	0.8876120410793884	0.22140001528879116	ENSG00000198837.10	DENND4B	False
ENST00000704676	243.22794	5.297028	5.5901213	0.2930932	0.5244275	0.8622709692908394	0.28031456470032867	ENSG00000005007.14	UPF1	False
ENST00000315579	70.36842	3.6865215	3.9795036	0.2929821	0.361049	0.8185742609699567	0.44243385780812594	ENSG00000010292.13	NCAPD2	False
ENST00000356286	507.6104	6.610225	6.903126	0.29290056	0.37891963	0.8231329589941108	0.42145289401362235	ENSG00000125826.22	RBCK1	False
ENST00000519744	266.68945	5.403342	5.69619	0.2928481	0.5324046	0.865635036834895	0.2737581995731406	ENSG00000120963.12	ZNF706	True
ENST00000341369	825.26953	7.0329146	7.3256993	0.2927847	0.32276204	0.8137844371027431	0.4911175451887903	ENSG00000187514.17	PTMA	False
ENST00000622495	155.7	4.8645005	5.1572194	0.2927189	0.33549577	0.8158433703746901	0.47431295116408295	ENSG00000135108.16	FBXO21	False
ENST00000328540	17.61114	1.7149807	2.0076838	0.29270303	0.72720516	0.9302979580697819	0.13834304979394146	ENSG00000182685.8	BRICD5	False
ENST00000016946	16.48112	0.9301818	1.222871	0.29268914	0.8402973	0.9640760333298781	0.07556704134349736	ENSG00000015568.13	RGPD5	False
ENST00000642209	96.1718	3.7584689	4.0508766	0.29240775	0.64980066	0.9059168869193345	0.18721985306524255	ENSG00000165409.18	TSHR	False
ENST00000690729	20.603321	1.7461133	2.038499	0.29238582	0.7128181	0.9253601269841094	0.1470212895908137	ENSG00000101333.19	PLCB4	False
ENST00000463003	10.424901	1.4281174	1.720451	0.2923336	0.7467402	0.9359070387213771	0.12683045545852953	ENSG00000198824.8	CHAMP1	True
ENST00000374431	5.78568	1.017458	1.3097892	0.29233122	0.6992998	0.9212025833663481	0.15533658831881705	ENSG00000198121.15	LPAR1	False
ENST00000250263	81.84003	3.9860783	4.2781568	0.2920785	0.37901407	0.8231329589941108	0.4213446620754173	ENSG00000104626.15	ERI1	False
ENST00000266604	467.0978	6.196556	6.4886274	0.29207134	0.4796542	0.8506036878052632	0.31907175476741717	ENSG00000139233.7	LLPH	False
ENST00000451716	21.488186	2.1355875	2.4275134	0.2919259	0.6754852	0.9143785168213683	0.1703841660380905	ENSG00000196739.15	COL27A1	False
ENST00000224337	60.403156	3.3034213	3.5952563	0.29183507	0.6704266	0.9132738921569098	0.17364875824817347	ENSG00000095585.18	BLNK	False
ENST00000406563	85.03563	3.871725	4.163458	0.2917328	0.6450887	0.9047167310655528	0.19038058398415222	ENSG00000112561.19	TFEB	False
ENST00000409923	11.014234	0.9945275	1.2861671	0.29163963	0.7093821	0.9241221978842475	0.1491197640954337	ENSG00000122591.13	HYCC1	False
ENST00000481240	20.112272	1.5660137	1.857613	0.29159927	0.75460666	0.9371003902398674	0.122279363720037	ENSG00000137210.14	TMEM14B	False
ENST00000290246	33.5264	2.2139904	2.5055404	0.29154992	0.73994064	0.9345775597603275	0.1308031171833607	ENSG00000062598.18	ELMO2	False
ENST00000342550	56.37956	1.5896931	1.8811566	0.2914635	0.8495741	0.9659481202504552	0.07079874150045673	ENSG00000196083.11	IL1RAP	False
ENST00000262848	551.8277	6.6223054	6.913748	0.2914424	0.40106213	0.8298121044971967	0.39678834301812904	ENSG00000183943.6	PRKX	False
ENST00000381151	388.3	6.125799	6.4170694	0.29127026	0.42607516	0.8390493025580809	0.3705137837313878	ENSG00000198743.7	SLC5A3	False
ENST00000337318	276.7105	5.701922	5.9931903	0.29126835	0.47223184	0.8496539504698483	0.32584473865946334	ENSG00000189319.14	FAM53B	False
ENST00000313084	58.278187	2.5420945	2.8332832	0.29118872	0.8078965	0.9554692138169575	0.09264427609201038	ENSG00000148396.19	SEC16A	False
ENST00000608903	26.115223	2.367635	2.6587162	0.2910812	0.61293703	0.8928120916397109	0.21258413812204993	ENSG00000124092.13	CTCFL	False
ENST00000690157	29.84469	1.5682278	1.8593025	0.29107475	0.84802836	0.9657860661311792	0.07158962278325948	ENSG00000181555.22	SETD2	False
ENST00000438510	78.339226	3.4693267	3.7603688	0.2910421	0.5941379	0.8857079187793583	0.22611273799869985	ENSG00000242574.9	HLA-DMB	False
ENST00000251968	82.040726	3.8351736	4.126204	0.2910304	0.48048326	0.8507787223054524	0.31832173514602874	ENSG00000074319.13	TSG101	False
ENST00000373218	903.47833	7.3580623	7.649057	0.29099464	0.06953285	0.8093544299533921	1.1578099763693703	ENSG00000148730.7	EIF4EBP2	False
ENST00000449186	13.584581	1.6699361	1.9606557	0.29071963	0.59633887	0.886485410875149	0.22450688331045246	ENSG00000101413.12	RPRD1B	True
ENST00000355621	323.3924	5.058459	5.348919	0.2904601	0.83279115	0.9621089227771941	0.07946389888327082	ENSG00000186591.13	UBE2H	False
ENST00000359866	161.53561	4.9323816	5.2228146	0.29043293	0.23825122	0.8093544299533921	0.6229648592325465	ENSG00000130311.11	DDA1	False
ENST00000679554	1045.2573	7.5060477	7.796361	0.29031324	0.28172275	0.810159386210085	0.5501780744135896	ENSG00000127914.19	AKAP9	False
ENST00000513350	55.50135	3.166071	3.456341	0.2902701	0.6432643	0.9037337533685105	0.1916105547587786	ENSG00000125386.16	FAM193A	False
ENST00000336395	22.7	2.103518	2.3937812	0.29026318	0.5152091	0.8587509528528511	0.2880164926336486	ENSG00000107140.17	TESK1	False
ENST00000286733	84.19426	3.8600776	4.150322	0.29024434	0.5450715	0.8692662506126195	0.2635465390291301	ENSG00000138744.16	NAAA	False
ENST00000450725	85.85591	1.595059	1.8852396	0.29018056	0.8519447	0.966826986744672	0.06958860216618597	ENSG00000166523.8	CLEC4E	False
ENST00000400911	55.99021	3.3962002	3.6863172	0.29011703	0.5069897	0.8558786284660064	0.2950008487247543	ENSG00000139190.17	VAMP1	True
ENST00000269967	46.0	3.3002965	3.5900974	0.28980088	0.35294086	0.8172002775093227	0.45229806359866065	ENSG00000142039.4	CCDC97	False
ENST00000698357	106.513626	3.7231658	4.012815	0.28964925	0.81117296	0.9563933529011291	0.09088653356292865	ENSG00000135604.11	STX11	False
ENST00000394507	58.276257	1.297779	1.5872632	0.28948426	0.8264791	0.9607849531666007	0.08276813629841233	ENSG00000001631.17	KRIT1	False
ENST00000674280	984.2318	7.4586563	7.7480297	0.2893734	0.42572278	0.8389266064589959	0.3708731127378553	ENSG00000163635.20	ATXN7	False
ENST00000699684	418.8294	6.266344	6.5555573	0.28921318	0.18178146	0.8093544299533921	0.7404504226661683	ENSG00000092330.19	TINF2	False
ENST00000409749	41.136276	2.8703299	3.1594415	0.2891116	0.63356435	0.9008682131522836	0.19820926597601515	ENSG00000182177.15	ASB18	False
ENST00000341421	143.10435	4.520328	4.8093214	0.28899336	0.550369	0.8700511813697908	0.2593460169314259	ENSG00000182606.17	TRAK1	False
ENST00000351933	26.5	2.2021143	2.4910364	0.28892207	0.6440858	0.9043177692507586	0.19105625900849485	ENSG00000100105.18	PATZ1	False
ENST00000546873	18.683329	1.9595944	2.2483814	0.288787	0.57693535	0.8792004419030465	0.23887284944846102	ENSG00000111666.11	CHPT1	True
ENST00000689103	27.487478	1.6122551	1.9010353	0.2887802	0.84663296	0.9652914146466268	0.07230482945547874	ENSG00000121940.17	CLCC1	False
ENST00000321945	168.90099	4.8307676	5.119448	0.28868055	0.38014102	0.8231329589941108	0.4200552645174335	ENSG00000163322.14	ABRAXAS1	False
ENST00000310528	585.95544	6.5782084	6.866641	0.2884326	0.4657538	0.8494197755236921	0.33184359894722887	ENSG00000165416.15	SUGT1	False
ENST00000258774	102.7206	3.9614305	4.2497616	0.28833103	0.71748126	0.9272141667828993	0.1441894405530715	ENSG00000136273.13	HUS1	False
ENST00000427175	206.0806	4.90225	5.190556	0.28830624	0.6757657	0.9145501406384322	0.17020385996783896	ENSG00000188559.16	RALGAPA2	False
ENST00000366647	154.05861	4.7646275	5.0529075	0.28828	0.35958567	0.8183252159569281	0.4441976206856234	ENSG00000116906.13	GNPAT	False
ENST00000637999	36.20925	1.8678097	2.1560895	0.2882799	0.77706665	0.9442272701652389	0.10954173072275478	ENSG00000106976.22	DNM1	False
ENST00000328666	117.0	3.983184	4.2714243	0.2882402	0.6512803	0.9064197091743617	0.18623206893311167	ENSG00000187531.14	SIRT7	False
ENST00000478469	64.88749	3.4977782	3.785802	0.2880237	0.5217951	0.8614481028327506	0.2825000085110101	ENSG00000114054.14	PCCB	False
ENST00000378852	31.973993	2.352939	2.640838	0.28789902	0.7069925	0.9234034770961242	0.1505851890236016	ENSG00000166181.13	API5	False
ENST00000566612	70.87344	3.4488087	3.736657	0.28784823	0.7040036	0.9222985764678387	0.15242513702626737	ENSG00000039068.20	CDH1	True
ENST00000673750	139.08339	4.643198	4.9309874	0.28778934	0.2708676	0.8093544299533921	0.5672429624994356	ENSG00000092529.26	CAPN3	False
ENST00000395238	181.51865	4.776981	5.0647497	0.28776884	0.67271745	0.9140867167630711	0.1721673054369022	ENSG00000176095.12	IP6K1	False
ENST00000379864	138.05656	4.067781	4.35549	0.28770924	0.7550836	0.9373869750740955	0.12200495044799356	ENSG00000242715.8	CCDC169	False
ENST00000646573	307.81494	5.7661667	6.0537505	0.28758383	0.49384397	0.8537766521893764	0.3064102423844079	ENSG00000142002.19	DPP9	False
ENST00000602300	149.8699	4.026609	4.3141227	0.28751373	0.8723942	0.9724970867654965	0.05928722837360259	ENSG00000152795.18	HNRNPDL	True
ENST00000429938	42.984673	3.164873	3.4523087	0.28743577	0.52277863	0.8617277257755155	0.2816821734849491	ENSG00000106211.10	HSPB1	False
ENST00000341170	42.906334	2.9447052	3.232093	0.28738785	0.71031314	0.9246761569437865	0.14855015046767653	ENSG00000136925.15	TSTD2	False
ENST00000650065	96.216484	4.149312	4.436503	0.2871909	0.64696413	0.9053155767396736	0.18911979562958156	ENSG00000130958.13	SLC35D2	False
ENST00000292431	10.6	0.9592974	1.2463051	0.2870077	0.71089935	0.9249602736400028	0.14819188101269995	ENSG00000160877.7	NACC1	False
ENST00000359943	63.3	3.4438493	3.7308514	0.2870021	0.43368366	0.842654100473947	0.36282693694534457	ENSG00000196937.11	FAM3C	False
ENST00000398326	48.88176	2.8925397	3.1795177	0.286978	0.65365267	0.9073302006622772	0.18465296183072324	ENSG00000168386.19	FILIP1L	False
ENST00000649488	51.9	2.9436843	3.230338	0.28665376	0.68361413	0.9170737297062175	0.1651889661426546	ENSG00000108556.10	CHRNE	False
ENST00000417647	842.7131	7.2785244	7.5650187	0.28649426	0.4116201	0.8330998809981174	0.3855034153299245	ENSG00000113141.19	IK	False
ENST00000370474	51.320946	3.0843923	3.3708692	0.28647685	0.7151403	0.9260445005342566	0.14560875791399858	ENSG00000154079.6	SDHAF4	False
ENST00000563418	463.19818	6.1043143	6.390621	0.28630686	0.46752334	0.8496539504698483	0.33019670645697746	ENSG00000179335.20	CLK3	True
ENST00000431544	17.529781	1.5275496	1.8137776	0.28622794	0.68451136	0.9173021276178854	0.16461933778985277	ENSG00000099999.15	RNF215	True
ENST00000692363	37.064877	2.7301247	3.0163321	0.28620744	0.60497653	0.8899892143002557	0.2182614699518961	ENSG00000090054.16	SPTLC1	False
ENST00000266743	67.22772	3.1764107	3.4626138	0.28620315	0.7536297	0.9367964491441557	0.12284200360932512	ENSG00000139351.15	SYCP3	False
ENST00000679351	13.787756	1.2114315	1.497556	0.28612447	0.7290094	0.9315637277152757	0.13726687779225497	ENSG00000288695.1	ENSG00000288695	False
ENST00000535795	8.418261	0.9679658	1.2540662	0.28610045	0.6914529	0.9190096639099691	0.1602373847383908	ENSG00000105676.14	ARMC6	False
ENST00000340067	57.77472	3.3229778	3.6089408	0.28596306	0.40145558	0.8298121044971967	0.3963624999793955	ENSG00000188997.8	KCTD21	False
ENST00000434376	13.634615	1.4882005	1.7741218	0.28592122	0.73848766	0.9345533232895651	0.1316567567560764	ENSG00000074660.17	SCARF1	False
ENST00000266556	44.5	3.0336473	3.3195364	0.28588915	0.5388844	0.8673735641566814	0.2685043874154464	ENSG00000139192.12	TAPBPL	False
ENST00000673704	661.84656	6.7917004	7.077586	0.2858858	0.4439824	0.8455994575468359	0.352634252791265	ENSG00000187555.17	USP7	False
ENST00000564085	6.7434683	0.87074596	1.1566079	0.2858619	0.68986076	0.9186431748190395	0.16123855674044021	ENSG00000140876.11	NUDT7	False
ENST00000376499	44.8	3.137359	3.423201	0.28584218	0.60521066	0.8899892143002557	0.21809342969314766	ENSG00000196781.16	TLE1	False
ENST00000684031	53.950012	3.2233493	3.5091603	0.28581095	0.66069186	0.9103157985469302	0.18000104559820104	ENSG00000145041.17	DCAF1	False
ENST00000627418	62.06534	2.629154	2.9148564	0.28570247	0.8296935	0.961666173855514	0.08108231422791345	ENSG00000163754.18	GYG1	False
ENST00000378364	325.6955	5.92959	6.214944	0.28535366	0.25053582	0.8093544299533921	0.6011301797392665	ENSG00000198931.11	APRT	False
ENST00000547825	32.687218	2.347833	2.633151	0.28531814	0.74651897	0.935882830083255	0.12695915209158512	ENSG00000050405.14	LIMA1	False
ENST00000329454	160.39792	4.2852464	4.570497	0.28525066	0.6665216	0.9121934046677811	0.17618576606514952	ENSG00000183888.4	SRARP	False
ENST00000293217	241.1354	5.041672	5.326909	0.28523684	0.69999486	0.9212025833663481	0.15490514766954086	ENSG00000161533.12	ACOX1	False
ENST00000301608	241.1354	5.041672	5.326909	0.28523684	0.69999486	0.9212025833663481	0.15490514766954086	ENSG00000161533.12	ACOX1	False
ENST00000338306	18.961082	2.1153831	2.4004352	0.28505206	0.4424811	0.845533042537345	0.35410527434044525	ENSG00000187860.11	CCDC157	False
ENST00000328664	350.07758	5.8384438	6.123464	0.28502035	0.44068024	0.8446156514523803	0.3558764270298612	ENSG00000187010.21	RHD	False
ENST00000402399	94.08609	4.245419	4.530324	0.28490496	0.57637095	0.8790247152485581	0.2392979130286328	ENSG00000100721.11	TCL1A	False
ENST00000494980	461.029	6.319575	6.6042666	0.2846918	0.42193142	0.838029552988072	0.37475813709970035	ENSG00000083937.10	CHMP2B	False
ENST00000233838	432.73053	6.2295647	6.5141234	0.28455877	0.50175345	0.8548764927378353	0.29950963315515694	ENSG00000115486.13	GGCX	False
ENST00000339399	2158.1	8.740468	9.024999	0.28453064	0.20764779	0.8093544299533921	0.6826726960541156	ENSG00000136938.9	ANP32B	True
ENST00000496455	188.50108	5.0726147	5.3571243	0.28450966	0.4358519	0.842654100473947	0.3606610547000947	ENSG00000163655.16	GMPS	False
ENST00000695022	202.032	4.7819147	5.0664034	0.28448868	0.6920022	0.9190707643921263	0.15989253912537607	ENSG00000173230.17	GOLGB1	True
ENST00000320451	525.9865	6.5987773	6.8832273	0.28445005	0.11980896	0.8093544299533921	0.9215107126488511	ENSG00000197961.12	ZNF121	False
ENST00000514162	33.46555	2.1065645	2.3909485	0.284384	0.76814115	0.9417990937927123	0.1145589684585002	ENSG00000183474.16	GTF2H2C	False
ENST00000714026	273.33087	4.772572	5.056956	0.28438377	0.7624385	0.939913304152022	0.11779519535759499	ENSG00000152926.17	ZNF117	False
ENST00000588258	278.4666	5.597955	5.8823175	0.28436232	0.5452737	0.8692662506126195	0.26338543208573145	ENSG00000131944.11	FAAP24	False
ENST00000422974	75.98152	2.5908558	2.8751194	0.2842636	0.8659698	0.9709615110022777	0.062497264870178974	ENSG00000255073.8	ZFP91-CNTF	False
ENST00000681515	121.95015	4.555032	4.8391986	0.2841668	0.25408748	0.8093544299533921	0.5950167375595878	ENSG00000185624.16	P4HB	True
ENST00000714028	11.985812	1.3233019	1.6073982	0.28409624	0.7052451	0.922584894924629	0.15165993640161893	ENSG00000124602.11	UNC5CL	False
ENST00000416379	37.406006	1.2616143	1.5455377	0.2839234	0.81848973	0.9580175559429005	0.08698676533790183	ENSG00000166448.15	TMEM130	False
ENST00000255882	34.969612	2.475434	2.7592747	0.28384066	0.65547615	0.9083884938843829	0.18344310390324295	ENSG00000241973.11	PI4KA	False
ENST00000613206	1251.043	7.4366355	7.720436	0.2838006	0.6175333	0.894947108003435	0.20933960005685984	ENSG00000144711.17	IQSEC1	False
ENST00000395290	2647.7312	8.891959	9.1757555	0.2837963	0.46208993	0.8481416265840513	0.33527349940682116	ENSG00000149187.19	CELF1	False
ENST00000674335	39.51769	2.6820233	2.9658046	0.2837813	0.62985986	0.8998400021113475	0.20075606443873692	ENSG00000060642.12	PIGV	False
ENST00000374227	29.41482	2.492447	2.7761204	0.28367352	0.60955995	0.8918334419140168	0.21498357295130563	ENSG00000136866.14	ZFP37	False
ENST00000684590	20.501505	1.4698906	1.7535588	0.28366816	0.7356668	0.9332952846121519	0.1333188360768481	ENSG00000116127.20	ALMS1	False
ENST00000508076	132.49442	4.715075	4.9986563	0.28358126	0.18893461	0.8093544299533921	0.7236884801478826	ENSG00000120708.17	TGFBI	False
ENST00000609713	669.0316	6.842064	7.125627	0.28356314	0.4203095	0.8374541090522876	0.3764307795228798	ENSG00000157542.11	KCNJ6	False
ENST00000422782	61.82052	2.8195012	3.102936	0.28343487	0.7648386	0.9407861862454446	0.11643021558155561	ENSG00000168288.13	MMADHC	False
ENST00000442225	40.20364	2.8056457	3.0889273	0.28328156	0.6220167	0.8967648830813091	0.20619793565074113	ENSG00000014641.21	MDH1	True
ENST00000371586	16.687473	1.2010689	1.4842558	0.2831869	0.80700433	0.9552005372235465	0.09312413368658569	ENSG00000154222.15	CC2D1B	False
ENST00000334773	90.909325	3.5974543	3.8805783	0.28312397	0.6828096	0.9167149835259957	0.16570038706445991	ENSG00000186562.8	DEFB105A	False
ENST00000438075	86.68227	3.2931015	3.5760982	0.28299665	0.7557483	0.9379412011107189	0.12162283718600582	ENSG00000204482.11	LST1	False
ENST00000524591	315.573	5.643254	5.926241	0.28298712	0.4191552	0.8369928622965472	0.3776251310283071	ENSG00000250305.9	TRMT9B	False
ENST00000677624	67.586296	3.15872	3.4416027	0.2828827	0.8215094	0.9596230182737303	0.0853874518160781	ENSG00000149131.17	SERPING1	False
ENST00000428610	14.723941	1.5212702	1.8040116	0.28274143	0.77283895	0.9432727370709886	0.11191099811941335	ENSG00000175287.19	PHYHD1	True
ENST00000391785	210.11133	4.515739	4.798458	0.28271914	0.7768165	0.9442272701652389	0.10968156544715023	ENSG00000167562.14	ZNF701	False
ENST00000600738	62.139576	3.5174444	3.8001018	0.28265738	0.54506755	0.8692662506126195	0.2635496734438424	ENSG00000198093.11	ZNF649	False
ENST00000378578	11.41902	1.1666406	1.4492131	0.2825725	0.6991628	0.9212025833663481	0.15542169869879635	ENSG00000165169.11	DYNLT3	True
ENST00000391701	63.71459	3.2005117	3.483033	0.28252125	0.7188713	0.9276433654338391	0.14334885743121886	ENSG00000178935.5	ZNF552	False
ENST00000552109	48.9026	1.9772829	2.2597692	0.28248632	0.8408549	0.9640760333298781	0.07527894934613864	ENSG00000015153.15	YAF2	False
ENST00000276282	441.6	6.316687	6.5991726	0.28248549	0.24212475	0.8093544299533921	0.6159608125220317	ENSG00000147324.11	MFHAS1	False
ENST00000302584	42.41904	3.0241795	3.306505	0.2823255	0.5139974	0.8584153154289704	0.28903909813853423	ENSG00000171532.5	NEUROD2	False
ENST00000302342	128.50394	3.8597593	4.1415963	0.281837	0.7520431	0.9367761286654671	0.12375725286414647	ENSG00000171940.14	ZNF217	False
ENST00000673234	22.79109	1.9848013	2.2665863	0.281785	0.70565426	0.9227492271768721	0.15140803015666762	ENSG00000118520.16	ARG1	False
ENST00000394885	286.13812	5.157417	5.439122	0.28170538	0.6584	0.9098437419465756	0.18151017836194383	ENSG00000117906.14	RCN2	False
ENST00000598409	17.791998	1.7298646	2.011564	0.28169942	0.6833346	0.9170409466053272	0.16536659561917896	ENSG00000268182.6	SMIM17	True
ENST00000567736	29.976315	2.2854607	2.5670602	0.28159952	0.6202365	0.8963672800698408	0.20744266855668428	ENSG00000167522.17	ANKRD11	False
ENST00000373004	66.05275	3.4234447	3.7049842	0.28153944	0.4419884	0.8450789941411054	0.3545891201577907	ENSG00000102359.9	SRPX2	False
ENST00000409548	521.6	6.4600177	6.7415223	0.28150463	0.45546904	0.8473426594424552	0.34154113640387784	ENSG00000142102.16	PGGHG	False
ENST00000698734	57.99885	2.8518448	3.133065	0.2812202	0.8266937	0.9609717099308279	0.08265536481686166	ENSG00000148606.15	POLR3A	False
ENST00000566157	189.86243	5.1500382	5.4310975	0.28105927	0.32168314	0.8127965721102692	0.4925717025453762	ENSG00000087263.17	OGFOD1	False
ENST00000526817	11.4	1.2260374	1.5070248	0.28098738	0.75359917	0.9367964491441557	0.12285959034244924	ENSG00000181830.9	SLC35C1	False
ENST00000519253	79.03953	1.7438375	2.0245626	0.28072512	0.8814155	0.9750943684790417	0.054819323271211584	ENSG00000078674.20	PCM1	False
ENST00000559113	1389.6605	7.974022	8.25469	0.28066826	0.45367345	0.8472077019271466	0.34325663384158056	ENSG00000182718.18	ANXA2	False
ENST00000517643	544.21277	6.5116563	6.7922463	0.28059006	0.5171781	0.8587697515903885	0.28635985837299166	ENSG00000145675.16	PIK3R1	False
ENST00000556529	21.251692	1.7055408	1.9860418	0.280501	0.6953269	0.9205726868545954	0.15781095361601527	ENSG00000258102.5	MAP1LC3B2	False
ENST00000369864	20.309927	2.350842	2.631308	0.28046608	0.57635695	0.8790247152485581	0.2393084674752558	ENSG00000181754.7	AMIGO1	False
ENST00000367721	16.8	1.3823318	1.6626993	0.2803675	0.71759313	0.9272141667828993	0.1441217256485182	ENSG00000117560.8	FASLG	False
ENST00000529515	93.52648	4.069712	4.34997	0.2802577	0.39279354	0.8283759992706762	0.4058356675799835	ENSG00000197302.11	KRBOX5	False
ENST00000505747	18.54628	1.9499809	2.2301564	0.28017557	0.7915211	0.9498574838588226	0.1015375185781568	ENSG00000138050.15	THUMPD2	False
ENST00000296575	25.992786	1.8800564	2.160188	0.28013158	0.6648058	0.9112769672266469	0.17730518098171189	ENSG00000164161.10	HHIP	False
ENST00000461742	19.654886	1.6351959	1.9152579	0.28006208	0.79327106	0.9503201367047278	0.10057838668821435	ENSG00000116852.15	KIF21B	False
ENST00000322088	153.70798	4.796947	5.0769897	0.28004265	0.07604605	0.8093544299533921	1.1189233415545214	ENSG00000105568.19	PPP2R1A	False
ENST00000454919	16.387287	1.425427	1.7053916	0.2799647	0.7526041	0.9367761286654671	0.12343340454111466	ENSG00000165322.18	ARHGAP12	True
ENST00000559178	35.204597	2.4235697	2.7034595	0.27988982	0.68538237	0.9173021276178854	0.16406707348224664	ENSG00000177082.13	WDR73	False
ENST00000563504	19.694233	1.1281694	1.4080356	0.27986622	0.78330004	0.9465150449517197	0.10607185008632673	ENSG00000135698.10	MPHOSPH6	False
ENST00000296292	123.70748	4.507932	4.7877445	0.27981234	0.4522854	0.8472077019271466	0.344587422655195	ENSG00000163933.10	RFT1	False
ENST00000261797	16.8	1.5640267	1.8437924	0.27976573	0.5473267	0.8693177891645862	0.26175337803941595	ENSG00000070614.15	NDST1	False
ENST00000263331	434.2438	6.165558	6.4452753	0.27971745	0.46137887	0.8481416265840513	0.33594229670816433	ENSG00000125630.16	POLR1B	False
ENST00000544233	144.29935	4.6331134	4.91282	0.27970648	0.5000671	0.8548764927378353	0.300971704375443	ENSG00000176871.9	WSB2	False
ENST00000258201	32.7	2.8369303	3.1166294	0.2796991	0.5173139	0.8587697515903885	0.2862458541365689	ENSG00000135723.14	FHOD1	False
ENST00000367166	264.8767	5.3817143	5.6613927	0.27967834	0.40488777	0.8310603061091208	0.39266534595995073	ENSG00000029639.11	TFB1M	False
ENST00000496537	11.170694	1.3047286	1.5843229	0.2795943	0.71960956	0.9279414780187618	0.1429030765494161	ENSG00000169629.12	RGPD8	False
ENST00000441344	11.170694	1.3047286	1.5843229	0.2795943	0.71960956	0.9279414780187618	0.1429030765494161	ENSG00000015568.13	RGPD5	False
ENST00000393892	705.006	6.9292126	7.2085886	0.27937603	0.28012076	0.8093544299533921	0.5526547037175101	ENSG00000173786.17	CNP	False
ENST00000550399	297.33615	5.3986626	5.6779647	0.27930212	0.5782987	0.8796180154259889	0.2378477930384249	ENSG00000123329.20	ARHGAP9	False
ENST00000661808	12.867816	1.5818709	1.8610144	0.27914345	0.636206	0.9016915978332832	0.19640225905002398	ENSG00000075711.21	DLG1	False
ENST00000394907	8.122948	1.1258128	1.4048889	0.2790761	0.7731697	0.9432727370709886	0.11172517607923899	ENSG00000169752.17	NRG4	True
ENST00000378061	108.943504	4.042534	4.3215923	0.27905846	0.6618004	0.9104548772915186	0.1792729848408525	ENSG00000204947.9	ZNF425	False
ENST00000296677	27.258057	2.1392527	2.4183025	0.27904987	0.6964595	0.9208212130153275	0.1571041506268758	ENSG00000164251.5	F2RL1	False
ENST00000543473	860.5	7.3429017	7.621887	0.2789855	0.032948125	0.8093544299533921	1.4821692930133261	ENSG00000111707.12	SUDS3	False
ENST00000362079	9355.9	10.718559	10.997496	0.2789364	0.20252344	0.8093544299533921	0.6935247041689855	ENSG00000198938.2	MT-CO3	False
ENST00000521009	22.3	1.840511	2.1193738	0.27886283	0.7852157	0.9473086112519176	0.10501103884931455	ENSG00000094755.17	GABRP	False
ENST00000374490	18.36217	0.9588194	1.2375524	0.27873302	0.7808562	0.9456684473017747	0.10742894144016865	ENSG00000117305.15	HMGCL	False
ENST00000216121	20.9	1.9329772	2.2116046	0.2786274	0.74746186	0.9359070387213771	0.12641096542089586	ENSG00000184117.12	NIPSNAP1	False
ENST00000424526	13.2	1.1237065	1.4022052	0.27849877	0.7839816	0.946795898683074	0.10569411828057838	ENSG00000141449.16	GREB1L	False
ENST00000334464	243.94072	5.0432897	5.3217025	0.27841282	0.5430264	0.8684626255547312	0.2651790658985191	ENSG00000165650.12	PDZD8	False
ENST00000588676	17.2	1.4125744	1.690799	0.2782246	0.760817	0.9394590258891118	0.11871979686177306	ENSG00000141664.10	ZCCHC2	False
ENST00000621234	49.134857	2.7597463	3.0379283	0.27818203	0.73148596	0.9324883865016633	0.13579400352031962	ENSG00000164116.17	GUCY1A1	False
ENST00000713581	97.49773	3.9771106	4.2551985	0.27808785	0.5502538	0.8700058250571959	0.25943694286074276	ENSG00000120832.11	MTERF2	False
ENST00000371072	14.8	1.0037518	1.2816837	0.27793193	0.7400249	0.9345775597603275	0.13075365284439483	ENSG00000162437.15	RAVER2	False
ENST00000396478	27.988422	2.4325008	2.7102861	0.2777853	0.662344	0.9105659425462344	0.17891640733936331	ENSG00000197429.11	IPP	False
ENST00000614558	162.78891	4.890671	5.1683717	0.2777009	0.23616353	0.8093544299533921	0.6267871742252231	ENSG00000165175.17	MID1IP1	False
ENST00000343524	13.54807	1.7071956	1.9848655	0.2776699	0.6000468	0.8872801281073514	0.22181486620563987	ENSG00000101844.18	ATG4A	False
ENST00000686161	58.72749	3.0744095	3.3519354	0.2775259	0.6975895	0.9212025833663481	0.15640005459460615	ENSG00000174021.12	GNG5	True
ENST00000683975	40.356678	2.3506052	2.6280005	0.27739525	0.8053006	0.9552005372235465	0.09404198090273387	ENSG00000134864.11	GGACT	False
ENST00000242275	11.555986	1.2775007	1.5547565	0.27725577	0.46120223	0.8481416265840513	0.3361085976816499	ENSG00000122696.14	SLC25A51	False
ENST00000307808	44.02906	2.0926118	2.3698604	0.27724862	0.87343025	0.9726684539396364	0.05877176995785251	ENSG00000172493.23	AFF1	False
ENST00000407096	77.238174	2.3047993	2.581903	0.27710366	0.84993994	0.9659481202504552	0.07061176090120692	ENSG00000187554.15	TLR5	False
ENST00000554256	58.70183	3.6200774	3.8971543	0.27707696	0.5871326	0.8826128203198247	0.2312638250264854	ENSG00000100461.18	RBM23	True
ENST00000679921	40.084557	2.6832373	2.9601765	0.27693915	0.617499	0.894947108003435	0.2093637456885416	ENSG00000125347.15	IRF1	False
ENST00000596188	60.233013	3.2254803	3.5023937	0.2769134	0.5457131	0.8693177891645862	0.26303559951138317	ENSG00000179542.16	SLITRK4	False
ENST00000536173	153.65141	3.9815967	4.2584667	0.27687	0.7740268	0.9434603696100943	0.11124399574984602	ENSG00000118308.16	IRAG2	False
ENST00000307564	2346.5044	8.674313	8.950933	0.27662086	0.38019872	0.8231329589941108	0.4199893528830253	ENSG00000106948.17	AKNA	False
ENST00000697686	39.577785	2.6156757	2.8922896	0.27661395	0.72523046	0.9293352268139775	0.13952396638869816	ENSG00000108384.16	RAD51C	False
ENST00000454381	37.934868	2.642884	2.919447	0.27656293	0.43631437	0.842654100473947	0.3602004791136156	ENSG00000144644.15	GADL1	False
ENST00000452918	194.66368	5.227973	5.504256	0.2762828	0.35024598	0.81719736681995	0.45562683770618756	ENSG00000064607.17	SUGP2	False
ENST00000447402	231.16516	5.129692	5.405957	0.27626514	0.7545474	0.9371003902398674	0.12231346315738818	ENSG00000143416.21	SELENBP1	False
ENST00000445816	7.631237	1.490739	1.7669697	0.2762307	0.7272145	0.9302979580697819	0.13833746117725337	ENSG00000140264.22	SERF2	False
ENST00000308910	43.540607	3.0658944	3.3421094	0.27621508	0.52188975	0.8614935217785892	0.28242123584664974	ENSG00000174500.13	GCSAM	False
ENST00000262053	83.43651	3.5754519	3.8514776	0.27602577	0.6855781	0.9173021276178854	0.16394305893601047	ENSG00000123268.9	ATF1	False
ENST00000552672	113.29584	4.260353	4.536292	0.275939	0.4957607	0.8537766521893764	0.30472789572089737	ENSG00000123353.10	ORMDL2	False
ENST00000352397	1819.4779	8.323369	8.599257	0.27588844	0.49040648	0.8537766521893764	0.30944379686779955	ENSG00000100243.22	CYB5R3	False
ENST00000372164	554.54846	6.604052	6.8799396	0.2758875	0.28316578	0.8102614157364052	0.5479592272771645	ENSG00000108219.17	TSPAN14	False
ENST00000366600	82.92605	3.8833497	4.1591754	0.27582574	0.5770966	0.8792004419030465	0.2387514983093758	ENSG00000162885.14	B3GALNT2	False
ENST00000374741	22.2	2.0613377	2.3371336	0.27579594	0.6922905	0.9191840519902572	0.15971163745045305	ENSG00000204237.5	OXLD1	False
ENST00000511092	49.185047	3.0252979	3.3010328	0.2757349	0.71111685	0.9250055684360596	0.1480590303476842	ENSG00000109572.16	CLCN3	False
ENST00000400335	203.45541	4.3734174	4.649151	0.27573347	0.7706384	0.9426301048560082	0.11314935086622517	ENSG00000183762.13	KREMEN1	False
ENST00000607427	6.2264	0.84842587	1.12412	0.27569413	0.7586625	0.938790070041057	0.11995136968639997	ENSG00000163131.12	CTSS	False
ENST00000504952	39.976448	3.0657265	3.3413682	0.27564168	0.461824	0.8481416265840513	0.33552350159343386	ENSG00000156136.10	DCK	False
ENST00000651989	319.6114	5.63738	5.912959	0.27557898	0.5651043	0.8755018923501372	0.2478713836350162	ENSG00000033122.21	LRRC7	False
ENST00000396658	53.148285	2.2517104	2.527213	0.27550268	0.81981486	0.9586982370975586	0.08628421347260196	ENSG00000118900.15	UBN1	False
ENST00000674864	57.99032	3.312864	3.5882742	0.27541018	0.73713624	0.9341176788838464	0.1324522341424177	ENSG00000185942.13	NKAIN3	False
ENST00000438716	9.95202	1.1209548	1.396358	0.27540326	0.7420182	0.9352199817307463	0.12958542899571182	ENSG00000184792.16	OSBP2	False
ENST00000539524	39.938328	1.220081	1.4953679	0.2752869	0.8442317	0.9647067702622658	0.07353833185438663	ENSG00000078618.23	NRDC	False
ENST00000373001	670.2	6.8608537	7.1361237	0.27527	0.43750998	0.8431273635154642	0.35901203212687505	ENSG00000116954.8	RRAGC	False
ENST00000329627	1107.5165	7.5801888	7.8554125	0.27522373	0.26424462	0.8093544299533921	0.5779938526546592	ENSG00000215193.14	PEX26	False
ENST00000581278	84.495476	4.0836635	4.358869	0.2752056	0.43341094	0.842654100473947	0.36310012801612324	ENSG00000154059.11	IMPACT	False
ENST00000613529	74.834335	3.9305122	4.2055383	0.27502608	0.59249324	0.8847213646920881	0.22731660321904443	ENSG00000170633.17	RNF34	True
ENST00000481617	882.22284	6.96283	7.2377424	0.27491236	0.5963082	0.886485410875149	0.224529239084194	ENSG00000133138.20	TBC1D8B	False
ENST00000396926	154.7	4.8066487	5.0814056	0.2747569	0.4976765	0.8540375487251681	0.3030528731194805	ENSG00000070718.13	AP3M2	False
ENST00000266544	548.3635	6.5210133	6.7955575	0.27454424	0.28059137	0.8093544299533921	0.5519256925178243	ENSG00000139180.11	NDUFA9	False
ENST00000706262	61.27959	2.0857952	2.360215	0.27441978	0.8856239	0.9762529517548046	0.052750685422248395	ENSG00000135837.18	CEP350	True
ENST00000640006	838.95374	7.180984	7.4553947	0.27441072	0.35505533	0.8174198889773302	0.44970396077716124	ENSG00000284526.3	ENSG00000284526	False
ENST00000380950	10.358313	0.81725955	1.0916657	0.2744062	0.7516893	0.9367004660724456	0.12396162314494152	ENSG00000103995.14	CEP152	False
ENST00000681918	11.165342	1.2846652	1.5588976	0.2742324	0.70867074	0.9237490942480034	0.1495555011095626	ENSG00000058056.10	USP13	True
ENST00000317623	661.8756	6.786162	7.060361	0.274199	0.31109723	0.8118754707110037	0.5071038495539201	ENSG00000126773.13	PCNX4	False
ENST00000455313	10.663321	1.4099413	1.6840636	0.27412224	0.81106824	0.9563933529011291	0.09094260616968045	ENSG00000179889.20	PDXDC1	False
ENST00000215742	68.02598	3.2137394	3.4877684	0.27402902	0.73514664	0.9332857513397641	0.1336260223545795	ENSG00000184436.12	THAP7	False
ENST00000252951	14.5	1.5969448	1.870905	0.27396023	0.7600442	0.9389660404273049	0.11916114102429402	ENSG00000130656.6	HBZ	False
ENST00000406641	28.95365	1.345232	1.6191869	0.27395487	0.83531576	0.9626844520213611	0.07814932257828129	ENSG00000106070.20	GRB10	False
ENST00000289382	1012.29346	7.1860523	7.45991	0.2738576	0.6722647	0.9137093146674277	0.17245969567153266	ENSG00000158435.8	CNOT11	False
ENST00000251047	226.1	5.390717	5.6644354	0.27371836	0.43479213	0.842654100473947	0.36171832432269396	ENSG00000074695.6	LMAN1	False
ENST00000431606	123.16522	4.313808	4.5874777	0.27366972	0.58813673	0.882656172273764	0.23052169552081528	ENSG00000156603.20	MED19	False
ENST00000242505	16.753328	0.831515	1.1048952	0.27338022	0.7573171	0.9384303956788781	0.12072222202768333	ENSG00000138286.15	FAM149B1	False
ENST00000433615	19.66806	2.0663147	2.3396523	0.2733376	0.622182	0.8967947429302362	0.20608254927668698	ENSG00000143569.20	UBAP2L	True
ENST00000254101	69.9	3.6800613	3.9532247	0.27316332	0.6091373	0.8915393767224997	0.2152848084037455	ENSG00000131791.8	PRKAB2	False
ENST00000506368	52.851433	3.3180764	3.5912037	0.27312732	0.6993511	0.9212025833663481	0.1553047548813076	ENSG00000151466.12	SCLT1	False
ENST00000564996	444.8741	6.3683505	6.6414714	0.27312088	0.24394009	0.8093544299533921	0.6127168288831816	ENSG00000135686.13	KLHL36	False
ENST00000261574	69.127266	3.6285133	3.901509	0.2729957	0.5088917	0.856314293461039	0.2933746309424249	ENSG00000065150.21	IPO5	False
ENST00000347970	60.667297	3.3772357	3.6501799	0.2729442	0.4168429	0.8363922147126204	0.3800275833650268	ENSG00000184277.13	TM2D3	False
ENST00000455319	10.899994	1.5619326	1.8347906	0.27285802	0.63459826	0.9011393426914533	0.19750112633665293	ENSG00000182325.11	FBXL6	False
ENST00000458341	96.19474	3.8676884	4.140523	0.27283454	0.73435175	0.9332857513397641	0.13409586336722348	ENSG00000185404.17	SP140L	False
ENST00000560240	13.101309	1.4794998	1.7522349	0.27273512	0.7211529	0.9285152025899402	0.14197264470846338	ENSG00000166200.15	COPS2	False
ENST00000409714	1033.3145	7.0844054	7.3571305	0.2727251	0.68331426	0.9170409466053272	0.16537951351711613	ENSG00000138398.17	PPIG	False
ENST00000493111	513.7927	6.398232	6.6709056	0.2726736	0.3896733	0.826181329987083	0.4092993587900766	ENSG00000189077.11	TMEM120A	False
ENST00000229595	107.8	3.9050767	4.1777067	0.27262998	0.6488038	0.9058007019088778	0.1878866348744451	ENSG00000111875.8	ASF1A	False
ENST00000355451	261.4169	5.6979375	5.970398	0.27246046	0.30647132	0.8118754707110037	0.513610163933062	ENSG00000015676.18	NUDCD3	False
ENST00000638429	67.54811	3.6930368	3.9654584	0.2724216	0.636623	0.9018991094981259	0.19611765816903753	ENSG00000107779.16	BMPR1A	False
ENST00000592228	101.46138	4.188584	4.460973	0.27238894	0.35406578	0.8173803121090482	0.45091605027825643	ENSG00000171302.17	CANT1	False
ENST00000650821	15.776352	1.6687914	1.9411447	0.2723533	0.75603575	0.9379412011107189	0.1214576707001724	ENSG00000118777.12	ABCG2	False
ENST00000300151	38.0	2.7022054	2.9745154	0.27231002	0.6964998	0.9208212130153275	0.1570789886560986	ENSG00000166902.5	MRPL16	False
ENST00000618670	55.10482	2.466207	2.7384558	0.27224874	0.80275023	0.9543781922549283	0.09541956141853923	ENSG00000269335.7	IKBKG	False
ENST00000419385	30.214716	2.327573	2.5995355	0.2719624	0.7496719	0.936236640367669	0.12512878119088477	ENSG00000099810.21	MTAP	True
ENST00000585421	901.27893	7.158525	7.43048	0.271955	0.5066156	0.8558786284660064	0.2953214591854104	ENSG00000035862.13	TIMP2	False
ENST00000262177	137.14728	4.13289	4.404806	0.2719159	0.766081	0.9410582432937948	0.11572532257591235	ENSG00000105993.15	DNAJB6	False
ENST00000302503	232.9	5.5145755	5.78647	0.27189445	0.26098767	0.8093544299533921	0.5833800110988363	ENSG00000109919.10	MTCH2	False
ENST00000342063	78.190895	3.4153798	3.6872473	0.2718675	0.6251066	0.8981775639567521	0.2040459343908133	ENSG00000188305.6	PEAK3	False
ENST00000321764	53.588326	3.0242634	3.2959468	0.27168345	0.73671526	0.9339559869914129	0.13270033593420347	ENSG00000185015.8	CA13	False
ENST00000647073	46.613697	2.7395217	3.011169	0.2716472	0.65780795	0.9096026513213241	0.18190088462016218	ENSG00000147481.17	SNTG1	False
ENST00000398762	87.302635	3.3554828	3.6271257	0.27164292	0.8790942	0.9746659813132817	0.05596459345952472	ENSG00000133106.15	EPSTI1	False
ENST00000263918	557.9979	6.622831	6.8943853	0.27155447	0.2985476	0.8111088466013822	0.524986421924276	ENSG00000115808.13	STRN	False
ENST00000300134	674.6248	6.579826	6.8512964	0.27147055	0.6240888	0.8979233606519958	0.20475359471038806	ENSG00000166888.13	STAT6	False
ENST00000372899	647.5709	6.81369	7.08512	0.27143002	0.47550443	0.8500118764885034	0.32284543432824137	ENSG00000024048.11	UBR2	False
ENST00000372901	647.5709	6.81369	7.08512	0.27143002	0.47550443	0.8500118764885034	0.32284543432824137	ENSG00000024048.11	UBR2	False
ENST00000679859	97.78994	3.7938917	4.0653	0.27140832	0.8097967	0.9561147010173113	0.09162400221450875	ENSG00000107201.12	RIGI	False
ENST00000402314	11.571356	0.95273346	1.2240924	0.2713589	0.7667437	0.9412607163018049	0.11534977265083175	ENSG00000144848.11	ATG3	False
ENST00000359426	74.3479	3.3451154	3.6163447	0.27122927	0.77745193	0.9443355109842944	0.10932645262345918	ENSG00000156515.25	HK1	False
ENST00000355085	403.8885	6.0063186	6.277492	0.27117348	0.50228727	0.8551707956010974	0.29904782966460164	ENSG00000197405.8	C5AR1	False
ENST00000252603	37.15847	2.3480923	2.6191902	0.2710979	0.7297458	0.9317595755864704	0.13682839275124303	ENSG00000130313.7	PGLS	False
ENST00000254480	1313.1	7.9419575	8.213031	0.27107334	0.4540841	0.8472077019271466	0.34286370647716646	ENSG00000173473.11	SMARCC1	False
ENST00000541459	27.309515	2.3252573	2.596301	0.27104378	0.6336708	0.9008885448054796	0.19813630029293544	ENSG00000166535.20	A2ML1	False
ENST00000412011	575.67035	6.764401	7.035402	0.27100086	0.5196509	0.8596276200549111	0.28428833583009383	ENSG00000198399.16	ITSN2	False
ENST00000550065	47.483955	3.1826031	3.453546	0.27094293	0.2709873	0.8093544299533921	0.5670510588390558	ENSG00000139531.13	SUOX	True
ENST00000246792	7.6	1.1999065	1.4707683	0.27086186	0.7479857	0.9359746432369647	0.12610669292277485	ENSG00000126458.4	RRAS	False
ENST00000422373	27.299185	2.1767035	2.4474676	0.2707641	0.79754025	0.9518645420234607	0.09824739127993248	ENSG00000196924.19	FLNA	False
ENST00000281243	11.801509	1.0234134	1.2938837	0.27047026	0.8088579	0.9558782084971594	0.09212775890797792	ENSG00000151552.13	QDPR	False
ENST00000583437	19.163734	1.8513432	2.121684	0.27034092	0.63900733	0.9030065409848047	0.19449416009733939	ENSG00000006042.12	TMEM98	False
ENST00000447377	261.91235	5.64463	5.9149404	0.2703104	0.27206078	0.8093544299533921	0.5653340584088921	ENSG00000132716.19	DCAF8	False
ENST00000438259	9.6	1.0994123	1.3697029	0.2702906	0.59987295	0.8872137205946347	0.2219407235714836	ENSG00000114812.13	VIPR1	False
ENST00000535829	52.153797	3.0454597	3.315609	0.27014923	0.5632583	0.875031379389378	0.24929240741404643	ENSG00000166532.16	RIMKLB	False
ENST00000261486	62.117287	3.5521758	3.822258	0.27008224	0.48084253	0.8508353095404965	0.31799712577379974	ENSG00000129595.14	EPB41L4A	False
ENST00000302787	155.57504	4.7491603	5.0191107	0.2699504	0.31187052	0.8118754707110037	0.5060256820802623	ENSG00000168924.15	LETM1	False
ENST00000710273	60.0	2.9952781	3.2652068	0.2699287	0.7018545	0.9220332408747174	0.15375289452209243	ENSG00000177606.9	JUN	False
ENST00000371222	60.0	2.9952781	3.2652068	0.2699287	0.7018545	0.9220332408747174	0.15375289452209243	ENSG00000177606.9	JUN	False
ENST00000448872	11.057447	1.4526602	1.7225859	0.2699257	0.7812713	0.9456684473017747	0.107198140956872	ENSG00000120158.12	RCL1	False
ENST00000375911	55.8	3.2950268	3.5649447	0.26991796	0.37237355	0.8209199861028533	0.42902117357170927	ENSG00000204439.4	C6orf47	False
ENST00000557275	158.49583	4.8359895	5.105905	0.26991558	0.45799607	0.8478742186373767	0.33913824823508465	ENSG00000176438.13	SYNE3	False
ENST00000342320	1099.5427	7.630674	7.900582	0.26990795	0.38839933	0.8259378738446596	0.4107215248457338	ENSG00000168214.22	RBPJ	False
ENST00000700549	25.522282	2.234765	2.5046396	0.26987457	0.74691516	0.9359070387213771	0.12672872474044475	ENSG00000173575.24	CHD2	False
ENST00000607003	590.69476	6.715166	6.98485	0.26968384	0.3698865	0.8194459451468774	0.4319315335529133	ENSG00000150459.13	SAP18	False
ENST00000221130	215.72241	5.0659904	5.3356285	0.26963806	0.39705512	0.8298121044971967	0.4011492001995606	ENSG00000104687.14	GSR	False
ENST00000257287	230.06535	5.33441	5.60388	0.26946974	0.54087037	0.8677958347030249	0.26690681067816413	ENSG00000174799.12	CEP135	False
ENST00000433439	9.409075	1.3314273	1.600761	0.26933372	0.55743176	0.8728453353828223	0.25380829272271926	ENSG00000144580.15	CNOT9	True
ENST00000261741	9.612511	1.1086122	1.3778602	0.269248	0.7965926	0.9515285182203104	0.09876373602653994	ENSG00000122965.11	RBM19	False
ENST00000322213	416.90845	6.301092	6.570287	0.26919508	0.4011222	0.8298121044971967	0.3967232880059393	ENSG00000072501.19	SMC1A	False
ENST00000216124	193.34305	5.0734105	5.3425817	0.26917124	0.30721903	0.8118754707110037	0.5125518885596383	ENSG00000100299.18	ARSA	False
ENST00000282516	1196.8519	7.7009454	7.9700747	0.26912928	0.41460675	0.8342271906977036	0.38236363164674136	ENSG00000164190.19	NIPBL	False
ENST00000697020	32.869965	2.2640197	2.5331376	0.26911783	0.71999425	0.9280763849316231	0.14267097374045995	ENSG00000142687.19	KIAA0319L	False
ENST00000392348	204.7615	4.1324296	4.4014726	0.26904297	0.9020854	0.9798776970139408	0.04475233475867901	ENSG00000029363.17	BCLAF1	False
ENST00000372004	442.59808	6.244888	6.513881	0.26899338	0.20458494	0.8093544299533921	0.6891263362392549	ENSG00000124151.19	NCOA3	False
ENST00000604024	43.70656	1.8979316	2.1668808	0.26894927	0.82181513	0.9596230182737303	0.08522586580102896	ENSG00000198707.17	CEP290	False
ENST00000221466	776.2109	6.9670086	7.2358956	0.26888704	0.54906374	0.8697044944691829	0.26037723430810406	ENSG00000104870.13	FCGRT	False
ENST00000339413	74.52045	3.4914844	3.7603242	0.26883984	0.61016595	0.8920468181599023	0.21455202901163123	ENSG00000167645.17	YIF1B	False
ENST00000554618	11.072385	1.204516	1.473288	0.268772	0.7898499	0.9493683003800718	0.10245544495098828	ENSG00000100461.18	RBM23	False
ENST00000634509	23.545841	1.9660478	2.2346668	0.26861906	0.78135395	0.9456684473017747	0.10715218772711324	ENSG00000101000.6	PROCR	True
ENST00000308287	60.68264	3.5003386	3.7688665	0.26852798	0.4314151	0.8412700637507535	0.3651046472871809	ENSG00000172689.2	MS4A10	False
ENST00000254630	508.87567	6.5352407	6.803656	0.26841545	0.385089	0.8242482227560738	0.4144388754680572	ENSG00000132300.19	PTCD3	False
ENST00000282032	121.93058	4.2593026	4.527709	0.2684064	0.63607466	0.9016915978332832	0.19649190403386796	ENSG00000152219.5	ARL14EP	False
ENST00000261168	75.16746	1.8123845	2.080762	0.26837742	0.8793671	0.9746803280472196	0.05582978031336209	ENSG00000171681.13	ATF7IP	False
ENST00000541996	293.25195	5.7446365	6.0129914	0.2683549	0.6399211	0.9030378888992515	0.19387355017161903	ENSG00000198492.16	YTHDF2	False
ENST00000379565	497.47964	6.3332043	6.6014056	0.26820135	0.5306623	0.8648242843919811	0.2751817664581213	ENSG00000177189.14	RPS6KA3	False
ENST00000025301	202.28596	5.29011	5.5582333	0.26812315	0.52442855	0.8622709692908394	0.28031367621340403	ENSG00000023516.9	AKAP11	False
ENST00000608999	680.54584	6.256021	6.5239997	0.26797867	0.7020967	0.9221026914234706	0.15360306782119007	ENSG00000077157.23	PPP1R12B	False
ENST00000393158	10.626165	1.3186998	1.5864605	0.26776063	0.6474305	0.9056241830737196	0.1888068588744591	ENSG00000170962.13	PDGFD	False
ENST00000611909	157.37117	4.9058986	5.1735325	0.26763391	0.5019583	0.8548764927378353	0.29933235103513195	ENSG00000162892.16	IL24	True
ENST00000436842	110.652016	4.458655	4.7262096	0.26755476	0.4314699	0.8412700637507535	0.3650495085260113	ENSG00000171865.10	RNASEH1	False
ENST00000427738	941.96796	7.4781938	7.745748	0.26755428	0.31594172	0.8118754707110037	0.5003930202140727	ENSG00000083799.18	CYLD	False
ENST00000445741	1264.0037	7.4341474	7.701694	0.26754665	0.6260423	0.8983561281982678	0.20339631722837415	ENSG00000177570.15	SAMD12	False
ENST00000319363	4683.206	9.420844	9.688349	0.2675047	0.61424583	0.8934242500249028	0.21165778179152706	ENSG00000177663.15	IL17RA	False
ENST00000645147	337.7247	5.9682736	6.235474	0.26720047	0.6303498	0.8998400021113475	0.20041837036485435	ENSG00000147138.3	GPR174	False
ENST00000411529	220.98141	4.534165	4.8013544	0.2671895	0.892173	0.9773556645080953	0.04955092781402331	ENSG00000170144.22	HNRNPA3	False
ENST00000357996	188.27805	5.076954	5.3440285	0.26707458	0.55812407	0.8731262404848221	0.2532692510100626	ENSG00000171055.15	FEZ2	False
ENST00000507429	21.561178	2.0755656	2.3426194	0.26705384	0.6155117	0.8943598697209634	0.21076367646065133	ENSG00000114120.14	SLC25A36	False
ENST00000340062	13.247212	0.99080247	1.2578464	0.2670439	0.78874266	0.9488973448629912	0.10306466843908807	ENSG00000127952.17	STYXL1	False
ENST00000264995	59.1	2.7795818	3.0465107	0.2669289	0.73948026	0.9345775597603275	0.13107341649537516	ENSG00000114686.9	MRPL3	False
ENST00000377126	127.6	4.422055	4.6889343	0.26687956	0.5591786	0.8734555245741956	0.252449464741761	ENSG00000119138.5	KLF9	False
ENST00000651721	55.361774	3.3592627	3.6260102	0.26674747	0.5081648	0.8558786284660064	0.29399540162674426	ENSG00000065150.21	IPO5	False
ENST00000372022	394.7644	6.1906867	6.457419	0.26673222	0.16843837	0.8093544299533921	0.7735589570736322	ENSG00000148296.7	SURF6	False
ENST00000377223	639.22754	6.7397995	7.0063763	0.26657677	0.37491214	0.822029190427276	0.4260704933061557	ENSG00000162441.12	LZIC	False
ENST00000681547	12.14804	1.4191498	1.6855706	0.26642084	0.832513	0.9620086147217601	0.07960898927668836	ENSG00000043143.22	JADE2	False
ENST00000674207	8.378415	1.2256312	1.491901	0.2662698	0.6117453	0.8924767740121592	0.21342936010468497	ENSG00000105479.16	ODAD1	True
ENST00000342907	897.4906	7.247601	7.5137315	0.26613045	0.52288103	0.8618173325813022	0.2815971131247475	ENSG00000157350.13	ST3GAL2	False
ENST00000577961	99.98486	4.12878	4.3948755	0.26609564	0.5929023	0.8847708896745496	0.2270168629183122	ENSG00000176105.14	YES1	False
ENST00000674426	160.85825	4.8541374	5.120222	0.26608467	0.3879765	0.8256304087777617	0.4111945820180315	ENSG00000092847.14	AGO1	False
ENST00000373204	160.85825	4.8541374	5.120222	0.26608467	0.3879765	0.8256304087777617	0.4111945820180315	ENSG00000092847.14	AGO1	False
ENST00000577809	188.62291	4.9046645	5.170516	0.2658515	0.56477207	0.8754772463365315	0.24812678926124446	ENSG00000108666.11	C17orf75	False
ENST00000683518	144.8467	4.596216	4.8619213	0.2657051	0.40388018	0.8303453948335059	0.3937474600096572	ENSG00000124356.17	STAMBP	False
ENST00000361906	38.62093	2.5717936	2.837309	0.26551533	0.66029954	0.9103157985469302	0.18025900556509017	ENSG00000198792.13	TMEM184B	False
ENST00000296252	69.38728	3.650673	3.9161048	0.26543188	0.4159951	0.8358506820537708	0.38091179407851017	ENSG00000163898.10	LIPH	False
ENST00000430857	17.886942	1.376936	1.6422833	0.26534736	0.6773324	0.9151541648517211	0.16919814872755512	ENSG00000106351.13	AGFG2	False
ENST00000318388	17.866634	1.2116019	1.4768733	0.26527143	0.828829	0.9615679820520636	0.08153506674897494	ENSG00000178127.13	NDUFV2	False
ENST00000381342	42.08356	2.6734705	2.938726	0.26525545	0.76325697	0.940089844663147	0.11732922273810441	ENSG00000125835.20	SNRPB	False
ENST00000378228	20.902262	1.8802959	2.1455433	0.26524746	0.69183886	0.9190707643921263	0.15999504736381684	ENSG00000152463.15	OLAH	False
ENST00000677114	17.268013	1.3960056	1.6611316	0.265126	0.8295016	0.9615679820520636	0.08118275682340864	ENSG00000130414.13	NDUFA10	False
ENST00000282096	313.18903	5.319776	5.584878	0.2651019	0.5493667	0.8697139849430424	0.26013765904915254	ENSG00000152270.9	PDE3B	False
ENST00000254998	44.0	2.8194697	3.0845273	0.26505756	0.6897143	0.9186431748190395	0.1613307616890756	ENSG00000132661.4	NXT1	True
ENST00000452142	243.41199	4.5284524	4.7934957	0.26504326	0.8118616	0.956660864285707	0.09051801323489138	ENSG00000110934.13	BIN2	False
ENST00000381605	1233.8005	7.5260777	7.7910576	0.26497984	0.54640985	0.8693177891645862	0.2624814840271099	ENSG00000101307.16	SIRPB1	False
ENST00000393238	67.24791	2.586949	2.8518167	0.26486754	0.8429416	0.9643619989817128	0.07420252194230187	ENSG00000172765.19	TMCC1	False
ENST00000339195	8.506089	0.76692206	1.0317472	0.26482517	0.73434085	0.9332857513397641	0.13410231418232343	ENSG00000182362.14	YBEY	False
ENST00000399402	224.53201	5.277485	5.5421233	0.26463842	0.48102963	0.8508696399096464	0.3178281718131194	ENSG00000170266.16	GLB1	False
ENST00000597713	29.314407	2.123278	2.3879046	0.26462674	0.7219128	0.9285152025899402	0.14151525702338213	ENSG00000105499.14	PLA2G4C	False
ENST00000550412	59.267353	3.1278133	3.3923078	0.26449442	0.68213403	0.9165294746754324	0.16613028260571863	ENSG00000258311.5	ENSG00000258311	False
ENST00000309235	53.91195	3.3060157	3.5704536	0.2644379	0.6788276	0.9157831829030997	0.16824051867563777	ENSG00000173258.13	ZNF483	False
ENST00000592521	101.617325	4.0573654	4.3217683	0.26440287	0.4761683	0.8503458491386693	0.3222395160288309	ENSG00000150477.15	KIAA1328	False
ENST00000677006	133.92789	4.6071277	4.8715043	0.26437664	0.48744518	0.8529381765683051	0.3120742235605145	ENSG00000090621.15	PABPC4	False
ENST00000293860	140.89941	4.835902	5.100137	0.26423502	0.49942496	0.8548764927378353	0.30152975285614747	ENSG00000161980.6	POLR3K	False
ENST00000650354	416.3956	6.151432	6.415582	0.26415014	0.47014287	0.8496539504698483	0.3277701447886978	ENSG00000157500.12	APPL1	False
ENST00000508941	14.1	1.3360521	1.600053	0.2640009	0.7178483	0.9272141667828993	0.1439673232063171	ENSG00000168685.15	IL7R	True
ENST00000394900	376.40552	6.168644	6.4325824	0.26393843	0.074441254	0.8093544299533921	1.1281863187621746	ENSG00000149476.16	TKFC	False
ENST00000700609	85.850266	3.9731376	4.237048	0.26391053	0.57588786	0.8786354755309875	0.23966207736932515	ENSG00000110713.18	NUP98	True
ENST00000452993	17.829842	1.772091	2.035998	0.26390707	0.7495618	0.936236640367669	0.12519256228752576	ENSG00000153814.13	JAZF1	False
ENST00000675341	867.7902	7.3309216	7.594767	0.26384544	0.35466346	0.8173803121090482	0.4501835516166703	ENSG00000084093.19	REST	False
ENST00000298316	86.2888	2.3693721	2.633147	0.26377487	0.85921675	0.9684950146371224	0.06589726537643832	ENSG00000165527.8	ARF6	False
ENST00000698444	35.362984	2.2637992	2.5275335	0.26373434	0.77166885	0.9428173525582542	0.11256902981189035	ENSG00000103005.13	USB1	False
ENST00000378588	617.9487	6.816854	7.0804977	0.26364374	0.4738695	0.8500118764885034	0.32434124087409083	ENSG00000165168.9	CYBB	False
ENST00000636231	156.90092	4.747745	5.0111885	0.26344347	0.48216358	0.8512254902157161	0.31680559850638085	ENSG00000261210.8	CLEC19A	False
ENST00000620209	67.29935	3.5837355	3.846992	0.26325655	0.7324057	0.9328083256289051	0.1352482713000672	ENSG00000278053.5	DDX52	False
ENST00000301773	9.8	1.246534	1.5096533	0.26311934	0.7520203	0.9367761286654671	0.12377043625214337	ENSG00000167994.13	RAB3IL1	False
ENST00000451653	192.94629	5.0787606	5.3417463	0.2629857	0.36321452	0.8185742609699567	0.43983679517565794	ENSG00000093183.14	SEC22C	False
ENST00000504094	8.221789	1.17838	1.4413552	0.26297522	0.8250243	0.9603060401966621	0.08353325612598297	ENSG00000145216.17	FIP1L1	False
ENST00000465492	17.960049	1.8097585	2.0726004	0.26284182	0.6363214	0.9017657996752861	0.19632345348417496	ENSG00000112053.14	SLC26A8	False
ENST00000406938	23.819841	1.9639244	2.2267597	0.26283526	0.74006885	0.9345775597603275	0.13072787345263887	ENSG00000100288.20	CHKB	False
ENST00000399817	2908.9426	8.595584	8.858264	0.26268005	0.7443723	0.935882830083255	0.1282097916348676	ENSG00000185201.18	IFITM2	False
ENST00000399262	294.64508	5.1121793	5.3748035	0.26262426	0.7126888	0.9253601269841094	0.14710006390729688	ENSG00000171988.20	JMJD1C	False
ENST00000368921	56.636364	3.3529627	3.6154244	0.26246166	0.6700305	0.9130654593182218	0.17390544405007055	ENSG00000213190.4	MLLT11	True
ENST00000249071	1322.3	7.894924	8.157362	0.26243782	0.35751846	0.8177495557578855	0.44670152379803213	ENSG00000128340.16	RAC2	False
ENST00000438723	20.6	1.5346371	1.7969155	0.26227844	0.76821166	0.9417990937927123	0.11451910378642467	ENSG00000136828.19	RALGPS1	False
ENST00000261596	301.79953	4.821339	5.083414	0.26207495	0.81429017	0.9569937170418915	0.0892208101054064	ENSG00000101577.11	LPIN2	False
ENST00000554308	269.8817	5.744659	6.006717	0.26205826	0.46483028	0.8492019855291293	0.3327055894679228	ENSG00000100796.18	PPP4R3A	False
ENST00000680947	937.46545	6.6888433	6.950754	0.26191092	0.70414513	0.9222985764678387	0.15233781787494322	ENSG00000123607.16	TTC21B	False
ENST00000341099	191.46066	4.8939905	5.155861	0.26187038	0.5944622	0.8857079187793583	0.22587574398462082	ENSG00000140009.19	ESR2	False
ENST00000396953	11.088312	1.1377759	1.3995941	0.26181817	0.72784704	0.9309431364277914	0.13795988001966292	ENSG00000144713.13	RPL32	False
ENST00000366810	30.020355	2.1380389	2.3996627	0.26162386	0.66946137	0.9128606008228843	0.17427447838422078	ENSG00000185155.12	MIXL1	False
ENST00000262241	415.0	6.1612225	6.4227996	0.26157713	0.5706277	0.8768692392893742	0.2436471582920296	ENSG00000089902.10	RCOR1	False
ENST00000156825	182.45897	5.2020736	5.463582	0.26150846	0.2780616	0.8093544299533921	0.5558589848647947	ENSG00000071655.18	MBD3	False
ENST00000557842	72.1143	3.6238728	3.8853474	0.2614746	0.551622	0.8705170621904874	0.258358442303932	ENSG00000140543.15	DET1	True
ENST00000649639	62.751404	2.9477615	3.209208	0.26144648	0.75616586	0.9379606453044361	0.12138293321977854	ENSG00000120210.8	INSL6	False
ENST00000392006	1333.1628	7.9099064	8.171209	0.26130295	0.37857756	0.8231180929812905	0.42184513198883283	ENSG00000105323.18	HNRNPUL1	False
ENST00000262424	317.1741	5.572981	5.8342495	0.26126862	0.55834925	0.8731262404848221	0.253094061530576	ENSG00000103196.12	CRISPLD2	False
ENST00000359942	12.238726	1.3363925	1.5976	0.26120746	0.6730162	0.9141728887441399	0.17197448797101605	ENSG00000197429.11	IPP	False
ENST00000439461	348.83325	5.9239464	6.1851063	0.2611599	0.30864218	0.8118754707110037	0.5105447239078968	ENSG00000196214.11	ZNF766	False
ENST00000299977	1139.0266	7.68669	7.947752	0.26106215	0.25970647	0.8093544299533921	0.5855172351344919	ENSG00000166750.10	SLFN5	False
ENST00000676715	335.7481	5.9770603	6.2379603	0.26090002	0.42902794	0.8407629197723834	0.36751441905400195	ENSG00000145907.16	G3BP1	False
ENST00000522154	21.131907	1.9331752	2.1939807	0.2608055	0.65918404	0.9101517354341213	0.1809933171102424	ENSG00000237693.5	IRGM	False
ENST00000453163	28.620663	2.125739	2.3864574	0.26071835	0.6994394	0.9212025833663481	0.15524990319953275	ENSG00000071994.11	PDCD2	False
ENST00000619054	24.340576	1.2462502	1.5069649	0.26071477	0.88480985	0.9759503135481337	0.05315005049251856	ENSG00000112305.15	SMAP1	False
ENST00000680175	77.91899	3.993945	4.254511	0.260566	0.54759705	0.8693177891645862	0.2615388996223783	ENSG00000183785.16	TUBA8	False
ENST00000590577	11.561949	1.3586911	1.6192408	0.26054966	0.74765897	0.9359117239908454	0.1262964530732686	ENSG00000180448.11	ARHGAP45	False
ENST00000395606	433.9497	6.090736	6.3510017	0.26026583	0.44543788	0.845708078626981	0.35121285495411436	ENSG00000100523.17	DDHD1	False
ENST00000612078	7.627871	1.0698274	1.3300819	0.2602545	0.6651738	0.9112769672266469	0.17706484652017246	ENSG00000186526.13	CYP4F8	False
ENST00000480824	646.6336	6.899481	7.159494	0.2600131	0.34907842	0.81719736681995	0.4570770023570056	ENSG00000198663.17	C6orf89	False
ENST00000542104	58.72588	2.8060694	3.0660548	0.25998545	0.60591406	0.8901216863280665	0.2175889724032853	ENSG00000153179.14	RASSF3	False
ENST00000298289	1466.6077	8.024553	8.284533	0.25997925	0.18617254	0.8093544299533921	0.7300843644565388	ENSG00000165502.7	RPL36AL	False
ENST00000411764	67.59968	3.4117527	3.6717072	0.25995445	0.57025117	0.8768692392893742	0.24393381741791192	ENSG00000034053.15	APBA2	False
ENST00000677440	81.51131	3.8655427	4.1254797	0.25993705	0.46620587	0.8494197755236921	0.33142226710036504	ENSG00000107897.20	ACBD5	False
ENST00000554792	283.44025	5.514251	5.7740498	0.25979853	0.5240491	0.8620554164874774	0.2806280178335224	ENSG00000129518.10	EAPP	False
ENST00000304858	393.6333	6.200046	6.4598308	0.2597847	0.16287936	0.8093544299533921	0.7881339386028248	ENSG00000170606.16	HSPA4	False
ENST00000401408	22.554958	2.0033875	2.2631516	0.2597642	0.81927687	0.9585000780477761	0.08656930643496566	ENSG00000162994.16	CLHC1	False
ENST00000585953	32.395683	1.849687	2.1092584	0.25957143	0.77353036	0.9432933991388066	0.11152263390423349	ENSG00000141425.18	RPRD1A	False
ENST00000530909	30.72115	2.5480387	2.8075912	0.25955248	0.4181586	0.836886090598871	0.37865897649264385	ENSG00000152219.5	ARL14EP	False
ENST00000370658	66.3127	3.4024918	3.6617846	0.25929284	0.64246917	0.9036259336282183	0.19214770942077752	ENSG00000146166.17	LGSN	False
ENST00000638626	154.89877	4.769438	5.028704	0.25926638	0.58501387	0.8819641855083519	0.23283383983183736	ENSG00000078269.15	SYNJ2	False
ENST00000553521	238.70308	5.0402236	5.299439	0.25921535	0.598888	0.8872137205946347	0.22265440336074727	ENSG00000100650.16	SRSF5	False
ENST00000261681	57.41167	3.1668408	3.4260397	0.2591989	0.7656861	0.9410582432937948	0.11594923983755949	ENSG00000072415.10	PALS1	False
ENST00000444029	25.208231	2.3821235	2.641169	0.2590456	0.6367098	0.9018991094981259	0.1960584592401774	ENSG00000188677.15	PARVB	False
ENST00000448504	218.86931	5.2190633	5.477987	0.25892353	0.28264254	0.8102614157364052	0.5487624676228638	ENSG00000141337.13	ARSG	False
ENST00000371730	24.009186	0.9978288	1.2563055	0.25847667	0.85671186	0.9678277889606244	0.06716521857972335	ENSG00000085832.18	EPS15	False
ENST00000329474	34.070644	2.2175255	2.4759872	0.2584617	0.8098081	0.9561147010173113	0.09161789674970376	ENSG00000079691.19	CARMIL1	False
ENST00000397527	271.98697	5.54485	5.803192	0.25834227	0.44740966	0.8460981996464779	0.3492946436722079	ENSG00000126001.17	CEP250	False
ENST00000529248	906.6749	7.303917	7.562248	0.2583313	0.538303	0.867270764642143	0.26897318561172784	ENSG00000149269.10	PAK1	False
ENST00000602447	8.982875	0.78471327	1.0430416	0.25832832	0.8059933	0.9552005372235465	0.09366855835065642	ENSG00000136813.15	ECPAS	False
ENST00000266077	483.15723	6.505167	6.7633677	0.25820065	0.18134433	0.8093544299533921	0.7414960179893411	ENSG00000125520.14	SLC2A4RG	False
ENST00000510062	33.21507	2.2589216	2.5170088	0.25808716	0.7504628	0.9364552947652945	0.12467084770311809	ENSG00000248329.6	APELA	False
ENST00000372950	94.16295	3.945783	4.203766	0.25798297	0.6635227	0.9108073128400928	0.1781442014385682	ENSG00000213551.7	DNAJC9	False
ENST00000408941	125.25267	4.2951865	4.553146	0.25795937	0.6109888	0.8922290531111089	0.21396675372699817	ENSG00000116171.19	SCP2	True
ENST00000620965	20.783543	1.3960056	1.6538992	0.25789356	0.8334119	0.9622308638046718	0.07914031708319745	ENSG00000130414.13	NDUFA10	False
ENST00000649083	15.029104	1.2708963	1.5287654	0.25786912	0.80730855	0.9552562251865906	0.09296044548843452	ENSG00000175470.20	PPP2R2D	False
ENST00000377346	3629.004	9.267894	9.525694	0.2578001	0.4788641	0.8504371505934152	0.31978771716909815	ENSG00000171608.18	PIK3CD	False
ENST00000373344	1199.2494	7.4668136	7.7244954	0.25768185	0.62054825	0.8963672800698408	0.2072244459913085	ENSG00000085224.23	ATRX	False
ENST00000370664	7.8	0.835011	1.0926899	0.25767887	0.7870097	0.9482215199474233	0.10401990602228561	ENSG00000165886.5	UBTD1	False
ENST00000318037	455.87054	6.2985187	6.5560718	0.2575531	0.37059662	0.8198787653603569	0.4310985489271372	ENSG00000163961.4	RNF168	False
ENST00000340139	11.11413	1.4497504	1.707272	0.25752163	0.72222435	0.9285152025899402	0.14132787044731643	ENSG00000138785.16	INTS12	False
ENST00000449025	1975.1064	8.463207	8.720711	0.2575035	0.3159697	0.8118754707110037	0.5003545544999872	ENSG00000204256.14	BRD2	False
ENST00000473939	2219.2827	8.4584675	8.715927	0.25745964	0.48814195	0.8529381765683051	0.3114538647797235	ENSG00000160991.17	ORAI2	False
ENST00000374317	35.009743	2.801472	3.0588078	0.2573359	0.5194876	0.8596276200549111	0.28442479823254524	ENSG00000204175.6	GPRIN2	False
ENST00000696535	36.05967	2.6155443	2.8728325	0.25728822	0.6722574	0.9137093146674277	0.17246439338247646	ENSG00000167840.14	ZNF232	False
ENST00000371652	340.31244	5.9103928	6.167464	0.25707102	0.34000248	0.81719736681995	0.4685179187903203	ENSG00000240849.11	PEDS1	False
ENST00000298832	14.064453	1.6020559	1.8590031	0.25694716	0.7811867	0.9456684473017747	0.10724515942339666	ENSG00000119685.20	TTLL5	False
ENST00000481690	98.10244	3.8479998	4.104806	0.25680614	0.6757063	0.9145501406384322	0.1702420145490373	ENSG00000125772.14	GPCPD1	True
ENST00000433351	160.97319	4.8416114	5.098313	0.25670147	0.5420811	0.8677958347030249	0.265935720282433	ENSG00000116005.12	PCYOX1	False
ENST00000298894	103.89978	4.0734596	4.330059	0.25659943	0.46522042	0.8492019855291293	0.332341229513301	ENSG00000165943.5	MOAP1	False
ENST00000341394	316.98517	5.7752976	6.0318136	0.25651598	0.36248267	0.8185742609699567	0.44071275549177846	ENSG00000135387.21	CAPRIN1	False
ENST00000520864	10.74943	1.1463346	1.4027328	0.2563982	0.6305087	0.8998400021113475	0.200308902109767	ENSG00000204764.14	RANBP17	False
ENST00000378802	115.69106	4.450788	4.707178	0.2563901	0.42907757	0.8407629197723834	0.36746419197029523	ENSG00000145476.16	CYP4V2	False
ENST00000643579	179.3151	3.5779464	3.8343124	0.256366	0.8893068	0.9766784675728976	0.05094839485190474	ENSG00000167460.17	TPM4	False
ENST00000269385	10.2	1.2454749	1.5017991	0.25632417	0.6341888	0.901006220382149	0.19778145172593237	ENSG00000141570.11	CBX8	False
ENST00000692836	232.87271	5.290652	5.5469275	0.25627565	0.4766342	0.8504371505934152	0.3218147948812955	ENSG00000147316.15	MCPH1	False
ENST00000350573	188.17178	4.9828453	5.2390537	0.25620842	0.40271136	0.830273436445602	0.39500611752234166	ENSG00000085514.16	PILRA	False
ENST00000369617	9.700884	1.5610348	1.8171675	0.25613272	0.7516266	0.9367004660724456	0.1239978524407623	ENSG00000081026.19	MAGI3	False
ENST00000415482	20.353054	1.7337967	1.9897265	0.25592983	0.7002137	0.9213473089575549	0.15476941447229778	ENSG00000127947.16	PTPN12	False
ENST00000334983	567.0053	6.5484776	6.8041387	0.255661	0.26268828	0.8093544299533921	0.5805593045005908	ENSG00000153551.14	CMTM7	False
ENST00000334571	95.09569	3.8669593	4.122526	0.25556684	0.6056499	0.8899892143002557	0.2177783583847862	ENSG00000119723.17	COQ6	False
ENST00000427105	51.810772	2.994708	3.2502308	0.25552273	0.74900407	0.936236640367669	0.1255158247138552	ENSG00000249709.8	ZNF564	True
ENST00000512085	37.888092	1.4267999	1.6821799	0.25538003	0.79021245	0.9494860246915532	0.10225613085419812	ENSG00000151881.15	TMEM267	False
ENST00000376259	1363.0746	7.910658	8.166006	0.2553482	0.3512868	0.8172002775093227	0.45433817059709597	ENSG00000028137.19	TNFRSF1B	False
ENST00000225972	49.732597	3.0204086	3.2756276	0.25521898	0.70486724	0.922584894924629	0.1518926712761832	ENSG00000108829.10	LRRC59	False
ENST00000695571	24.223175	1.3505613	1.6057634	0.25520217	0.7953111	0.9512136366643278	0.09946295978467518	ENSG00000139496.18	NUP58	True
ENST00000254806	423.659	6.313591	6.568546	0.25495481	0.5482452	0.8693177891645862	0.2610251686463248	ENSG00000132471.12	WBP2	True
ENST00000591919	976.6299	7.347837	7.602556	0.25471926	0.7507475	0.9364552947652945	0.12450610426319295	ENSG00000167671.12	UBXN6	False
ENST00000445593	40.5894	2.3711169	2.6256776	0.2545607	0.82270753	0.9596230182737303	0.0847545256808243	ENSG00000104341.17	LAPTM4B	False
ENST00000644418	159.48564	4.824676	5.0792365	0.25456047	0.64764756	0.9056527657615285	0.18866126657089224	ENSG00000141068.17	KSR1	False
ENST00000691932	59.805695	3.3305542	3.585102	0.25454783	0.70571274	0.9227492271768721	0.15137204499483023	ENSG00000167548.18	KMT2D	False
ENST00000458039	1846.5553	8.455628	8.710125	0.25449657	0.3769866	0.8226842929596185	0.4236740945850858	ENSG00000017797.13	RALBP1	False
ENST00000301659	54.96236	3.3647861	3.619267	0.25448084	0.5379144	0.8669919443883375	0.26928683324233293	ENSG00000167914.12	GSDMA	False
ENST00000616430	258.76288	5.2081037	5.4625072	0.2544036	0.65269375	0.9067753778781373	0.1852905469733888	ENSG00000253305.3	PCDHGB6	False
ENST00000557278	49.902946	2.651673	2.906033	0.25435996	0.8356663	0.9627594456463211	0.07796711190669962	ENSG00000092020.11	PPP2R3C	False
ENST00000294623	355.518	6.1005864	6.354896	0.25430965	0.69835764	0.9212025833663481	0.15592211027495403	ENSG00000162613.18	FUBP1	False
ENST00000455661	16.397942	1.344779	1.5990796	0.2543006	0.6987781	0.9212025833663481	0.15566071888464406	ENSG00000132334.17	PTPRE	False
ENST00000608933	473.41025	6.374012	6.6282263	0.2542143	0.4916499	0.8537766521893764	0.30834404845193947	ENSG00000163644.15	PPM1K	False
ENST00000358465	886.70374	7.303131	7.557337	0.2542057	0.40314198	0.8303139210724039	0.39454198047074107	ENSG00000197323.12	TRIM33	False
ENST00000512638	12.785039	1.272936	1.526984	0.254048	0.76870215	0.9420509999805221	0.11424190458518635	ENSG00000169609.14	C15orf40	False
ENST00000298125	316.42868	5.70376	5.957688	0.2539277	0.48043057	0.8507787223054524	0.3183693631333452	ENSG00000139668.9	WDFY2	False
ENST00000698214	489.73456	6.1989613	6.4528866	0.25392532	0.63152355	0.9002255149083827	0.1996104499354966	ENSG00000172765.19	TMCC1	False
ENST00000471668	98.32979	4.1574597	4.411262	0.2538023	0.54882276	0.8697044944691829	0.26056788602181785	ENSG00000186487.21	MYT1L	True
ENST00000356815	111.0	4.1016855	4.3554173	0.25373173	0.7805403	0.9455822398504579	0.10760467596470384	ENSG00000206177.7	HBM	True
ENST00000223095	26.208084	2.402301	2.6559	0.25359893	0.68587637	0.9173021276178854	0.1637541596474562	ENSG00000106366.9	SERPINE1	False
ENST00000676555	20.443857	1.5437818	1.7972531	0.25347137	0.69258296	0.9192921014030683	0.15952819477060162	ENSG00000123815.13	COQ8B	False
ENST00000692529	311.25555	5.7112575	5.964694	0.25343657	0.28632686	0.8109740254625081	0.5431379163367652	ENSG00000008853.18	RHOBTB2	False
ENST00000182527	58.875935	3.3833897	3.6367683	0.25337863	0.4957178	0.8537766521893764	0.3047654918909638	ENSG00000065308.5	TRAM2	False
ENST00000368930	329.86905	5.8783774	6.131738	0.25336075	0.4287961	0.8407629197723834	0.3677491606082336	ENSG00000168438.15	CDC40	False
ENST00000524722	234.1796	4.4863954	4.7396727	0.2532773	0.79101974	0.9498024925976432	0.10181267974360293	ENSG00000129646.16	QRICH2	True
ENST00000367536	1321.9001	6.8095183	7.0627775	0.25325918	0.8877088	0.9762929623608356	0.051729483111046	ENSG00000116701.16	NCF2	False
ENST00000513610	182.63524	4.9298525	5.183095	0.2532425	0.32348064	0.8141671573936715	0.49015171184705847	ENSG00000145555.15	MYO10	False
ENST00000641398	303.18597	5.5888963	5.8420105	0.25311422	0.48160964	0.8508696399096464	0.3173048264739202	ENSG00000094661.3	OR1I1	False
ENST00000599628	266.78687	5.2683597	5.521299	0.25293922	0.6709113	0.9132738921569098	0.1733348855088191	ENSG00000130529.16	TRPM4	True
ENST00000510439	27.792852	2.3312008	2.5838552	0.2526543	0.6889694	0.9182841187679981	0.1618000830668431	ENSG00000184206.13	GOLGA6L4	False
ENST00000360016	855.9227	7.2398834	7.49253	0.25264645	0.6845249	0.9173021276178854	0.16461075348132473	ENSG00000141867.19	BRD4	False
ENST00000606498	10.287783	0.8297041	1.0823289	0.2526248	0.77489597	0.9439189458674669	0.1107565999477463	ENSG00000162604.13	TM2D1	False
ENST00000367549	409.4	6.1940594	6.4466352	0.25257587	0.18407817	0.8093544299533921	0.7349977074626475	ENSG00000135829.17	DHX9	False
ENST00000395699	255.94963	5.3389053	5.5912037	0.25229836	0.46712473	0.8496539504698483	0.3305671398421283	ENSG00000146676.10	PURB	False
ENST00000270001	214.47437	5.0363708	5.2885733	0.2522025	0.43398884	0.842654100473947	0.362521438816004	ENSG00000142065.14	ZFP14	False
ENST00000418386	25.3	2.058524	2.310699	0.2521751	0.73998356	0.9345775597603275	0.13077792954581532	ENSG00000226979.9	LTA	False
ENST00000371930	57.083183	3.1273918	3.3795176	0.25212574	0.66489166	0.9112769672266469	0.1772491144030761	ENSG00000152766.6	ANKRD22	False
ENST00000411419	575.63916	6.4324355	6.6845336	0.25209808	0.72224563	0.9285152025899402	0.14131507504032825	ENSG00000175029.17	CTBP2	False
ENST00000595401	128.39706	4.5519953	4.8040423	0.25204706	0.43435535	0.842654100473947	0.36215482651892034	ENSG00000118620.13	ZNF430	False
ENST00000648194	272.7979	5.4984283	5.750374	0.2519455	0.59105134	0.8843425619428408	0.22837479364480676	ENSG00000136111.14	TBC1D4	False
ENST00000522431	9.956606	1.0995308	1.351254	0.25172317	0.7976565	0.9518645420234607	0.0981841042413381	ENSG00000105483.18	CARD8	True
ENST00000237455	27.922146	2.0852118	2.3367984	0.25158668	0.7473202	0.9359070387213771	0.12649329307218707	ENSG00000239305.7	RNF103	False
ENST00000565196	1377.1615	7.8907275	8.142276	0.2515483	0.37846723	0.8230751633283137	0.4219717161175344	ENSG00000141002.20	TCF25	False
ENST00000651255	413.31757	6.089906	6.341447	0.25154066	0.5628954	0.8746406637442441	0.24957228711349938	ENSG00000214787.11	MS4A4E	False
ENST00000680202	53.63587	3.3332698	3.5844812	0.2512114	0.7513371	0.936603159209308	0.1241651594061588	ENSG00000143740.15	SNAP47	False
ENST00000301215	127.04289	4.309533	4.5607285	0.25119543	0.54136366	0.8677958347030249	0.26651090316884934	ENSG00000167625.12	ZNF526	False
ENST00000422440	22.95857	1.9933621	2.2445424	0.2511803	0.7381971	0.9344796326663802	0.13182767217627284	ENSG00000115840.14	SLC25A12	False
ENST00000324194	316.15912	5.003182	5.2542205	0.25103855	0.8210427	0.9595784758313319	0.0856342471935907	ENSG00000114120.14	SLC25A36	False
ENST00000571025	48.28138	2.7796195	3.030357	0.25073743	0.71561354	0.9263570135196499	0.14532144839634642	ENSG00000103351.13	CLUAP1	False
ENST00000649901	46.895824	3.0758598	3.3265924	0.25073266	0.66811097	0.9125636621323021	0.17515139947728794	ENSG00000171456.22	ASXL1	True
ENST00000564238	158.80576	4.6995835	4.9502788	0.25069523	0.54640687	0.8693177891645862	0.26248385276544217	ENSG00000167523.15	SPATA33	False
ENST00000329043	172.36833	4.3755183	4.626137	0.25061846	0.80665624	0.9552005372235465	0.09331150153802051	ENSG00000170448.12	NFXL1	False
ENST00000340992	45.52729	2.826306	3.0768526	0.25054646	0.7011467	0.9216930694339447	0.1541910921361781	ENSG00000105371.10	ICAM4	False
ENST00000522895	10.7381115	1.4929708	1.7435169	0.2505461	0.757371	0.9384303956788781	0.12069132336961047	ENSG00000143702.17	CEP170	False
ENST00000357495	13.525775	1.383358	1.6337926	0.25043464	0.73889613	0.9345775597603275	0.1314166071803985	ENSG00000139675.13	HNRNPA1L2	False
ENST00000276054	39.536175	2.5239866	2.7742167	0.25023007	0.74422777	0.9358692092410082	0.12829413057105526	ENSG00000221994.12	ZNF630	False
ENST00000330374	280.3067	5.545055	5.7951074	0.25005245	0.417932	0.836886090598871	0.37889437086647865	ENSG00000160131.14	VMA21	False
ENST00000395850	124.10028	3.0277824	3.2777119	0.24992943	0.88094634	0.9750018993383772	0.055050545326341786	ENSG00000085063.18	CD59	True
ENST00000358204	347.5503	5.9411645	6.190946	0.24978161	0.41976345	0.8374027596300101	0.3769953836550663	ENSG00000135269.18	TES	False
ENST00000423644	30.529291	2.317482	2.5672328	0.24975085	0.73685455	0.9340148165967612	0.13261822851354166	ENSG00000188687.18	SLC4A5	False
ENST00000262844	151.3544	4.860973	5.110524	0.2495513	0.40621978	0.8315413729275363	0.3912389329031495	ENSG00000101935.13	AMMECR1	False
ENST00000292614	392.27872	6.0016294	6.251113	0.24948359	0.5947882	0.8857079187793583	0.22563766062866142	ENSG00000005075.16	POLR2J	False
ENST00000394030	66.13573	3.0914574	3.340864	0.24940658	0.86218125	0.9700337015692152	0.06440142792773315	ENSG00000114423.23	CBLB	False
ENST00000368809	253.16365	5.471563	5.720954	0.24939108	0.63738495	0.9020275416548701	0.19559819458838937	ENSG00000197747.9	S100A10	False
ENST00000462250	49.05127	3.173207	3.4224317	0.24922466	0.5091576	0.8564750561401068	0.2931477709910625	ENSG00000125459.18	MSTO1	True
ENST00000261200	557.71594	6.538778	6.787987	0.2492094	0.5140674	0.8584153154289704	0.2889799267454503	ENSG00000069431.14	ABCC9	False
ENST00000367478	1630.041	8.225146	8.474341	0.2491951	0.5193635	0.8596276200549111	0.2845285562862778	ENSG00000047410.14	TPR	False
ENST00000590245	36.018753	2.3390348	2.5882108	0.24917603	0.7607379	0.9394190413182522	0.11876494893651023	ENSG00000267360.6	ENSG00000267360	True
ENST00000360876	11.227129	0.5985003	0.8474863	0.248986	0.8017128	0.9536949848967953	0.09598117652585131	ENSG00000106263.19	EIF3B	False
ENST00000302085	41.211994	2.9657698	3.2146595	0.24888968	0.6962451	0.9208130999550951	0.15723786431227466	ENSG00000170365.10	SMAD1	False
ENST00000301364	158.22142	4.8826637	5.1315384	0.24887466	0.29865056	0.8111088466013822	0.5248366625518389	ENSG00000167721.11	TSR1	False
ENST00000439290	17.007078	2.0380948	2.2868626	0.24876785	0.71285003	0.9253601269841094	0.14700182520239902	ENSG00000148343.19	MIGA2	False
ENST00000414671	42.59333	2.8287013	3.0773196	0.24861836	0.72223264	0.9285152025899402	0.1413228884373149	ENSG00000119125.17	GDA	False
ENST00000265394	406.74625	6.0693717	6.317985	0.24861336	0.66019326	0.9103157985469302	0.18032891080270413	ENSG00000106066.15	CPVL	False
ENST00000648582	23.456017	1.9389338	2.1872714	0.2483375	0.70435804	0.9223572449222427	0.15220652292125755	ENSG00000148950.11	IMMP1L	False
ENST00000396825	137.77856	4.7371464	4.9854383	0.24829197	0.34355605	0.81719736681995	0.4640024035999946	ENSG00000197296.6	FITM2	False
ENST00000361565	462.00977	6.464024	6.7122917	0.24826765	0.31855443	0.8118754707110037	0.4968163493565898	ENSG00000198700.10	IPO9	False
ENST00000558000	37.47881	3.0687006	3.3169262	0.24822569	0.49763194	0.8540375487251681	0.30309175505952957	ENSG00000140527.15	WDR93	False
ENST00000683818	54.427307	3.0850818	3.3332443	0.24816251	0.75650525	0.9380515844258299	0.12118805317635177	ENSG00000124356.17	STAMBP	False
ENST00000649764	367.0958	6.031435	6.279552	0.24811697	0.4102778	0.8324648546020382	0.3869219674588741	ENSG00000141543.12	EIF4A3	False
ENST00000641141	15.176115	1.8702456	2.1183074	0.24806178	0.6192425	0.8960176400207205	0.2081392521767274	ENSG00000159961.3	OR3A3	False
ENST00000604872	259.1457	5.4783235	5.726181	0.24785757	0.5996567	0.8872137205946347	0.2220973087701218	ENSG00000109670.17	FBXW7	True
ENST00000307980	401.99808	6.1843967	6.4321384	0.2477417	0.4494409	0.8470024537044705	0.34732741184349	ENSG00000172613.8	RAD9A	False
ENST00000644802	217.56157	5.002345	5.2500424	0.24769735	0.67449266	0.9142632374641173	0.17102277388172488	ENSG00000018610.15	STEEP1	False
ENST00000368136	10.738253	1.2794132	1.5270724	0.2476592	0.8249219	0.9603060401966621	0.0835871634513124	ENSG00000198945.8	L3MBTL3	False
ENST00000372524	44.5	2.6907394	2.9381394	0.24740005	0.74527895	0.935882830083255	0.127681142383053	ENSG00000165655.17	ZNF503	False
ENST00000430370	37.8	2.178673	2.4259875	0.24731445	0.74884033	0.936233343231704	0.1256107728344437	ENSG00000130810.20	PPAN	False
ENST00000357613	679.2034	6.90826	7.155564	0.24730396	0.39530426	0.8290075231731883	0.40306850255502946	ENSG00000166822.13	TMEM170A	False
ENST00000344774	96.9	4.324365	4.571657	0.24729204	0.34461784	0.81719736681995	0.46266223939954126	ENSG00000188163.8	CIMIP2A	False
ENST00000369503	50.1491	3.1435668	3.3908176	0.2472508	0.6109507	0.8922290531111089	0.21399382729930977	ENSG00000163393.13	SLC22A15	False
ENST00000693610	224.58711	5.176943	5.424162	0.24721909	0.532385	0.865635036834895	0.27377419612989334	ENSG00000130713.17	EXOSC2	False
ENST00000599595	6507.2764	10.158988	10.406187	0.24719906	0.6730384	0.9141728887441399	0.17196014164942197	ENSG00000221983.8	UBA52	False
ENST00000481180	14.900579	1.5112233	1.7584143	0.24719095	0.8101401	0.9562106393972939	0.09143988506990508	ENSG00000122483.18	CCDC18	False
ENST00000692982	14.064001	1.4970208	1.7441542	0.24713337	0.761821	0.939913304152022	0.11814707593386747	ENSG00000101972.20	STAG2	False
ENST00000610722	215.19553	5.289394	5.536515	0.24712133	0.5748525	0.8781741341262993	0.24044355579297783	ENSG00000125885.13	MCM8	False
ENST00000629417	17.290638	1.5805378	1.8276538	0.24711597	0.74468416	0.935882830083255	0.12802788397568993	ENSG00000181090.21	EHMT1	False
ENST00000326764	14.748741	1.2628266	1.5097834	0.24695683	0.75897396	0.938790070041057	0.11977312649266403	ENSG00000167615.18	LENG8	False
ENST00000272433	43.8	2.8677576	3.1146848	0.24692726	0.6995006	0.9212025833663481	0.1552118960098393	ENSG00000144040.13	SFXN5	False
ENST00000453302	18.88226	1.5117978	1.7586722	0.24687445	0.8444318	0.9647067702622658	0.07343541117908624	ENSG00000111912.20	NCOA7	False
ENST00000334982	84.47465	3.8464744	4.093089	0.2466147	0.46855167	0.8496539504698483	0.32924251401044696	ENSG00000173418.12	NAA20	False
ENST00000371276	49.39536	3.0996282	3.3462427	0.24661446	0.6239942	0.8979233606519958	0.2048194668005051	ENSG00000006555.11	TTC22	False
ENST00000549870	28.579838	2.3055274	2.552037	0.24650955	0.7089146	0.9237997576299902	0.14940609282146353	ENSG00000123416.15	TUBA1B	False
ENST00000007516	17.59482	1.2377679	1.4842353	0.24646735	0.8262631	0.9607335080450382	0.0828816263071546	ENSG00000004779.10	NDUFAB1	False
ENST00000423557	18.778166	1.8211924	2.0676136	0.24642122	0.7660702	0.9410582432937948	0.1157314386307516	ENSG00000136634.7	IL10	True
ENST00000527399	305.3727	5.7703648	6.016765	0.24640036	0.69161075	0.9190096639099691	0.16013826270127351	ENSG00000111011.18	RSRC2	False
ENST00000507118	16.838997	1.4796463	1.7260425	0.24639618	0.84908366	0.9659481202504552	0.07104951568158129	ENSG00000113658.18	SMAD5	False
ENST00000339394	818.85815	6.654659	6.90092	0.24626112	0.7259705	0.9298896107704018	0.13908102262150826	ENSG00000162512.16	SDC3	False
ENST00000595985	162.03023	4.73362	4.979785	0.2461648	0.6872966	0.9178436063724108	0.16285578621042723	ENSG00000181029.9	TRAPPC5	False
ENST00000596209	101.379074	4.121647	4.3669777	0.24533081	0.55068624	0.8700738757342981	0.25909577494691305	ENSG00000213973.10	ZNF99	False
ENST00000636276	60.119305	3.4161005	3.6613393	0.24523878	0.6709391	0.9132738921569098	0.17331690606604377	ENSG00000131089.17	ARHGEF9	False
ENST00000676107	12.8669405	1.717289	1.9625106	0.24522161	0.59820735	0.8869755502331795	0.223148251921662	ENSG00000112144.16	CILK1	False
ENST00000401642	81.7	4.123736	4.368926	0.24519014	0.34845546	0.81719736681995	0.45785272746303474	ENSG00000184178.17	SCFD2	False
ENST00000422690	10.760483	1.2551924	1.5003346	0.24514222	0.74615747	0.935882830083255	0.1271695103407806	ENSG00000066923.19	STAG3	False
ENST00000366862	43.4848	3.1971502	3.4422662	0.245116	0.3175426	0.8118754707110037	0.4981979864202374	ENSG00000143756.12	FBXO28	False
ENST00000286760	945.3164	7.509365	7.7544155	0.24505043	0.42470947	0.8384964729269883	0.37190805611943034	ENSG00000156232.7	WHAMM	False
ENST00000274203	37.346466	2.9200926	3.1651065	0.24501395	0.26354095	0.8093544299533921	0.5791518872724718	ENSG00000145555.15	MYO10	False
ENST00000648945	54.08307	3.0901816	3.3345876	0.24440598	0.7555217	0.937757170865483	0.12175304895120803	ENSG00000178690.4	DYNAP	False
ENST00000526785	83.69702	3.7293825	3.9736447	0.24426222	0.6740626	0.9142632374641173	0.17129976255599372	ENSG00000110429.14	FBXO3	False
ENST00000394370	75.55963	2.6929886	2.9371824	0.24419379	0.81968063	0.9586935845435851	0.08635532705733086	ENSG00000145868.17	FBXO38	False
ENST00000237654	3651.741	9.503624	9.747781	0.24415684	0.4083817	0.8322411833574862	0.38893372677878507	ENSG00000118816.11	CCNI	False
ENST00000428177	39.754875	2.6459801	2.8901014	0.24412131	0.6834403	0.9170737297062175	0.1652993984423285	ENSG00000065970.9	FOXJ2	False
ENST00000379406	219.20837	5.420299	5.664387	0.24408817	0.44046468	0.8446156514523803	0.35608891558907346	ENSG00000172766.19	NAA16	False
ENST00000641835	211.55014	4.9206586	5.164324	0.24366522	0.68462133	0.9173021276178854	0.16454957156231226	ENSG00000183389.5	OR56A4	False
ENST00000503176	28.3791	1.5826806	1.826162	0.2434814	0.8484505	0.9657887474168751	0.07137349933188844	ENSG00000005882.12	PDK2	False
ENST00000316660	59.2	3.2050407	3.4484997	0.24345899	0.6675764	0.9124991026791659	0.175499042605201	ENSG00000141682.12	PMAIP1	False
ENST00000295920	22.101295	2.1631196	2.4065382	0.2434187	0.6181026	0.8951237042968144	0.20893942247432276	ENSG00000163655.16	GMPS	False
ENST00000598271	48.95296	2.6465402	2.8899076	0.24336743	0.75454557	0.9371003902398674	0.12231452666377925	ENSG00000181027.11	FKRP	False
ENST00000688703	5.503225	0.69091016	0.9340893	0.24317914	0.65506554	0.9081242054838492	0.18371524853327936	ENSG00000182901.18	RGS7	False
ENST00000311630	213.90984	5.2421517	5.4853096	0.24315786	0.45887613	0.847884044482156	0.33830453021363716	ENSG00000174013.8	FBXO45	False
ENST00000357186	46.74569	3.2585974	3.5017533	0.24315596	0.5053429	0.8558786284660064	0.296413831052434	ENSG00000115204.15	MPV17	False
ENST00000249116	1517.7086	7.7652144	8.0083065	0.24309206	0.5266764	0.8628966334781174	0.2784561281166331	ENSG00000128383.14	APOBEC3A	False
ENST00000380872	6.8577323	0.6384494	0.8815311	0.24308175	0.6365338	0.9018991094981259	0.19617853251535494	ENSG00000187134.14	AKR1C1	False
ENST00000397463	9.644796	1.3840679	1.6267021	0.24263418	0.7188091	0.9276433654338391	0.14338641663358345	ENSG00000150551.11	LYPD1	False
ENST00000395453	25.248686	2.050748	2.2933645	0.24261642	0.5819304	0.8811550578047072	0.23512895549344734	ENSG00000139218.18	SCAF11	True
ENST00000336505	252.56873	5.4051743	5.647704	0.24252987	0.423209	0.8383133222409976	0.37344509327244657	ENSG00000173611.18	SCAI	False
ENST00000379145	55.025543	3.040762	3.2831693	0.24240732	0.7524783	0.9367761286654671	0.12350601887534832	ENSG00000102230.14	PCYT1B	False
ENST00000680092	73.38477	1.9460007	2.1882944	0.24229372	0.8875943	0.9762929623608356	0.051785503906789154	ENSG00000127022.16	CANX	False
ENST00000514372	103.16416	4.0636935	4.305857	0.24216366	0.52255136	0.8616614641298415	0.2818710194951065	ENSG00000124406.17	ATP8A1	False
ENST00000216832	1062.9	7.629583	7.871695	0.24211216	0.47127235	0.8496539504698483	0.32672804055797566	ENSG00000100941.9	PNN	False
ENST00000342016	2386.2183	8.543918	8.786025	0.24210739	0.5831581	0.881752549212678	0.23421370571043068	ENSG00000138433.16	CIR1	False
ENST00000646436	212.01762	5.2590346	5.5011315	0.2420969	0.55814534	0.8731262404848221	0.25325269355428703	ENSG00000168016.15	TRANK1	False
ENST00000268459	103.67184	4.183349	4.425385	0.24203587	0.2793552	0.8093544299533921	0.5538432430271102	ENSG00000140807.7	NKD1	False
ENST00000263545	474.1538	6.30535	6.547355	0.24200535	0.51280725	0.8577892264817722	0.29004584342941786	ENSG00000146963.18	LUC7L2	False
ENST00000465577	11.709269	1.0005587	1.2424486	0.24188983	0.7526138	0.9367761286654671	0.12342783255470546	ENSG00000188690.16	UROS	True
ENST00000429774	430.91583	5.998213	6.240059	0.24184608	0.7351061	0.9332857513397641	0.13364996716058059	ENSG00000066427.25	ATXN3	False
ENST00000335757	194.07724	3.8736582	4.115438	0.2417798	0.9012767	0.9796827936525487	0.045141852577283696	ENSG00000129353.15	SLC44A2	False
ENST00000509732	60.56153	2.2235172	2.465138	0.24162078	0.8732573	0.9726684539396364	0.05885778543453256	ENSG00000134982.19	APC	False
ENST00000367446	236.69742	5.6031456	5.844609	0.24146318	0.5709555	0.8770132194562891	0.2433977278008472	ENSG00000116747.13	RO60	True
ENST00000480119	57.87388	2.7166684	2.9580545	0.24138618	0.80038416	0.9531429818886921	0.09670151276167824	ENSG00000174891.14	RSRC1	False
ENST00000391742	419.93643	6.2523265	6.493667	0.24134064	0.57123494	0.8771043619672497	0.24318523535489056	ENSG00000167613.16	LAIR1	False
ENST00000056233	33.001247	2.3485281	2.5894842	0.24095607	0.73328274	0.9331012358245473	0.13472853440929744	ENSG00000050344.9	NFE2L3	False
ENST00000389629	1441.2131	7.93985	8.180623	0.2407732	0.5605054	0.8737225059335263	0.25142020660401004	ENSG00000137815.15	RTF1	False
ENST00000332687	432.28305	6.096433	6.337074	0.24064064	0.5237062	0.8620025552287899	0.28091228646176053	ENSG00000131263.13	RLIM	False
ENST00000306730	38.6	2.6934988	2.9339957	0.24049687	0.6035939	0.8899095328739771	0.21925516805806575	ENSG00000169857.9	AVEN	False
ENST00000687097	200.35574	3.7128003	3.9531813	0.240381	0.901108	0.9796827936525487	0.045223141870492055	ENSG00000149187.19	CELF1	False
ENST00000397912	62.823242	3.5759857	3.8163633	0.24037766	0.74123126	0.9350245071241121	0.13004627186154727	ENSG00000128563.13	PRKRIP1	False
ENST00000367590	84.42624	3.860465	4.100824	0.24035883	0.55563855	0.8723568062898063	0.25520762935817753	ENSG00000143324.14	XPR1	False
ENST00000638807	25.695623	1.9326859	2.1727896	0.24010372	0.78427446	0.946795898683074	0.10553192823336277	ENSG00000184307.17	ZDHHC23	False
ENST00000347255	13.524785	0.7971087	1.0368965	0.23978776	0.81198215	0.9567003242299572	0.09045351526250654	ENSG00000152061.24	RABGAP1L	False
ENST00000711233	14.1	1.6028727	1.8426564	0.23978364	0.6911693	0.9190096639099691	0.16041554683540205	ENSG00000292358.1	GTPBP6	False
ENST00000326153	14.1	1.6028727	1.8426564	0.23978364	0.6911693	0.9190096639099691	0.16041554683540205	ENSG00000178605.14	GTPBP6	False
ENST00000491666	47.38459	2.9627225	3.2024317	0.23970914	0.71476185	0.9259194499652	0.14583863380905004	ENSG00000160298.18	C21orf58	False
ENST00000369301	128.74802	4.4815884	4.721259	0.23967075	0.36792076	0.8193672657805028	0.43424571064764544	ENSG00000196865.4	NHLRC2	False
ENST00000216038	61.3	3.3917084	3.6312814	0.239573	0.6269367	0.8986881828008999	0.20277632435272872	ENSG00000100220.12	RTCB	False
ENST00000697306	189.86609	5.0957403	5.335082	0.23934174	0.56022733	0.8737130051602651	0.2516357049865252	ENSG00000104320.15	NBN	False
ENST00000322028	420.6015	6.290623	6.529812	0.23918867	0.16439345	0.8093544299533921	0.7841154775813826	ENSG00000177700.6	POLR2L	False
ENST00000409690	296.3485	5.5149555	5.7539024	0.23894691	0.64822996	0.9058007019088778	0.1882709028052964	ENSG00000174007.9	CEP19	False
ENST00000467482	23.0	1.6213542	1.8601105	0.2387563	0.77151877	0.9428173525582542	0.1126535054358114	ENSG00000101850.13	GPR143	False
ENST00000259339	90.56515	3.8625526	4.101239	0.23868656	0.6695481	0.912916955442556	0.17421822174828291	ENSG00000136816.16	TOR1B	False
ENST00000393576	884.9452	7.1608505	7.3994904	0.23863983	0.49021068	0.8537766521893764	0.309617229293935	ENSG00000198055.11	GRK6	False
ENST00000250111	55.936077	3.256751	3.495377	0.238626	0.64582896	0.9049129263557762	0.1898824828612126	ENSG00000129244.9	ATP1B2	False
ENST00000440706	14.63386	1.3616346	1.6002235	0.23858893	0.6807993	0.9164518396397481	0.16698089599656715	ENSG00000106086.21	PLEKHA8	False
ENST00000285018	4.92187	0.6363639	0.8748274	0.23846346	0.6999207	0.9212025833663481	0.15495115350757122	ENSG00000154764.6	WNT7A	False
ENST00000713784	58.245014	3.1424894	3.3809452	0.23845577	0.74960715	0.936236640367669	0.12516628209791852	ENSG00000046604.15	DSG2	False
ENST00000606826	762.6894	6.9932647	7.2316346	0.23836994	0.50879115	0.8562594664645493	0.2934604526278064	ENSG00000113712.19	CSNK1A1	False
ENST00000552445	23.603704	1.9409915	2.1792183	0.23822677	0.75486463	0.9372886991421362	0.12213092171628331	ENSG00000161813.23	LARP4	True
ENST00000700130	140.36673	4.5289893	4.7672024	0.23821306	0.5681161	0.8761634615731728	0.2455628812119244	ENSG00000225190.12	PLEKHM1	False
ENST00000546020	125.951904	4.4964843	4.7343593	0.23787498	0.55102783	0.8702473315036294	0.25882646280390853	ENSG00000178921.14	PFAS	False
ENST00000339486	693.37177	7.018701	7.256319	0.23761797	0.71767706	0.9272141667828993	0.14407093738065552	ENSG00000101782.15	RIOK3	False
ENST00000454583	156.42212	3.9992535	4.2368526	0.23759913	0.8311956	0.9617724706824102	0.08029676813719162	ENSG00000080345.18	RIF1	False
ENST00000373666	85.46088	3.9145346	4.152132	0.23759747	0.61950153	0.8962071642979608	0.2079576159094956	ENSG00000123977.10	DAW1	False
ENST00000336715	168.08821	4.8749576	5.112516	0.23755836	0.54761016	0.8693177891645862	0.2615284999227481	ENSG00000143373.18	ZNF687	False
ENST00000374752	13.59955	0.9647842	1.2022712	0.23748702	0.813187	0.9569372134995232	0.08980957114511827	ENSG00000151498.12	ACAD8	False
ENST00000427101	38.42815	2.1983862	2.4358664	0.23748016	0.88762987	0.9762929623608356	0.05176809323434321	ENSG00000067066.17	SP100	False
ENST00000550735	704.0623	6.9131694	7.1505985	0.23742914	0.40100005	0.8298121044971967	0.39685557031449475	ENSG00000089022.15	MAPKAPK5	False
ENST00000287169	228.7	5.2795477	5.516883	0.2373352	0.6120516	0.8924767740121592	0.21321195802834508	ENSG00000156599.11	ZDHHC5	False
ENST00000321265	212.83755	5.236473	5.4737124	0.23723936	0.32487103	0.8142173533113395	0.48828901005325925	ENSG00000090273.14	NUDC	False
ENST00000328654	855.11145	7.201752	7.438919	0.23716688	0.35917708	0.8183252159569281	0.4446913811945761	ENSG00000198393.8	ZNF26	False
ENST00000369159	130.8993	4.426539	4.663604	0.23706484	0.678962	0.9158176715021058	0.16815453648843334	ENSG00000288825.1	H2AC18	False
ENST00000373766	426.6939	6.086374	6.3233633	0.2369895	0.52260613	0.8616614641298415	0.2818254967770704	ENSG00000156711.17	MAPK13	False
ENST00000300056	39.968513	2.9273698	3.1643481	0.23697829	0.6037352	0.8899335403414427	0.2191534963076617	ENSG00000166821.9	PEX11A	False
ENST00000354332	412.15338	6.159273	6.3959627	0.23668957	0.47065353	0.8496539504698483	0.3272986760326935	ENSG00000196154.12	S100A4	False
ENST00000642080	56.132782	3.0578887	3.2945633	0.23667455	0.65112853	0.9064197091743617	0.18633327475253678	ENSG00000196184.10	OR10J1	False
ENST00000659705	109.49868	2.7312205	2.9678142	0.23659372	0.8734143	0.9726684539396364	0.058779712782060234	ENSG00000163681.17	SLMAP	False
ENST00000647986	23.266567	2.109477	2.3458955	0.23641849	0.7068061	0.9234034770961242	0.15069969673591627	ENSG00000119139.21	TJP2	False
ENST00000396992	1597.8	8.105325	8.341716	0.23639107	0.5074386	0.8558786284660064	0.2946164997534511	ENSG00000126759.14	CFP	False
ENST00000336164	364.3172	6.1122947	6.348506	0.2362113	0.65069115	0.906253830532394	0.18662509895108123	ENSG00000134539.17	KLRD1	False
ENST00000305386	61.3	3.3636777	3.5998251	0.2361474	0.6072053	0.8903435132061299	0.2166644665767519	ENSG00000168282.6	MGAT2	False
ENST00000361256	288.378	5.583811	5.819904	0.23609304	0.40176383	0.8298121044971967	0.3960291681638335	ENSG00000198917.13	SPOUT1	False
ENST00000520698	729.85583	7.218861	7.4549527	0.23609161	0.32152745	0.8127721965095723	0.49278194208943865	ENSG00000161010.16	MRNIP	False
ENST00000370792	19.55205	1.4999337	1.735752	0.23581827	0.80808204	0.9556108891518913	0.09254454330745233	ENSG00000077254.14	USP33	False
ENST00000310396	14.316531	1.0423611	1.2781768	0.23581564	0.8022956	0.9540305919980484	0.09566557592964978	ENSG00000106034.18	CPED1	False
ENST00000479660	20.577793	1.6863302	1.9220991	0.23576891	0.73841727	0.9345533232895651	0.13169815593894513	ENSG00000066405.13	CLDN18	False
ENST00000376365	38.490448	2.3478904	2.583653	0.2357626	0.8334709	0.9622308638046718	0.07910956853942927	ENSG00000165113.13	GKAP1	False
ENST00000535520	59.200665	2.8841858	3.119878	0.23569226	0.8646165	0.9705666349144022	0.06317647416224616	ENSG00000123106.11	CCDC91	True
ENST00000367142	2755.3418	8.986751	9.222429	0.23567867	0.27667317	0.8093544299533921	0.5580329571543904	ENSG00000069275.13	NUCKS1	False
ENST00000334444	59.377525	2.1878064	2.4234512	0.23564482	0.8954667	0.9786202452457206	0.047950566891038916	ENSG00000114770.17	ABCC5	False
ENST00000396020	311.9397	5.8002334	6.0358014	0.23556805	0.5156885	0.8587697515903885	0.2876125711059318	ENSG00000213741.11	RPS29	False
ENST00000487688	289.3396	5.6208725	5.8563843	0.23551178	0.26910105	0.8093544299533921	0.5700846020576392	ENSG00000028310.18	BRD9	True
ENST00000685785	30.87553	2.281502	2.5170062	0.23550415	0.77045345	0.9426301048560082	0.11325359404887675	ENSG00000068305.19	MEF2A	False
ENST00000553365	13.77255	1.1380242	1.3734411	0.23541689	0.83578026	0.9627594456463211	0.07790788898849374	ENSG00000129566.13	TEP1	False
ENST00000644178	245.93369	5.4977803	5.732862	0.23508167	0.3796314	0.8231329589941108	0.42063787335275726	ENSG00000124570.21	SERPINB6	False
ENST00000432178	106.15492	4.1628513	4.3977904	0.2349391	0.52827644	0.8637495285395624	0.2771387546246497	ENSG00000156261.13	CCT8	False
ENST00000336184	86.49405	4.018442	4.2533336	0.23489141	0.5259181	0.8628966334781174	0.2790818606901202	ENSG00000082512.15	TRAF5	False
ENST00000294309	59.77793	3.0056899	3.240491	0.23480105	0.79461735	0.9508949638774769	0.09984195395231624	ENSG00000162341.18	TPCN2	False
ENST00000262961	6.278347	0.9285126	1.1632476	0.23473501	0.74628735	0.935882830083255	0.12709392225254487	ENSG00000105278.12	ZFR2	False
ENST00000454824	405.94043	4.5643616	4.798894	0.23453236	0.92050016	0.9840268355880356	0.035976132018954686	ENSG00000115053.17	NCL	False
ENST00000698922	68.55937	3.2115376	3.4460275	0.23448992	0.8624631	0.9700337015692152	0.06425946852101137	ENSG00000138231.14	DBR1	False
ENST00000689215	125.574875	3.9828198	4.2171335	0.23431373	0.84372514	0.9646143871601687	0.07379900777014463	ENSG00000114023.16	FAM162A	False
ENST00000367034	27.8	2.4055073	2.6397936	0.23428631	0.76881516	0.9421020642731878	0.11417806166682294	ENSG00000112110.10	MRPL18	False
ENST00000367419	284.2983	5.706837	5.9410305	0.23419333	0.42348126	0.8383801082574476	0.37316580775577735	ENSG00000055211.14	GINM1	False
ENST00000651385	26.560467	2.4577458	2.6919374	0.23419166	0.40206802	0.8298121044971967	0.39570046995071245	ENSG00000048342.18	CC2D2A	False
ENST00000374314	17.316788	2.0378048	2.2718859	0.23408103	0.5346827	0.8661566713360632	0.2719038747786954	ENSG00000204175.6	GPRIN2	False
ENST00000400555	225.90955	5.144645	5.378688	0.23404264	0.5925637	0.8847320351075627	0.22726496483112985	ENSG00000154845.16	PPP4R1	False
ENST00000428648	280.55624	4.110123	4.343615	0.2334919	0.90913856	0.980874875715565	0.04136992163426781	ENSG00000154978.13	VOPP1	True
ENST00000307366	444.58258	6.3605103	6.593869	0.23335886	0.40984875	0.8323007445595858	0.38737638551652775	ENSG00000168569.8	TMEM223	False
ENST00000642000	328.4544	5.7641864	5.9974895	0.23330307	0.4923605	0.8537766521893764	0.30771679376340094	ENSG00000127530.4	OR7C1	False
ENST00000611653	171.61658	5.0050683	5.2382402	0.23317194	0.5254994	0.8628966334781174	0.2794277726270197	ENSG00000167468.20	GPX4	True
ENST00000491165	482.2912	6.366743	6.5998416	0.2330985	0.47144336	0.8496539504698483	0.3265704811928779	ENSG00000176542.10	USF3	False
ENST00000395384	82.8602	4.085581	4.3186016	0.23302078	0.5416028	0.8677958347030249	0.26631910681745846	ENSG00000103485.19	QPRT	False
ENST00000313511	523.0	6.648744	6.881604	0.23286009	0.328001	0.8142173533113395	0.48412484210389317	ENSG00000178952.11	TUFM	False
ENST00000450525	184.04675	4.865214	5.0979834	0.23276949	0.50481886	0.8558786284660064	0.29686443107212146	ENSG00000126351.13	THRA	False
ENST00000360647	895.3999	7.169903	7.4026184	0.2327156	0.5402994	0.867777183814941	0.26736550221257077	ENSG00000163848.21	ZNF148	False
ENST00000369124	1860.0	8.422991	8.6556225	0.23263168	0.4221246	0.838029552988072	0.3745593435983753	ENSG00000023902.14	PLEKHO1	False
ENST00000369660	80.8	3.8420913	4.0745115	0.2324202	0.63550276	0.9016400598756685	0.19688256193531878	ENSG00000102178.13	UBL4A	False
ENST00000434634	458.55103	6.260301	6.492672	0.23237085	0.43714264	0.842770443628006	0.35937682891075423	ENSG00000177082.13	WDR73	False
ENST00000642443	1684.709	8.050612	8.28286	0.23224735	0.5102267	0.856842337601094	0.29223679605677927	ENSG00000167522.17	ANKRD11	False
ENST00000416810	34.04693	2.5336463	2.7658463	0.2321999	0.77860147	0.9445930724984782	0.10868478200230884	ENSG00000128891.17	CCDC32	False
ENST00000272542	96.69113	4.0632668	4.295355	0.23208809	0.5739707	0.87762699845426	0.24111029542008444	ENSG00000144136.11	SLC20A1	False
ENST00000318522	150.18275	4.2396936	4.4717693	0.23207569	0.8110723	0.9563933529011291	0.09094043589427356	ENSG00000143924.19	EML4	False
ENST00000536398	75.485054	3.8335335	4.065464	0.2319305	0.4191247	0.8369928622965472	0.3776567520077441	ENSG00000151148.14	UBE3B	False
ENST00000549365	42.167847	2.9692967	3.201117	0.23182034	0.694144	0.919944381971549	0.15855041931988367	ENSG00000136048.14	DRAM1	True
ENST00000209728	22.544735	1.9861921	2.2178504	0.23165834	0.6303582	0.8998400021113475	0.20041258009234894	ENSG00000094804.12	CDC6	False
ENST00000329153	18.65181	1.8131329	2.0447807	0.23164785	0.67517895	0.9142632374641173	0.1705811093102132	ENSG00000054690.14	PLEKHH1	False
ENST00000455833	14.057927	1.6078868	1.8394978	0.23161101	0.75334334	0.9367964491441557	0.1230070446432237	ENSG00000169991.11	IFFO2	False
ENST00000442898	119.9	4.6034174	4.8350105	0.23159313	0.5169351	0.8587697515903885	0.286563969667384	ENSG00000181404.18	WASHC1	False
ENST00000526042	14.513756	1.6144475	1.8456783	0.23123085	0.75057286	0.9364552947652945	0.12460714317459386	ENSG00000170946.15	DNAJC24	False
ENST00000650046	116.34514	4.3761306	4.607361	0.23123026	0.70663726	0.9234034770961242	0.15080346452640864	ENSG00000111605.18	CPSF6	False
ENST00000372592	32.451694	2.7118454	2.9430323	0.23118687	0.5804326	0.8802063166690811	0.23624820801962562	ENSG00000175287.19	PHYHD1	False
ENST00000257836	555.80396	6.668119	6.899298	0.23117924	0.62628347	0.8984711003007588	0.20322905303663982	ENSG00000135378.4	PRRG4	False
ENST00000264279	498.27423	6.548576	6.77969	0.23111391	0.31849355	0.8118754707110037	0.4968993651347	ENSG00000055044.11	NOP58	False
ENST00000715675	11.57722	1.2421736	1.4731139	0.23094034	0.74794954	0.9359746432369647	0.12612770022594016	ENSG00000104872.12	PIH1D1	False
ENST00000370873	1151.5781	7.681435	7.912194	0.23075867	0.3651114	0.8185742609699567	0.43757459408144106	ENSG00000101182.15	PSMA7	False
ENST00000217957	131.3606	4.5832496	4.8139496	0.23070002	0.5801869	0.8802063166690811	0.23643207872533825	ENSG00000101842.14	VSIG1	False
ENST00000524074	101.82829	4.258249	4.488824	0.23057508	0.4731483	0.8499990726699249	0.32500272850594497	ENSG00000113068.10	PFDN1	True
ENST00000545180	17.934902	1.9291247	2.1596599	0.23053515	0.70329183	0.92220189075705	0.1528644255690942	ENSG00000176170.14	SPHK1	False
ENST00000567138	330.40207	5.798352	6.0288105	0.23045874	0.5763114	0.8790247152485581	0.2393427824274965	ENSG00000197912.16	SPG7	False
ENST00000350995	5.170924	0.69826984	0.92868626	0.23041642	0.83816904	0.9633961682743168	0.07666838590930827	ENSG00000106462.12	EZH2	False
ENST00000609336	10.914865	1.581756	1.8121643	0.23040831	0.7489551	0.936236640367669	0.1255442343886494	ENSG00000124243.19	BCAS4	False
ENST00000618160	111.5379	4.134362	4.3647547	0.23039246	0.6915533	0.9190096639099691	0.160174345295394	ENSG00000111358.14	GTF2H3	False
ENST00000575112	290.8576	5.5976105	5.8279943	0.23038387	0.5335365	0.8656930641736459	0.2728358695769798	ENSG00000129197.15	RPAIN	True
ENST00000356438	37.306072	2.302086	2.5324502	0.23036408	0.7375898	0.93417747534728	0.13218511152258686	ENSG00000198331.11	HYLS1	False
ENST00000421864	31.612366	2.056999	2.2871594	0.23016047	0.801308	0.953565501053592	0.09620053425593039	ENSG00000198839.10	ZNF277	True
ENST00000303657	70.02757	2.7447596	2.9748383	0.2300787	0.8363256	0.9627884956331257	0.07762461657156665	ENSG00000087903.13	RFX2	False
ENST00000372921	438.7762	6.085106	6.3150196	0.22991371	0.66623294	0.9120452344782747	0.17637389634963477	ENSG00000138279.16	ANXA7	False
ENST00000340965	79.50523	3.4790945	3.7089405	0.229846	0.7353512	0.9332857513397641	0.13350519165216324	ENSG00000137819.14	PAQR5	False
ENST00000234310	69.21874	3.3912342	3.6208215	0.22958732	0.71974325	0.9280013331864333	0.14282239830750926	ENSG00000221823.11	PPP3R1	False
ENST00000610419	252.36264	5.1159234	5.3455014	0.22957802	0.67526364	0.9142632374641173	0.17052663241300728	ENSG00000068650.19	ATP11A	False
ENST00000407008	36.91079	2.7740948	3.0035782	0.22948337	0.7402757	0.9345775597603275	0.13060651749988225	ENSG00000087095.13	NLK	False
ENST00000343516	139.29732	4.508178	4.73765	0.22947168	0.59115654	0.8843425619428408	0.22829749973586141	ENSG00000167971.16	CASKIN1	False
ENST00000321358	4986.8604	9.690939	9.920372	0.22943306	0.7546198	0.9371003902398674	0.12227181692271782	ENSG00000065978.19	YBX1	False
ENST00000407426	431.65952	6.3178	6.5471716	0.22937155	0.41366065	0.833681742740497	0.3833557946996675	ENSG00000163811.12	WDR43	False
ENST00000650960	44.82898	3.077203	3.306375	0.22917199	0.61446637	0.8935328187316467	0.21150188184403435	ENSG00000140694.18	PARN	False
ENST00000442263	762.9056	7.072993	7.301994	0.22900105	0.3684399	0.8194459451468774	0.4336333291588176	ENSG00000102786.15	INTS6	False
ENST00000534526	418.09772	6.1553884	6.384218	0.22882986	0.32420725	0.8142173533113395	0.489177282533525	ENSG00000139132.16	FGD4	False
ENST00000402203	352.0468	6.075756	6.30455	0.2287941	0.5511997	0.8704063962570208	0.25869104748054667	ENSG00000100354.22	TNRC6B	False
ENST00000352732	1244.608	7.509876	7.738589	0.22871304	0.648229	0.9058007019088778	0.18827154173873903	ENSG00000140526.18	ABHD2	False
ENST00000339852	21.032251	1.95514	2.1837382	0.22859824	0.67585397	0.9145501406384322	0.1701471322947378	ENSG00000188505.5	NCCRP1	False
ENST00000361168	35.7	2.692278	2.920854	0.22857618	0.6511763	0.9064197091743617	0.18630143172997224	ENSG00000176444.19	CLK2	False
ENST00000426855	13.86775	1.4236008	1.6521413	0.22854054	0.80958766	0.9561147010173113	0.09173612147946117	ENSG00000141258.13	SGSM2	False
ENST00000367577	592.65857	6.7677407	6.9962473	0.22850657	0.5165081	0.8587697515903885	0.28692286135173756	ENSG00000162783.11	IER5	False
ENST00000464781	86.772766	3.6699781	3.8982096	0.22823143	0.79638726	0.9514256342842724	0.09887569872519275	ENSG00000147274.14	RBMX	False
ENST00000265245	333.55927	5.8284187	6.05654	0.22812128	0.5308499	0.8648242843919811	0.2750282813728096	ENSG00000041802.11	LSG1	False
ENST00000424712	22.231121	1.7934403	2.0215569	0.22811651	0.7988863	0.9524308439394522	0.09751502690977461	ENSG00000133056.14	PIK3C2B	False
ENST00000557872	281.95477	5.2842126	5.5121937	0.22798109	0.73150766	0.9324883865016633	0.1357811224081545	ENSG00000184984.10	CHRM5	False
ENST00000503771	84.9	3.7964647	4.0244207	0.22795606	0.8114116	0.9564764162859632	0.09075877761220971	ENSG00000249992.2	TMEM158	False
ENST00000317178	38.774117	2.5033052	2.7312458	0.22794056	0.7361531	0.9334787413514541	0.1330318395253258	ENSG00000152443.13	ZNF776	False
ENST00000373789	68.273636	3.6383564	3.8660045	0.22764802	0.676579	0.9148738341282747	0.16968148711055112	ENSG00000182010.11	RTKN2	False
ENST00000258052	4.3	0.68095803	0.908366	0.22740799	0.74528176	0.935882830083255	0.12767950992286187	ENSG00000135587.9	SMPD2	False
ENST00000256117	65.32827	3.4696827	3.6969576	0.2272749	0.5589177	0.8734555245741956	0.25265213581080814	ENSG00000133740.11	E2F5	False
ENST00000336278	595.4265	6.6190495	6.8462486	0.22719908	0.63984406	0.9030378888992515	0.19392585751264718	ENSG00000168807.17	SNTB2	False
ENST00000498971	135.5061	3.9812176	4.2084002	0.22718263	0.81065136	0.9563650644526269	0.09116588332137475	ENSG00000170458.15	CD14	False
ENST00000519715	135.5061	3.9812176	4.2084002	0.22718263	0.81065136	0.9563650644526269	0.09116588332137475	ENSG00000170458.15	CD14	False
ENST00000541603	8.717253	1.0983808	1.3254426	0.22706175	0.7796425	0.9450069992259602	0.10810448213541497	ENSG00000051825.15	MPHOSPH9	False
ENST00000519948	262.5	5.5052433	5.732283	0.22703981	0.46525517	0.8492019855291293	0.33230879122118795	ENSG00000253719.4	ATXN7L3B	False
ENST00000264956	6.1997356	0.8940878	1.1206398	0.22655201	0.6498636	0.9059168869193345	0.1871777874588665	ENSG00000072840.13	EVC	False
ENST00000692443	1760.2988	8.39277	8.619272	0.22650242	0.29059973	0.8109740254625081	0.5367047881796939	ENSG00000231389.8	HLA-DPA1	False
ENST00000575156	129.27568	4.4431386	4.6695824	0.22644377	0.75125575	0.936603159209308	0.12421219057168006	ENSG00000175595.16	ERCC4	False
ENST00000642047	20.440569	2.1670105	2.393256	0.2262454	0.67925787	0.916032440992384	0.16796532124813476	ENSG00000170683.7	OR10A3	False
ENST00000681472	15.26976	1.2591707	1.4854102	0.22623956	0.79275453	0.950284963427056	0.10086126712850572	ENSG00000112139.17	MDGA1	False
ENST00000376228	114.6245	4.3895173	4.615588	0.22607088	0.7460657	0.935882830083255	0.1272229398716619	ENSG00000204525.18	HLA-C	False
ENST00000676116	55.804974	2.3562002	2.5822566	0.22605634	0.8687051	0.97134340028801	0.06112763188971214	ENSG00000111837.12	MAK	False
ENST00000698073	46.408134	2.7281597	2.9542146	0.2260549	0.82812864	0.9615415231466197	0.08190219761708908	ENSG00000135905.21	DOCK10	False
ENST00000403951	39.90152	2.9027784	3.1288137	0.22603536	0.56389475	0.8750651242216205	0.24880194979283968	ENSG00000136267.14	DGKB	False
ENST00000301488	39.3	2.8589962	3.0847492	0.22575307	0.7698117	0.9422918670008684	0.11361549828118443	ENSG00000167797.8	CDK2AP2	False
ENST00000558756	35.86459	1.9316278	2.157363	0.22573519	0.8886919	0.976606022888194	0.05124877714350049	ENSG00000137776.17	SLTM	True
ENST00000612022	9.45466	1.332537	1.5582366	0.22569954	0.7598058	0.9388937208143431	0.11929739640880016	ENSG00000269556.9	TMEM185A	False
ENST00000439994	8.1	0.743028	0.968539	0.22551101	0.6953448	0.9205726868545954	0.15779978521397015	ENSG00000149499.12	EML3	False
ENST00000677947	11.3	1.585965	1.8112769	0.22531188	0.7175761	0.9272141667828993	0.14413204274121688	ENSG00000107862.7	GBF1	False
ENST00000315423	51.86621	2.9836187	3.208909	0.2252903	0.7935687	0.950362321783052	0.10041548600145467	ENSG00000168884.15	TNIP2	False
ENST00000258886	473.5013	6.419871	6.644972	0.225101	0.5341563	0.8659901353727661	0.2723316267634676	ENSG00000136381.13	IREB2	False
ENST00000461321	35.89068	2.0596073	2.2846913	0.22508407	0.84175664	0.9642057731152803	0.07481344813400287	ENSG00000198482.14	ZNF808	False
ENST00000567072	16.93311	1.6207525	1.8457744	0.22502196	0.79591316	0.9513642159867293	0.09913431449414045	ENSG00000088682.14	COQ9	False
ENST00000519565	92.760284	3.983905	4.208906	0.2250011	0.630827	0.8998400021113475	0.2000897200626341	ENSG00000146373.17	RNF217	False
ENST00000695800	233.55017	5.2843137	5.509237	0.22492313	0.5241267	0.862112555871633	0.2805637089066456	ENSG00000070831.18	CDC42	False
ENST00000446103	355.1547	6.0611115	6.2860327	0.22492123	0.45548686	0.8473426594424552	0.34152414347484816	ENSG00000163939.19	PBRM1	False
ENST00000513281	15.628894	1.4402629	1.6650968	0.22483385	0.80157435	0.953647070306486	0.09605618879570078	ENSG00000143420.19	ENSA	False
ENST00000375864	275.70612	5.4116898	5.636408	0.2247181	0.5836155	0.8819641855083519	0.2338731958835274	ENSG00000240053.9	LY6G5B	False
ENST00000441159	726.74316	6.902368	7.1270666	0.22469854	0.53368974	0.8656930641736459	0.2727111484577394	ENSG00000170379.21	TCAF2	False
ENST00000276704	32.07061	2.3323665	2.5569189	0.2245524	0.7772699	0.9443355109842944	0.10942815023389306	ENSG00000189376.12	C8orf76	False
ENST00000611123	326.61105	5.8468094	6.071302	0.22449255	0.44924173	0.8470024537044705	0.34751991131381144	ENSG00000189339.12	SLC35E2B	False
ENST00000296702	164.39235	4.71471	4.938946	0.22423553	0.75878835	0.938790070041057	0.11987934721718424	ENSG00000113649.14	TCERG1	False
ENST00000394670	1030.6249	7.5218244	7.745902	0.2240777	0.42397374	0.8384024579381989	0.37266104269186595	ENSG00000010244.19	ZNF207	False
ENST00000699212	34.975494	1.8375057	2.061561	0.22405541	0.8260324	0.9606497832580951	0.08300291766480221	ENSG00000130475.16	FCHO1	False
ENST00000458142	153.47206	4.6091733	4.833158	0.22398472	0.5472627	0.8693177891645862	0.2618041288391788	ENSG00000155034.21	FBXL18	False
ENST00000388752	27.22205	2.4947252	2.7186627	0.22393751	0.6618498	0.9104548772915186	0.1792405601593891	ENSG00000112651.12	MRPL2	False
ENST00000675759	54.244465	3.154007	3.3779206	0.22391367	0.7475369	0.9359109487048509	0.12636736614152855	ENSG00000158156.9	XKR8	False
ENST00000520509	45.967552	2.3761818	2.6000552	0.22387338	0.8597637	0.9688057802020985	0.06562090428590436	ENSG00000175305.18	CCNE2	False
ENST00000586187	23.41969	2.322512	2.5463161	0.22380424	0.69776726	0.9212025833663481	0.15628941341756378	ENSG00000188227.14	ZNF793	True
ENST00000258739	160.0488	4.7785115	5.001861	0.22334957	0.52832764	0.8637495285395624	0.2770966649771234	ENSG00000136240.10	KDELR2	False
ENST00000342192	672.0749	6.94265	7.1659975	0.22334766	0.30466726	0.8118754707110037	0.5161742071853718	ENSG00000185651.16	UBE2L3	False
ENST00000292524	24.03891	1.6676623	1.8909779	0.2233156	0.8152561	0.9574165235081444	0.088705932981997	ENSG00000160959.8	LRRC14	False
ENST00000410105	406.49664	5.8568635	6.0800085	0.22314501	0.6158604	0.8944279309061053	0.21051771844923195	ENSG00000197380.11	DACT3	False
ENST00000204679	400.71338	6.033451	6.256442	0.22299099	0.43515646	0.842654100473947	0.36135456032241126	ENSG00000090581.11	GNPTG	False
ENST00000519934	1588.7126	8.184907	8.407842	0.22293472	0.2982405	0.8111088466013822	0.5254333628693061	ENSG00000147649.10	MTDH	False
ENST00000582365	49.038708	2.9620762	3.1849477	0.22287154	0.66720337	0.9124991026791659	0.17574177088342566	ENSG00000150656.15	CNDP1	False
ENST00000569423	24.993902	2.0811386	2.3039675	0.22282887	0.7352233	0.9332857513397641	0.13358074210979384	ENSG00000140367.12	UBE2Q2	False
ENST00000335351	76.390854	3.0046098	3.2273812	0.2227714	0.7815382	0.9457125277272185	0.10704979610780863	ENSG00000101190.13	TCFL5	False
ENST00000509972	18.368847	1.512113	1.734832	0.22271907	0.85210973	0.966826986744672	0.06950447545536427	ENSG00000138764.15	CCNG2	False
ENST00000704548	89.32505	2.5723238	2.794838	0.22251415	0.91150075	0.9812113632165093	0.04024296872349569	ENSG00000144815.18	NXPE3	False
ENST00000354050	581.63855	6.445105	6.667551	0.22244596	0.7382445	0.9344807937821005	0.1317997952248918	ENSG00000100979.15	PLTP	False
ENST00000540921	480.25958	6.255455	6.47776	0.22230482	0.543842	0.8686785524188761	0.26452724152811913	ENSG00000166432.16	ZMAT1	False
ENST00000322038	134.3	4.728847	4.9510927	0.2222457	0.2592743	0.8093544299533921	0.5862405230367668	ENSG00000179981.11	TSHZ1	False
ENST00000366513	66.55086	3.523255	3.7454467	0.22219157	0.63208777	0.9002255149083827	0.19922261454785234	ENSG00000162852.14	CNST	False
ENST00000394288	24.821218	2.0776834	2.2998614	0.22217798	0.84056205	0.9640760333298781	0.07543022385928848	ENSG00000138709.20	LARP1B	False
ENST00000700178	348.27515	6.0444264	6.2665944	0.22216797	0.57199633	0.8771852707673807	0.24260675676332535	ENSG00000182568.18	SATB1	False
ENST00000579534	47.191242	2.5153964	2.7375612	0.22216487	0.7550558	0.9373869750740955	0.12202096055561909	ENSG00000101751.11	POLI	False
ENST00000552965	46.51612	3.0288165	3.2508788	0.22206235	0.75137836	0.936603159209308	0.12414131844563132	ENSG00000111271.15	ACAD10	False
ENST00000262613	422.8771	6.329344	6.5512476	0.2219038	0.4929515	0.8537766521893764	0.3071957966664074	ENSG00000109062.12	NHERF1	False
ENST00000585548	120.05025	4.186839	4.4087243	0.2218852	0.7523692	0.9367761286654671	0.12356897717680543	ENSG00000179284.6	DAND5	False
ENST00000374198	81.934616	3.7770884	3.9988637	0.2217753	0.5799321	0.8802063166690811	0.23662285659662896	ENSG00000136875.13	PRPF4	False
ENST00000612299	113.15837	3.5767686	3.7984166	0.22164798	0.8177704	0.9580175559429005	0.08736860179034467	ENSG00000064201.16	TSPAN32	False
ENST00000295598	134.28278	4.628596	4.85017	0.2215743	0.4551203	0.8473426594424552	0.3418737974659916	ENSG00000163399.16	ATP1A1	False
ENST00000579226	9.037682	1.085061	1.3066047	0.22154379	0.8179357	0.9580175559429005	0.08728083322455003	ENSG00000101608.13	MYL12A	False
ENST00000371626	67.2	3.470435	3.6918044	0.2213695	0.58747977	0.8826128203198247	0.23100708369267556	ENSG00000117862.14	TXNDC12	False
ENST00000273980	74.32607	3.4080741	3.629396	0.22132182	0.8794418	0.9746803280472196	0.05579289726355875	ENSG00000145348.17	TBCK	False
ENST00000381908	1152.0436	7.688066	7.9092655	0.22119951	0.60029256	0.8874951743413665	0.2216370367501819	ENSG00000134539.17	KLRD1	False
ENST00000564069	16.733652	1.7582408	1.9792625	0.22102165	0.6168789	0.8947523168136701	0.20980006546808702	ENSG00000140650.13	PMM2	False
ENST00000566051	20.19116	1.911457	2.1324122	0.22095525	0.81394875	0.9569372134995232	0.08940293918637468	ENSG00000132604.11	TERF2	False
ENST00000503193	28.66593	1.607371	1.8283014	0.22093046	0.8325882	0.9620384513941439	0.07956975070954028	ENSG00000151883.20	PARP8	True
ENST00000510777	28.462189	1.7703233	1.9912271	0.22090387	0.8363477	0.9627884956331257	0.07761313352304305	ENSG00000152582.14	SPEF2	False
ENST00000341500	120.9	4.4420247	4.6628804	0.22085571	0.42199802	0.838029552988072	0.37468958262512947	ENSG00000171105.14	INSR	False
ENST00000530562	32.860073	2.4369385	2.6577673	0.22082877	0.74614906	0.935882830083255	0.1271744019920049	ENSG00000166435.17	XRRA1	False
ENST00000370544	523.7361	6.5308404	6.751627	0.22078657	0.47535682	0.8500118764885034	0.3229802733520723	ENSG00000143013.13	LMO4	False
ENST00000588239	25.727097	2.1698449	2.39063	0.22078514	0.7988489	0.9524308439394522	0.09753534379567036	ENSG00000108799.13	EZH1	False
ENST00000567507	13.9	1.4514508	1.6721858	0.22073495	0.692074	0.9190707643921263	0.15984746560651944	ENSG00000176454.15	LPCAT4	False
ENST00000368209	762.25323	7.076245	7.296893	0.22064829	0.66144145	0.9104548772915186	0.1795085960519522	ENSG00000143321.19	HDGF	False
ENST00000297540	416.8475	6.2523193	6.4729214	0.22060204	0.46415642	0.8490460915892519	0.3333356391052255	ENSG00000164902.14	PHAX	False
ENST00000491957	35.421844	2.1612635	2.3817465	0.22048306	0.75938827	0.938790070041057	0.11953611668378697	ENSG00000112062.12	MAPK14	False
ENST00000264033	1053.7043	7.391213	7.6116724	0.22045946	0.65635127	0.9088750251813885	0.1828636712169934	ENSG00000110395.8	CBL	False
ENST00000375258	246.71684	5.5103097	5.7307153	0.22040558	0.5556152	0.8723568062898063	0.25522589215313235	ENSG00000123600.21	METTL8	False
ENST00000476781	43.704937	2.7769063	2.9972777	0.22037148	0.69211376	0.9190707643921263	0.1598225182093532	ENSG00000136522.14	MRPL47	False
ENST00000523763	21.09741	1.8775703	2.0976367	0.22006643	0.813445	0.9569372134995232	0.08967182090591762	ENSG00000135297.17	MTO1	False
ENST00000398896	27.032368	2.15874	2.3787465	0.22000647	0.8367804	0.96299534456408	0.0773884858931868	ENSG00000172046.21	USP19	False
ENST00000244336	57.848713	3.3100803	3.5300107	0.21993041	0.74349385	0.9355313117282439	0.1287226165849573	ENSG00000124469.12	CEACAM8	False
ENST00000411896	16.143845	1.7961937	2.0160208	0.21982706	0.7946375	0.9508949638774769	0.09983094318552878	ENSG00000089351.15	GRAMD1A	False
ENST00000495517	195.76938	4.8333774	5.0528126	0.21943521	0.7452263	0.935882830083255	0.12771181293534598	ENSG00000089682.18	RBM41	False
ENST00000419292	47.869423	2.771979	2.9913108	0.21933174	0.7810914	0.9456684473017747	0.10729814827808551	ENSG00000127989.14	MTERF1	False
ENST00000455428	279.79907	5.5073924	5.7265925	0.21920013	0.44070002	0.8446156514523803	0.3558569254778651	ENSG00000115935.19	WIPF1	False
ENST00000375486	230.8	5.009419	5.2285795	0.21916056	0.7357939	0.9333174655683197	0.13324382369683976	ENSG00000117115.13	PADI2	False
ENST00000589441	1003.8332	7.347772	7.5668626	0.21909046	0.5784383	0.8797091319125927	0.2377429724272075	ENSG00000099875.16	MKNK2	False
ENST00000304191	110.362854	4.2893248	4.5083504	0.21902561	0.56816125	0.8761634615731728	0.24552839020045825	ENSG00000169612.4	RAMAC	True
ENST00000419472	24.543287	2.4391336	2.6581497	0.21901608	0.4186239	0.836886090598871	0.37817598638208433	ENSG00000197969.14	VPS13A	False
ENST00000299237	46.4	2.8139632	3.0328722	0.21890903	0.777559	0.9443355109842944	0.10926665728860108	ENSG00000166188.3	ZNF319	False
ENST00000538173	25.18954	2.4472609	2.6659045	0.21864367	0.7372643	0.9341220124324242	0.1323768095080278	ENSG00000180574.4	EIF2S3B	False
ENST00000325239	27.638294	1.8029305	2.0215597	0.21862924	0.80231553	0.9540305919980484	0.095654799594991	ENSG00000128815.20	WDFY4	False
ENST00000358406	166.98505	4.9005814	5.118908	0.21832657	0.5919241	0.8844881973044109	0.22773399855596121	ENSG00000197448.14	GSTK1	False
ENST00000370990	667.8673	6.9984684	7.216701	0.21823263	0.44899425	0.8470024537044705	0.34775922157521244	ENSG00000142864.15	SERBP1	False
ENST00000704004	2236.5806	8.210109	8.428332	0.21822357	0.814563	0.9569937170418915	0.08907533341994901	ENSG00000165119.22	HNRNPK	False
ENST00000232501	115.8	4.409524	4.627732	0.21820784	0.41485602	0.8342754494547844	0.38210260697599463	ENSG00000114388.14	NPRL2	False
ENST00000259808	25.45367	1.5598997	1.7780373	0.21813762	0.8732021	0.9726684539396364	0.05888523572299137	ENSG00000137275.16	RIPK1	False
ENST00000215829	464.38452	6.3913627	6.6093435	0.21798086	0.27591792	0.8093544299533921	0.5592200964966102	ENSG00000100028.12	SNRPD3	False
ENST00000649765	256.8966	5.673738	5.8916283	0.21789026	0.25238013	0.8093544299533921	0.5979448356764872	ENSG00000100092.24	SH3BP1	False
ENST00000685701	31.369068	1.7092546	1.9270453	0.21779072	0.84390515	0.9646143871601687	0.07370636233135999	ENSG00000146282.19	RARS2	False
ENST00000420993	369.59845	6.0693054	6.287056	0.21775055	0.6465748	0.9052122393073937	0.18938122904533658	ENSG00000025770.19	NCAPH2	False
ENST00000308162	5274.6	9.91298	10.130728	0.21774769	0.48826575	0.8529381765683051	0.3113437362829462	ENSG00000172757.13	CFL1	False
ENST00000565912	100.294075	4.0599318	4.2776055	0.21767378	0.6910432	0.9190096639099691	0.16049480340172934	ENSG00000006210.7	CX3CL1	False
ENST00000317025	413.5428	6.096125	6.313785	0.21765995	0.5876598	0.8826128203198247	0.2308740346004499	ENSG00000147548.17	NSD3	False
ENST00000416538	17.082104	1.6667434	1.8842596	0.21751618	0.64026	0.9030378888992515	0.19364364249338925	ENSG00000144224.17	UBXN4	False
ENST00000684741	63.91427	2.2517	2.4691753	0.21747541	0.8771581	0.9740819205399924	0.0569221191737871	ENSG00000023041.12	ZDHHC6	False
ENST00000376752	106.81632	4.3197474	4.5369296	0.21718216	0.60672045	0.8902000191870786	0.21701136832565382	ENSG00000099139.14	PCSK5	False
ENST00000596802	25.95753	2.1833909	2.4003851	0.21699429	0.72020435	0.9280763849316231	0.1425442578292474	ENSG00000127511.10	SIN3B	False
ENST00000505143	195.40227	5.2663436	5.483265	0.21692133	0.4456558	0.8458038879064129	0.35100044383479734	ENSG00000153113.24	CAST	False
ENST00000287263	2661.4673	8.761702	8.978589	0.21688747	0.5659713	0.8756247794447481	0.24720557957721223	ENSG00000156675.16	RAB11FIP1	False
ENST00000278193	121.712524	4.4927335	4.709606	0.21687269	0.44121093	0.8446156514523803	0.3553537417895235	ENSG00000148943.12	LIN7C	False
ENST00000560920	25.250065	2.425728	2.6425195	0.21679139	0.80969894	0.9561147010173113	0.09167642963364579	ENSG00000103671.10	TRIP4	True
ENST00000542569	93.79409	3.7700071	3.986722	0.21671486	0.8069946	0.9552005372235465	0.0931293622065147	ENSG00000156671.15	SAMD8	False
ENST00000536163	107.8	4.196644	4.413251	0.2166071	0.5990194	0.8872137205946347	0.2225591062435573	ENSG00000257093.7	DENND11	False
ENST00000570182	92.42285	3.8312414	4.047564	0.21632266	0.6718476	0.9135128378142691	0.17272924162424258	ENSG00000140995.17	DEF8	False
ENST00000341948	198.15181	4.8977294	5.1135974	0.215868	0.543799	0.8686785524188761	0.26456160887750224	ENSG00000187372.11	PCDHB13	False
ENST00000537763	254.60503	5.2652917	5.481001	0.21570921	0.6529836	0.9068527311245123	0.18509772220607756	ENSG00000146955.11	RAB19	False
ENST00000697467	22.388376	1.4391848	1.6547048	0.21552002	0.89489514	0.9784929251128978	0.048227852248297676	ENSG00000145675.16	PIK3R1	False
ENST00000264170	826.2171	7.0680065	7.28349	0.21548367	0.61765146	0.894947108003435	0.20925652586449708	ENSG00000115919.15	KYNU	False
ENST00000641792	24.615509	2.145648	2.3610268	0.21537876	0.6721801	0.9137093146674277	0.17251433858255005	ENSG00000276240.4	OR4E1	False
ENST00000420581	159.89084	4.8398767	5.0552382	0.2153616	0.6000502	0.8872801281073514	0.22181240723746598	ENSG00000163380.16	LMOD3	False
ENST00000216410	117.38291	4.4657955	4.681153	0.2153573	0.5713398	0.8771043619672497	0.24310553217695666	ENSG00000100522.10	GNPNAT1	False
ENST00000334062	184.7	5.139815	5.355013	0.21519804	0.5733787	0.877589260808717	0.24155845788861702	ENSG00000185989.11	RASA3	False
ENST00000685212	73.504234	2.7899091	3.0051007	0.2151916	0.8766939	0.9737462252016386	0.057152013058646235	ENSG00000170836.13	PPM1D	False
ENST00000266643	44.357903	3.1710136	3.3861556	0.21514201	0.7305225	0.932062538788564	0.1363663953488444	ENSG00000139266.6	MARCHF9	False
ENST00000532359	428.36847	6.22251	6.4375725	0.21506262	0.6711041	0.9132738921569098	0.17321012505819414	ENSG00000166441.13	RPL27A	False
ENST00000532971	18.058947	1.9621305	2.1768236	0.21469307	0.6388644	0.9029774419337067	0.1945913131228537	ENSG00000214756.8	CSKMT	False
ENST00000268717	215.84631	5.3821597	5.596838	0.21467829	0.6283108	0.8994102380446959	0.20182547543317594	ENSG00000141030.13	COPS3	False
ENST00000308167	391.33447	6.183363	6.3980346	0.21467161	0.57800883	0.8794550641073513	0.23806552658174854	ENSG00000102034.18	ELF4	False
ENST00000335154	159.14395	4.9818063	5.196332	0.2145257	0.5197092	0.8596276200549111	0.28423957051214954	ENSG00000161791.14	FMNL3	False
ENST00000343090	170.5481	4.691218	4.90572	0.21450233	0.5658623	0.8756247794447481	0.2472892410547766	ENSG00000130939.20	UBE4B	False
ENST00000396335	96.29841	4.2218385	4.436232	0.21439362	0.68395185	0.9170737297062175	0.16497446841366853	ENSG00000069966.19	GNB5	False
ENST00000674194	21.045218	1.3081943	1.5223235	0.21412921	0.90789515	0.9806801320236121	0.041964304960284866	ENSG00000156738.18	MS4A1	False
ENST00000473787	19.693594	1.6567694	1.8707432	0.21397376	0.7779683	0.9444613458165366	0.1090381059131099	ENSG00000128604.21	IRF5	False
ENST00000528080	162.9032	3.9365673	4.150502	0.2139349	0.8916781	0.9771611911582333	0.04979190218912102	ENSG00000166471.11	TMEM41B	False
ENST00000582126	173.02353	4.3303947	4.544206	0.2138114	0.85709685	0.9679461824583995	0.06697010057068803	ENSG00000108424.11	KPNB1	False
ENST00000264645	553.5	6.6526427	6.866395	0.21375227	0.583903	0.8819641855083519	0.2336592825038564	ENSG00000108349.17	CASC3	False
ENST00000619947	206.00073	4.945883	5.159569	0.21368599	0.7321566	0.9326695814816518	0.1353960333295284	ENSG00000119608.15	PROX2	False
ENST00000714424	57.71877	3.125788	3.339369	0.21358109	0.77591646	0.9441897587930264	0.11018503665489708	ENSG00000101255.13	TRIB3	False
ENST00000651676	8.382706	0.960962	1.1744633	0.21350127	0.78547496	0.9473372535610051	0.10486765738266808	ENSG00000197753.11	LHFPL5	False
ENST00000372102	14.222128	1.0857702	1.2992711	0.21350086	0.8442792	0.9647067702622658	0.07351389480030136	ENSG00000172315.6	TP53RK	False
ENST00000645214	216.67126	5.260756	5.4741287	0.2133727	0.5112325	0.8572790927468692	0.291381549050764	ENSG00000119537.18	KDSR	False
ENST00000322030	975.8263	7.446771	7.6600714	0.21330023	0.72405034	0.9290277801612368	0.14023123636788962	ENSG00000119335.18	SET	False
ENST00000284273	133.03134	4.594091	4.8073444	0.2132535	0.47170374	0.8496539504698483	0.32633068221280576	ENSG00000154127.10	UBASH3B	False
ENST00000380244	1519.3502	8.107415	8.320615	0.21319962	0.27040327	0.8093544299533921	0.5679880672539663	ENSG00000089280.20	FUS	True
ENST00000306042	1046.3126	7.404207	7.6171083	0.21290112	0.6008738	0.8878451638323344	0.22121671199818754	ENSG00000132334.17	PTPRE	False
ENST00000504564	270.45038	5.6107783	5.823673	0.21289444	0.50591373	0.8558786284660064	0.29592353029924845	ENSG00000082068.9	WDR70	False
ENST00000345088	23.5	1.4635357	1.6761005	0.21256483	0.82411015	0.9601797487709928	0.08401473674159077	ENSG00000187569.3	DPPA3	False
ENST00000360310	1934.1471	8.52003	8.732511	0.21248055	0.62107253	0.896545014235253	0.20685767862604695	ENSG00000198604.11	BAZ1A	False
ENST00000394906	64.919174	1.7391745	1.9516485	0.21247399	0.8962922	0.9787378548850815	0.04755037835268015	ENSG00000132589.16	FLOT2	False
ENST00000358299	84.91606	4.085273	4.29768	0.21240711	0.78419876	0.946795898683074	0.1055738482092701	ENSG00000163596.17	ICA1L	False
ENST00000394140	271.626	5.60067	5.812978	0.21230793	0.41741842	0.8367259608007798	0.37942838980685595	ENSG00000114021.12	NIT2	False
ENST00000258821	79.92839	3.7747104	3.9869852	0.21227479	0.5838294	0.8819641855083519	0.23371403677878844	ENSG00000136319.12	TTC5	False
ENST00000679673	116.07369	4.3006825	4.5129347	0.21225214	0.42539868	0.8388671706496185	0.3712038644975593	ENSG00000120697.10	ALG5	False
ENST00000540251	18.526861	1.7613459	1.9735464	0.21220052	0.6929262	0.9195424604733701	0.15931299981502223	ENSG00000117650.13	NEK2	False
ENST00000370203	76.71435	3.974054	4.186051	0.2119968	0.6047633	0.8899892143002557	0.2184145509776783	ENSG00000152078.10	TLCD4	False
ENST00000349807	179.0478	5.005946	5.217763	0.21181679	0.687556	0.9178436063724108	0.1626919057613138	ENSG00000172005.11	MAL	True
ENST00000357720	27.1	2.3211188	2.532906	0.21178722	0.7135108	0.9256033038204061	0.1465994419397959	ENSG00000104907.13	TRMT1	False
ENST00000370021	3325.3308	9.199603	9.41136	0.2117567	0.4568348	0.8475825896352428	0.3402408271091391	ENSG00000134186.12	PRPF38B	False
ENST00000533761	21.684694	2.0975912	2.3093271	0.21173596	0.78305537	0.9465050500662499	0.10620753053322157	ENSG00000137500.10	CCDC90B	True
ENST00000324238	143.80391	4.6596513	4.871339	0.21168756	0.6341378	0.901006220382149	0.1978163520477688	ENSG00000176390.12	CRLF3	False
ENST00000573688	114.497696	4.492763	4.7044144	0.21165133	0.39453122	0.8290075231731883	0.4039186243351879	ENSG00000011638.11	LDAF1	False
ENST00000393348	64.342636	3.3655126	3.5771031	0.21159053	0.80905664	0.9559979448728103	0.09202107364648378	ENSG00000071051.14	NCK2	False
ENST00000643174	26.07399	2.330672	2.5420697	0.21139765	0.8439669	0.9646143871601687	0.07367458520327914	ENSG00000130703.17	OSBPL2	False
ENST00000587077	145.91917	4.5358005	4.747152	0.2113514	0.7212953	0.9285152025899402	0.1418868994060349	ENSG00000178904.19	DPY19L3	False
ENST00000262428	1186.5	7.7024074	7.91374	0.2113328	0.4547416	0.8473426594424552	0.34223531718803296	ENSG00000103187.8	COTL1	False
ENST00000515430	81.44688	3.4358387	3.6470115	0.21117282	0.73194206	0.9326672651456225	0.13552329743400754	ENSG00000237765.8	FAM200B	False
ENST00000503306	14.084738	1.3041902	1.515337	0.21114683	0.81514823	0.957345733406986	0.08876340780735609	ENSG00000123415.16	SMUG1	True
ENST00000490542	44.3111	2.3463418	2.5574431	0.2111013	0.8931901	0.977739514844366	0.049056106097766734	ENSG00000102786.15	INTS6	False
ENST00000532746	5.6523676	0.97057277	1.1815522	0.2109794	0.7473323	0.9359070387213771	0.1264862615357665	ENSG00000140988.16	RPS2	True
ENST00000216338	30.066778	2.1588633	2.3698359	0.21097255	0.86783296	0.9710997026003259	0.06156386018862115	ENSG00000100450.13	GZMH	False
ENST00000547828	17.7	1.9615766	2.1725266	0.21095002	0.702167	0.9221026914234706	0.15355960083245349	ENSG00000166704.13	ZNF606	True
ENST00000463985	12.3	1.5015634	1.712443	0.21087956	0.7790819	0.9448399847932092	0.10841689583472706	ENSG00000163075.13	CFAP221	False
ENST00000563924	2344.998	8.650819	8.861299	0.21047974	0.50693774	0.8558786284660064	0.2950453737332843	ENSG00000261371.6	PECAM1	False
ENST00000241436	621.0058	6.828701	7.03916	0.21045876	0.48793983	0.8529381765683051	0.3116337253628515	ENSG00000122008.16	POLK	False
ENST00000381661	233.14835	5.318467	5.528784	0.21031666	0.5606594	0.8737995356030378	0.2513008854433037	ENSG00000143882.12	ATP6V1C2	False
ENST00000398675	217.11198	5.2019715	5.412278	0.21030664	0.6602076	0.9103157985469302	0.18031946137201138	ENSG00000151233.11	GXYLT1	False
ENST00000376040	9.086046	1.304647	1.5149485	0.21030152	0.75696486	0.9383410234848046	0.12092427960578177	ENSG00000135040.16	NAA35	False
ENST00000713949	341.21698	5.8736243	6.0838995	0.21027517	0.5547229	0.8719910230509131	0.2559239012226918	ENSG00000213593.11	TMX2	False
ENST00000471363	13.1	1.2399093	1.4500713	0.21016204	0.8174896	0.9580175559429005	0.08751775090983284	ENSG00000157445.16	CACNA2D3	False
ENST00000379031	28.5	2.395061	2.6051428	0.21008182	0.7242368	0.9291173189122098	0.1401194197153572	ENSG00000169972.13	PUSL1	False
ENST00000415432	28.682001	2.2894757	2.4995403	0.21006465	0.8450932	0.9647409632698007	0.07309539760393897	ENSG00000134215.16	VAV3	False
ENST00000400809	426.69403	6.245934	6.4559093	0.20997524	0.55687624	0.8727909928963938	0.2542413098864293	ENSG00000221978.13	CCNL2	False
ENST00000454077	8.896836	1.125599	1.3355001	0.2099011	0.8303505	0.9617724706824102	0.08073853895301052	ENSG00000087152.16	ATXN7L3	False
ENST00000517599	161.57382	4.7639923	4.9738603	0.20986795	0.6910451	0.9190096639099691	0.16049360470699447	ENSG00000104419.17	NDRG1	True
ENST00000489410	65.24382	3.8555634	4.0653214	0.20975804	0.64758414	0.9056270557335255	0.18870379590416528	ENSG00000159445.13	THEM4	False
ENST00000510866	206.53745	5.1657085	5.375451	0.20974255	0.61762655	0.894947108003435	0.20927404473015995	ENSG00000120733.15	KDM3B	False
ENST00000251195	41.107338	3.2186005	3.4280877	0.2094872	0.7239168	0.9290277801612368	0.14031132736765756	ENSG00000092853.14	CLSPN	False
ENST00000650734	14.151705	1.3972096	1.6065657	0.20935607	0.7782894	0.9445930724984782	0.10885889688307579	ENSG00000128656.15	CHN1	True
ENST00000640554	17.826046	1.4658847	1.6750016	0.20911694	0.7415126	0.9352034065707718	0.12988146690055646	ENSG00000204370.14	SDHD	True
ENST00000680194	33.752472	2.5888212	2.7978656	0.20904446	0.78909165	0.9490241621051221	0.1028725540374519	ENSG00000137948.19	BRDT	False
ENST00000308924	32.95342	2.6995668	2.908604	0.20903707	0.7089713	0.9237997576299902	0.1493713319964022	ENSG00000063244.14	U2AF2	False
ENST00000302362	10.1	1.2862501	1.4952048	0.20895469	0.67334104	0.9141900609544965	0.17176491724591011	ENSG00000172301.11	COPRS	True
ENST00000262198	170.6	4.9826617	5.191571	0.20890951	0.38439173	0.8240478925900143	0.4152259701138416	ENSG00000101544.9	ADNP2	False
ENST00000418197	28.985605	2.3570786	2.5654836	0.20840502	0.8073364	0.9552562251865906	0.09294547161167309	ENSG00000136731.13	UGGT1	False
ENST00000400256	225.77457	5.2818155	5.490155	0.20833969	0.61801463	0.8951237042968144	0.20900124135032355	ENSG00000158270.12	COLEC12	False
ENST00000409438	23.631306	1.4974098	1.7056805	0.20827067	0.879194	0.9746742980614256	0.05591527390329909	ENSG00000204843.13	DCTN1	False
ENST00000526049	98.13115	3.972082	4.1802998	0.20821786	0.73869896	0.9345775597603275	0.13153251279519912	ENSG00000131871.15	SELENOS	False
ENST00000515138	8.51765	0.9158597	1.1240757	0.20821595	0.70535123	0.922584894924629	0.15159456984804787	ENSG00000120440.15	TTLL2	False
ENST00000473986	42.01017	2.8712132	3.0794075	0.20819426	0.7170806	0.9272141667828993	0.14443203097710675	ENSG00000163219.12	ARHGAP25	False
ENST00000378720	196.91016	5.179219	5.387411	0.20819235	0.5378092	0.8669919443883375	0.2693717783615502	ENSG00000139684.15	ESD	False
ENST00000216484	404.22827	6.267544	6.475604	0.20806026	0.41077796	0.8326499284250893	0.3863928701794659	ENSG00000100596.8	SPTLC2	False
ENST00000388782	151.67723	4.6252785	4.83326	0.20798159	0.6060738	0.8901216863280665	0.21747449205543462	ENSG00000165113.13	GKAP1	True
ENST00000413749	14.275789	1.4319915	1.6399325	0.20794106	0.72865593	0.9313879942172696	0.1374774937582204	ENSG00000086200.17	IPO11	True
ENST00000336067	13.8	1.614499	1.8223805	0.20788157	0.7344487	0.9332857513397641	0.1340385504963655	ENSG00000160404.18	TOR2A	False
ENST00000373491	40.661232	2.845185	3.0530376	0.2078526	0.75396234	0.9369203866150562	0.12265034752545102	ENSG00000065491.8	TBC1D22B	False
ENST00000396737	46.27705	3.3028924	3.5105383	0.2076459	0.6036071	0.8899095328739771	0.2192456473818097	ENSG00000213889.11	PPM1N	False
ENST00000511860	11.925175	1.3984194	1.6058912	0.20747185	0.77212393	0.9429448836126253	0.11231298589734139	ENSG00000108826.16	MRPL27	False
ENST00000586562	42.629562	1.581624	1.7890558	0.2074318	0.89430285	0.9780997408714817	0.04851538764604535	ENSG00000225190.12	PLEKHM1	False
ENST00000329276	218.98848	5.2850494	5.4921446	0.20709515	0.49871486	0.8547222214011697	0.30214768739165304	ENSG00000101361.17	NOP56	False
ENST00000368026	794.0928	7.081554	7.288619	0.2070651	0.48748466	0.8529381765683051	0.31203904266168475	ENSG00000158769.19	F11R	False
ENST00000475536	21.311152	1.4691405	1.6761503	0.20700979	0.8543001	0.9673135122840025	0.06838955208859122	ENSG00000002933.9	TMEM176A	False
ENST00000370801	294.3	5.7451806	5.9521875	0.20700693	0.5239137	0.8620033667213162	0.280740260216953	ENSG00000036549.13	ZZZ3	False
ENST00000614790	465.3941	6.3971996	6.604149	0.20694923	0.5155659	0.8587697515903885	0.28771583842699555	ENSG00000273559.5	CWC25	False
ENST00000262031	248.88452	5.303932	5.5108614	0.2069292	0.63860947	0.9029085361330661	0.1947646462779922	ENSG00000076067.14	RBMS2	False
ENST00000704334	192.72095	4.239556	4.446457	0.20690107	0.90512264	0.9799172804063941	0.043292572961492845	ENSG00000159140.23	SON	False
ENST00000397790	34.710182	2.6576781	2.8644867	0.20680857	0.7045773	0.9224641954060644	0.15207133648136317	ENSG00000131196.18	NFATC1	False
ENST00000553645	338.71313	5.7383466	5.945128	0.20678139	0.71563464	0.9263570135196499	0.145308643303752	ENSG00000119661.15	DNAL1	False
ENST00000236192	73.12575	3.4238033	3.6304975	0.20669413	0.7466458	0.9359070387213771	0.1268853687536149	ENSG00000117533.15	VAMP4	True
ENST00000613102	1775.7004	8.24376	8.450268	0.20650768	0.49851394	0.8546366691640166	0.3023226955748986	ENSG00000278311.5	GGNBP2	False
ENST00000354546	729.28723	7.0983834	7.304838	0.20645475	0.65940726	0.9101539440874783	0.18084627692798785	ENSG00000197043.15	ANXA6	False
ENST00000276420	109.1651	4.2852674	4.4916058	0.2063384	0.69649535	0.9208212130153275	0.15708177609952098	ENSG00000147443.13	DOK2	False
ENST00000689460	108.12511	4.156981	4.363196	0.2062149	0.6296334	0.8998400021113475	0.20091222373769801	ENSG00000167283.9	ATP5MG	False
ENST00000317096	59.917255	3.5308487	3.7369208	0.20607209	0.6376257	0.9021777747040235	0.19543419058156458	ENSG00000175193.14	PARL	False
ENST00000354377	17.752487	1.7594614	1.9654617	0.20600033	0.7466279	0.9359070387213771	0.12689576978098804	ENSG00000196391.11	ZNF774	False
ENST00000308521	204.0199	5.2117076	5.4174366	0.20572901	0.37675136	0.8226842929596185	0.42394516751287603	ENSG00000128394.17	APOBEC3F	False
ENST00000548150	35.39598	2.3001552	2.505861	0.20570588	0.76687276	0.9412607163018049	0.11527668642339174	ENSG00000110911.17	SLC11A2	False
ENST00000643989	30.9	2.6782372	2.8837593	0.20552206	0.7531113	0.9367761286654671	0.12314083436693275	ENSG00000126091.21	ST3GAL3	False
ENST00000547860	64.90969	3.7384722	3.9439235	0.20545125	0.49717245	0.8537766521893764	0.3034929493999033	ENSG00000111145.8	ELK3	False
ENST00000272438	39.2	2.7146804	2.9200916	0.2054112	0.7154356	0.9263524993499126	0.1454294385584743	ENSG00000144043.13	TEX261	False
ENST00000314675	2381.6965	8.760367	8.965714	0.20534706	0.437072	0.842770443628006	0.3594470058920164	ENSG00000158062.21	UBXN11	False
ENST00000296754	182.28195	4.9827447	5.1879826	0.20523787	0.68869567	0.9181087111099138	0.1619726480436668	ENSG00000164307.13	ERAP1	False
ENST00000398659	28.056519	2.0986292	2.3038564	0.20522714	0.8139534	0.9569372134995232	0.08940045856365554	ENSG00000032389.13	EIPR1	False
ENST00000486064	75.9806	3.6068327	3.8119776	0.20514488	0.706951	0.9234034770961242	0.1506106732577113	ENSG00000159214.13	CCDC24	True
ENST00000257575	252.43063	5.3662057	5.571329	0.20512342	0.59194946	0.8844881973044109	0.22771536916322938	ENSG00000135119.15	RNFT2	False
ENST00000330143	135.66185	4.659645	4.8647203	0.20507526	0.54895365	0.8697044944691829	0.26046432105898454	ENSG00000185730.8	ZNF696	False
ENST00000341695	188.82562	4.8654256	5.070391	0.20496559	0.58949476	0.8835878660490217	0.2295200474416069	ENSG00000138777.20	PPA2	False
ENST00000616395	13.220892	1.3289434	1.5337886	0.20484519	0.8571534	0.9679557047014502	0.06694143989677644	ENSG00000054116.12	TRAPPC3	False
ENST00000376503	66.82362	3.496459	3.701224	0.20476508	0.47821125	0.8504371505934152	0.3203802077244143	ENSG00000088386.17	SLC15A1	False
ENST00000494664	172.01537	4.862458	5.067025	0.20456696	0.5798112	0.8801995577646254	0.23671338825745128	ENSG00000113845.10	TIMMDC1	False
ENST00000675916	7.928871	0.56497926	0.76947665	0.2044974	0.7395319	0.9345775597603275	0.1310431026823977	ENSG00000132740.10	IGHMBP2	False
ENST00000314583	922.8236	7.214044	7.4184523	0.20440817	0.5826301	0.8814181349647509	0.23460708407581327	ENSG00000180353.11	HCLS1	False
ENST00000547859	2692.5818	8.880745	9.085064	0.204319	0.54358816	0.8685822893933551	0.26473001011630454	ENSG00000197111.16	PCBP2	True
ENST00000325495	107.44735	4.0518208	4.2561097	0.20428896	0.73924005	0.9345775597603275	0.13121451208016657	ENSG00000099783.13	HNRNPM	False
ENST00000263857	241.44475	5.306139	5.5103006	0.20416164	0.5788795	0.8799660572403326	0.23741184824711023	ENSG00000068654.17	POLR1A	False
ENST00000648599	59.364906	2.6075149	2.8115396	0.20402479	0.87890595	0.9746317798058651	0.05605759446290961	ENSG00000145191.15	EIF2B5	False
ENST00000394035	103.52452	4.1618857	4.3658314	0.20394564	0.70129895	0.9217726749532363	0.1540968100337312	ENSG00000146826.17	TRAPPC14	False
ENST00000002165	56.93614	3.5305521	3.7344656	0.20391345	0.55603856	0.8725429329491033	0.2548950912312134	ENSG00000001036.14	FUCA2	False
ENST00000527958	786.10333	7.120369	7.3242626	0.20389366	0.19781661	0.8093544299533921	0.7037372442124175	ENSG00000168092.14	PAFAH1B2	True
ENST00000285407	16.7	1.4760562	1.679857	0.2038008	0.7781202	0.9445515049239985	0.10895329925441721	ENSG00000155090.15	KLF10	False
ENST00000389474	45.22871	3.1565142	3.3602912	0.20377707	0.57579535	0.8786354755309875	0.23973184485838228	ENSG00000197046.12	SIGLEC15	False
ENST00000679092	3649.382	9.443719	9.647324	0.2036047	0.4035638	0.8303154186824399	0.3940877999735417	ENSG00000196531.14	NACA	False
ENST00000711141	120.9442	4.333943	4.537496	0.2035532	0.45849353	0.8478742186373767	0.3386667877568365	ENSG00000292354.1	SHOX	False
ENST00000381575	120.9442	4.333943	4.537496	0.2035532	0.45849353	0.8478742186373767	0.3386667877568365	ENSG00000185960.15	SHOX	False
ENST00000330387	106.60288	4.1778626	4.381259	0.20339632	0.5846443	0.8819641855083519	0.23310826702966914	ENSG00000182158.16	CREB3L2	False
ENST00000337386	23.328724	1.892745	2.096013	0.20326805	0.76177305	0.939913304152022	0.11817439596563421	ENSG00000138386.17	NAB1	False
ENST00000483400	41.331474	2.790942	2.9941342	0.20319223	0.76383775	0.940187124957039	0.11699887926446285	ENSG00000166839.18	ANKDD1A	True
ENST00000494921	17.612452	1.8000792	2.00327	0.20319068	0.76260394	0.939913304152022	0.11770095607919573	ENSG00000125821.13	DTD1	False
ENST00000680490	28.754038	2.4724166	2.6755595	0.20314288	0.5237598	0.8620025552287899	0.2808678525880411	ENSG00000136943.12	CTSV	False
ENST00000616887	9.823732	1.1745206	1.3775396	0.20301902	0.71347386	0.9256033038204061	0.14662193594512823	ENSG00000261934.3	PCDHGA9	False
ENST00000367797	686.5958	6.7109528	6.9138665	0.20291376	0.6751625	0.9142632374641173	0.1705916911187092	ENSG00000198734.12	F5	False
ENST00000416740	95.27406	3.8515701	4.054432	0.20286179	0.77402997	0.9434603696100943	0.11124222326147526	ENSG00000183785.16	TUBA8	False
ENST00000547342	6.239115	0.870328	1.0731516	0.20282358	0.7741575	0.9435338066563461	0.11117066090544456	ENSG00000135094.11	SDS	False
ENST00000705225	58.359596	2.7377584	2.940412	0.20265365	0.8752684	0.9732432132574479	0.05785875081613175	ENSG00000183023.19	SLC8A1	False
ENST00000243918	206.1	5.392769	5.595308	0.20253897	0.21471539	0.8093544299533921	0.6681368230094485	ENSG00000204070.10	SYS1	False
ENST00000456246	26.342886	2.1244528	2.3269858	0.202533	0.84819007	0.9657887474168751	0.07150681666467669	ENSG00000116062.19	MSH6	False
ENST00000683375	73.05419	3.3491745	3.5516999	0.20252538	0.8308274	0.9617724706824102	0.08048918139282275	ENSG00000251192.8	ZNF674	False
ENST00000395176	94.85918	4.031975	4.23446	0.20248508	0.57668877	0.8791592407063943	0.23905850827955716	ENSG00000176410.8	DNAJC30	False
ENST00000683091	13.332556	1.1207697	1.323236	0.20246625	0.79469746	0.9508949638774769	0.09979817314683766	ENSG00000144426.19	NBEAL1	False
ENST00000700230	7.4035797	0.9610975	1.1634424	0.2023449	0.8000182	0.9529626287922844	0.09690013762342027	ENSG00000153234.16	NR4A2	False
ENST00000703970	88.3986	2.28731	2.4896207	0.2023108	0.91068554	0.9809792967613968	0.04063155952133405	ENSG00000138668.20	HNRNPD	True
ENST00000367186	170.98407	4.954936	5.1571994	0.20226336	0.5580662	0.8731262404848221	0.2533142886282596	ENSG00000213079.10	SCAF8	False
ENST00000434425	17.2965	1.4537306	1.6559291	0.2021985	0.8118001	0.956660864285707	0.0905508876118669	ENSG00000133119.13	RFC3	False
ENST00000672722	85.16256	4.058857	4.261017	0.20215988	0.4574682	0.8478742186373767	0.33963907861233	ENSG00000160007.20	ARHGAP35	False
ENST00000258415	51.3	2.777934	2.979889	0.20195484	0.69934076	0.9212025833663481	0.1553111583969556	ENSG00000135929.9	CYP27A1	False
ENST00000440180	27.951029	2.1328952	2.3348365	0.20194125	0.7578338	0.938541525608948	0.12042604085995921	ENSG00000003402.21	CFLAR	False
ENST00000564734	65.24702	3.43538	3.6372728	0.20189285	0.7975809	0.9518645420234607	0.09822525599515886	ENSG00000128731.18	HERC2	True
ENST00000596193	11.758236	1.3900747	1.5918865	0.20181179	0.77111924	0.9426301048560082	0.11287846248874273	ENSG00000249709.8	ZNF564	False
ENST00000544921	27.198053	1.834761	2.0365596	0.20179856	0.8749703	0.9732060155834779	0.05800668004155769	ENSG00000139146.14	SINHCAF	True
ENST00000260116	127.38011	3.935187	4.1366954	0.20150828	0.6988197	0.9212025833663481	0.15563486251019032	ENSG00000137561.5	TTPA	False
ENST00000452242	101.36407	4.1872783	4.388624	0.20134592	0.7810356	0.9456684473017747	0.10732916914444332	ENSG00000077380.16	DYNC1I2	False
ENST00000689882	63.054157	3.3463266	3.5475821	0.20125556	0.72397	0.9290277801612368	0.14027943221762104	ENSG00000149483.13	TMEM138	True
ENST00000650521	18.592884	2.040106	2.2411854	0.20107937	0.4787285	0.8504371505934152	0.31991071431407014	ENSG00000164008.17	C1orf50	False
ENST00000248248	789.0998	7.10481	7.3058615	0.20105124	0.30414405	0.8118754707110037	0.5169206686220245	ENSG00000103111.15	MON1B	False
ENST00000396058	134.09457	4.546328	4.747277	0.20094872	0.60539275	0.8899892143002557	0.2179627814019296	ENSG00000186448.15	ZNF197	False
ENST00000333598	45.9	3.0835037	3.2843447	0.20084095	0.6857064	0.9173021276178854	0.16386181160242536	ENSG00000183019.8	MCEMP1	False
ENST00000375377	22.286964	2.102708	2.3035035	0.20079541	0.73156834	0.9324883865016633	0.13574509978752686	ENSG00000165757.9	JCAD	False
ENST00000258947	720.1287	7.028908	7.229675	0.20076704	0.41303682	0.8335697861454682	0.38401122817108013	ENSG00000136436.15	CALCOCO2	False
ENST00000330062	360.2409	6.0866666	6.287345	0.20067835	0.3129554	0.8118754707110037	0.5045175374680801	ENSG00000182054.10	IDH2	False
ENST00000555498	178.51599	4.735192	4.9357915	0.20059967	0.66838574	0.9126315394994164	0.1749728216855397	ENSG00000126777.18	KTN1	False
ENST00000705987	344.6941	5.919367	6.1198306	0.20046377	0.4837766	0.85232372583003	0.3153551427903077	ENSG00000125753.15	VASP	False
ENST00000396551	23.454933	1.9024271	2.10288	0.20045292	0.79208386	0.9502251718469603	0.10122883638315877	ENSG00000204599.16	TRIM39	False
ENST00000643466	122.33462	4.3215203	4.5218916	0.20037127	0.71189016	0.9253207749023556	0.14758700936202024	ENSG00000160223.18	ICOSLG	False
ENST00000360663	109.66642	4.354815	4.5551643	0.20034933	0.50554717	0.8558786284660064	0.29623831995073274	ENSG00000107758.16	PPP3CB	False
ENST00000332810	21.1	1.9609658	2.1610382	0.20007241	0.7392708	0.9345775597603275	0.13119644368439382	ENSG00000181026.15	AEN	False
ENST00000338820	101.5963	4.18089	4.3809624	0.20007229	0.7069511	0.9234034770961242	0.15061063664135965	ENSG00000148719.16	DNAJB12	False
ENST00000528413	58.1	3.588526	3.7885773	0.20005131	0.69137526	0.9190096639099691	0.1602861679745782	ENSG00000185507.21	IRF7	True
ENST00000397536	107.15635	4.1508207	4.3506885	0.19986773	0.69288677	0.9195424604733701	0.15933773116197972	ENSG00000188549.13	CCDC9B	False
ENST00000261464	22.374516	2.407843	2.6075952	0.19975209	0.5284138	0.8637495285395624	0.277025871453324	ENSG00000082512.15	TRAF5	False
ENST00000343882	182.21512	5.2564974	5.456235	0.19973755	0.6131535	0.8929980614007832	0.21243077614093164	ENSG00000118689.15	FOXO3	False
ENST00000264350	267.3	5.5389767	5.7386374	0.19966078	0.7952256	0.9511679785657041	0.09950963645462152	ENSG00000138646.9	HERC5	False
ENST00000689006	26.2	1.7794094	1.9790641	0.1996547	0.83919203	0.9638007869725905	0.07613864793333758	ENSG00000165684.6	SNAPC4	False
ENST00000379284	249.66255	5.3562946	5.555756	0.19946146	0.55721575	0.8728453353828223	0.25397661634023433	ENSG00000145990.11	GFOD1	False
ENST00000318911	108.7	4.3369527	4.53637	0.19941711	0.64557827	0.9049129263557762	0.19005109951722807	ENSG00000179091.5	CYC1	False
ENST00000483213	303.93304	5.1576877	5.357089	0.19940138	0.79761374	0.9518645420234607	0.09820737332653705	ENSG00000138185.20	ENTPD1	False
ENST00000299633	409.24945	6.0055566	6.2049522	0.19939566	0.5855593	0.8820984150529122	0.23242911073275171	ENSG00000166503.10	HDGFL3	False
ENST00000397149	297.6004	5.8973393	6.0966253	0.19928598	0.115586184	0.8093544299533921	0.937094074101152	ENSG00000122692.9	SMU1	False
ENST00000584306	18.566046	1.792463	1.991632	0.19916904	0.83784896	0.9632374861020546	0.0768342643803114	ENSG00000176809.11	LRRC37A3	False
ENST00000688324	27.283792	1.6079179	1.8069698	0.19905186	0.8396137	0.9639547285790802	0.0759204960140425	ENSG00000082805.21	ERC1	False
ENST00000615093	40.56922	2.4886703	2.6877124	0.19904208	0.78518254	0.9473086112519176	0.10502936872040562	ENSG00000172780.17	RAB43	False
ENST00000253462	28.681335	2.3405533	2.5394058	0.19885254	0.7412069	0.9350245071241121	0.1300605555752597	ENSG00000131153.9	GINS2	False
ENST00000641413	30.388126	1.9606606	2.1594963	0.19883573	0.84488755	0.9647067702622658	0.07320108708164262	ENSG00000164073.11	MFSD8	False
ENST00000696128	8.811397	1.0562006	1.2549006	0.19869995	0.8378873	0.9632374861020546	0.07681439887027215	ENSG00000176896.9	TCEANC	False
ENST00000413437	17.68043	1.3627144	1.5613642	0.19864976	0.8359115	0.9627594456463211	0.07783969351944484	ENSG00000101811.15	CSTF2	False
ENST00000281821	60.062744	2.3248794	2.5234962	0.19861674	0.85316664	0.9670574250954352	0.06896613450709609	ENSG00000116106.12	EPHA4	False
ENST00000376729	348.0902	5.8286242	6.0270777	0.19845343	0.58767855	0.8826128203198247	0.23086015931053788	ENSG00000101940.18	WDR13	False
ENST00000567390	7.3868513	1.0219462	1.220386	0.19843984	0.77663153	0.9442272701652389	0.10978497947706922	ENSG00000261649.7	GOLGA6L7	False
ENST00000376345	32.70608	2.3605726	2.5589614	0.19838881	0.72960794	0.9317594251458877	0.1369104485860427	ENSG00000141034.10	GID4	False
ENST00000688770	40.513294	2.9014828	3.099845	0.19836211	0.7954259	0.9512277697385503	0.09940027641773531	ENSG00000122483.18	CCDC18	True
ENST00000706845	8.74745	0.9646055	1.1628127	0.1982072	0.8443443	0.9647067702622658	0.0734804148959588	ENSG00000067208.17	EVI5	True
ENST00000636518	79.090294	2.186566	2.384768	0.1982019	0.8593231	0.9685566206908978	0.06584352141702499	ENSG00000188906.17	LRRK2	True
ENST00000361427	4183.517	9.551765	9.749954	0.19818878	0.4028302	0.830273436445602	0.39487796368692724	ENSG00000198830.12	HMGN2	False
ENST00000399503	1158.4	7.706531	7.9047117	0.19818068	0.38161877	0.823716002720574	0.41837027487907474	ENSG00000095015.6	MAP3K1	False
ENST00000672630	134.67503	4.4679937	4.666136	0.19814205	0.5967004	0.8865304657230172	0.2242436926330361	ENSG00000143515.20	ATP8B2	False
ENST00000267890	182.6086	5.008411	5.2065234	0.19811249	0.6163929	0.8945130946178907	0.21014236501673453	ENSG00000128881.18	TTBK2	False
ENST00000345807	91.23369	3.7761395	3.9742467	0.19810724	0.7418974	0.9352195071985765	0.12965614845839465	ENSG00000175416.16	CLTB	False
ENST00000590898	18.470566	1.3083376	1.5062397	0.19790208	0.847464	0.965714928002741	0.07187872860175407	ENSG00000141425.18	RPRD1A	False
ENST00000714191	10.934664	1.3146085	1.5122964	0.19768798	0.75314856	0.9367761286654671	0.12311935237614353	ENSG00000156966.8	B3GNT7	False
ENST00000619859	24.2	1.7838243	1.981465	0.19764066	0.76927185	0.9422289471440147	0.11392015909854045	ENSG00000101294.19	HM13	False
ENST00000512805	396.63217	6.1077294	6.305361	0.19763136	0.61524165	0.8941612716974479	0.21095427407013628	ENSG00000204628.12	RACK1	False
ENST00000399273	703.33777	6.7917495	6.9892774	0.19752789	0.64130723	0.9030378888992515	0.1929338606590854	ENSG00000170160.19	CCDC144A	False
ENST00000529634	85.09114	3.703578	3.9010303	0.1974523	0.6537055	0.9073302006622772	0.18461787585520728	ENSG00000010361.14	FUZ	False
ENST00000325954	3519.6023	9.33312	9.530488	0.19736767	0.73763335	0.93417747534728	0.1321594575824601	ENSG00000022840.17	RNF10	False
ENST00000466444	113.22002	4.058358	4.255633	0.19727468	0.7264731	0.930214042416521	0.13878046638146485	ENSG00000111832.13	RWDD1	False
ENST00000518148	94.86211	3.7993076	3.9964933	0.19718575	0.66829914	0.9125752479228533	0.17502909869220387	ENSG00000135722.9	FBXL8	True
ENST00000455895	290.11356	5.710668	5.9078393	0.19717121	0.43902564	0.843416202945035	0.3575101148441484	ENSG00000160058.19	BSDC1	False
ENST00000596894	35.737648	2.5563152	2.753458	0.19714284	0.7620505	0.939913304152022	0.11801624224352476	ENSG00000187187.14	ZNF546	True
ENST00000477571	9.551679	1.3284383	1.525454	0.19701576	0.7267326	0.930214042416521	0.13862535068530785	ENSG00000157800.18	SLC37A3	False
ENST00000379161	78.2	3.9236383	4.1206226	0.19698429	0.36502886	0.8185742609699567	0.43767280005037684	ENSG00000083635.8	NUFIP1	False
ENST00000300145	100.67462	3.9194057	4.1162143	0.19680858	0.76600766	0.9410582432937948	0.1157668864127346	ENSG00000166896.9	ATP23	False
ENST00000579058	41.025715	2.6138706	2.8105817	0.19671106	0.79623365	0.9513914343252948	0.09895947024945953	ENSG00000141627.14	DYM	True
ENST00000696902	300.98932	5.8385224	6.0349603	0.19643784	0.24218607	0.8093544299533921	0.6158508410371292	ENSG00000135077.10	HAVCR2	False
ENST00000557006	30.556355	2.494503	2.6909156	0.19641256	0.7550793	0.9373869750740955	0.12200741877728175	ENSG00000198133.9	TMEM229B	False
ENST00000240100	13.5540085	1.6641885	1.8605325	0.19634402	0.74296474	0.9352336696717043	0.12903179404952186	ENSG00000120875.9	DUSP4	False
ENST00000367926	46.2	2.9150174	3.1112275	0.19621015	0.7269079	0.9302394203585684	0.13852060589851098	ENSG00000117143.14	UAP1	False
ENST00000234677	303.6	5.9184184	6.114545	0.19612646	0.45005855	0.8472032355844986	0.3467309837077291	ENSG00000031698.13	SARS1	False
ENST00000433785	5.761702	0.89095706	1.0870667	0.1961096	0.75683296	0.938284370301133	0.12099996428084044	ENSG00000164068.16	RNF123	False
ENST00000455982	115.88387	4.3728704	4.5689178	0.1960473	0.7812265	0.9456684473017747	0.10722302465562893	ENSG00000139726.11	DENR	False
ENST00000697237	54.787598	1.3992914	1.5953367	0.19604528	0.9106216	0.9809792967613968	0.040662060301432434	ENSG00000143669.16	LYST	False
ENST00000376554	728.33	7.09623	7.292244	0.19601393	0.40729317	0.831725697822197	0.39009287190830816	ENSG00000102572.15	STK24	False
ENST00000532036	93.05897	3.6967294	3.8927186	0.19598913	0.8585477	0.9684663890382288	0.06623557719942542	ENSG00000100614.18	PPM1A	False
ENST00000537505	149.25058	4.1985183	4.3945007	0.19598246	0.8837214	0.9756673191917686	0.05368462258307734	ENSG00000029725.17	RABEP1	False
ENST00000326294	56.702015	2.823355	3.01928	0.195925	0.8438485	0.9646143871601687	0.07373550363348796	ENSG00000213402.3	PTPRCAP	False
ENST00000397061	174.49179	5.1177487	5.3134003	0.19565153	0.54884577	0.8697044944691829	0.2605496801909797	ENSG00000213965.4	NUDT19	False
ENST00000321331	211.483	5.2758784	5.4713006	0.19542217	0.47878036	0.8504371505934152	0.3198636739296825	ENSG00000181061.14	HIGD1A	False
ENST00000215095	68.63927	3.308952	3.5043573	0.19540524	0.65625876	0.9088467530791782	0.18292488516779118	ENSG00000099365.11	STX1B	False
ENST00000371627	52.8	3.3882844	3.5836713	0.19538689	0.644615	0.9045208976433791	0.19069959649026566	ENSG00000107854.7	TNKS2	False
ENST00000710380	52.8	3.3882844	3.5836713	0.19538689	0.644615	0.9045208976433791	0.19069959649026566	ENSG00000107854.7	TNKS2	False
ENST00000616296	24.06393	1.8653189	2.0606377	0.19531882	0.83761424	0.9632374861020546	0.07695594887202853	ENSG00000204520.14	MICA	False
ENST00000373857	2285.9456	8.551303	8.7463665	0.19506359	0.6918528	0.9190707643921263	0.1599862920656166	ENSG00000169403.12	PTAFR	False
ENST00000556816	96.73079	4.091787	4.286841	0.19505405	0.46486583	0.8492019855291293	0.33267237220499635	ENSG00000165898.14	ISCA2	False
ENST00000699524	187.8011	4.3230166	4.518042	0.19502544	0.8755214	0.9733295571151658	0.05773322354271087	ENSG00000122432.19	SPATA1	False
ENST00000539224	29.0	2.4704149	2.6653647	0.19494987	0.83020383	0.9617724706824102	0.08081526678577033	ENSG00000132740.10	IGHMBP2	False
ENST00000261303	601.1732	6.716719	6.9114256	0.19470644	0.45178083	0.8472077019271466	0.34507220502874286	ENSG00000100764.14	PSMC1	False
ENST00000395468	528.1956	6.605246	6.799923	0.19467688	0.28648266	0.8109740254625081	0.5429016565652065	ENSG00000168175.16	MAPK1IP1L	False
ENST00000316097	15.234752	1.6914701	1.8860644	0.19459426	0.6853716	0.9173021276178854	0.16407390966212723	ENSG00000227500.11	SCAMP4	False
ENST00000373210	910.042	7.1442857	7.3388224	0.19453669	0.6301497	0.8998400021113475	0.20055625093336846	ENSG00000134698.11	AGO4	False
ENST00000351500	44.531982	2.0910008	2.2854373	0.19443655	0.8844917	0.9758134587490691	0.053306246932479956	ENSG00000123349.15	PFDN5	True
ENST00000251343	906.256	7.285606	7.480032	0.19442606	0.49627504	0.8537766521893764	0.3042775691244343	ENSG00000100441.10	KHNYN	False
ENST00000427499	52.241203	3.1690528	3.3633833	0.19433045	0.71782386	0.9272141667828993	0.1439821082627936	ENSG00000106245.11	BUD31	True
ENST00000563663	162.45801	4.601895	4.796211	0.19431591	0.77857	0.9445930724984782	0.10870233664107795	ENSG00000140497.16	SCAMP2	True
ENST00000499676	456.1604	6.2116637	6.4059777	0.194314	0.5800798	0.8802063166690811	0.23651226216128501	ENSG00000114126.18	TFDP2	False
ENST00000316161	83.628815	3.7674873	3.961771	0.19428372	0.6310158	0.8998872743584793	0.19995978174842588	ENSG00000180432.6	CYP8B1	False
ENST00000530678	30.241497	2.5272088	2.7214885	0.19427967	0.82493293	0.9603060401966621	0.08358135820829726	ENSG00000172273.13	HINFP	True
ENST00000695028	351.22626	5.341642	5.5358887	0.19424677	0.8139657	0.9569372134995232	0.0893939072435723	ENSG00000038274.18	MAT2B	False
ENST00000409761	61.15638	3.3428783	3.5370789	0.19420052	0.82337487	0.9597767554024879	0.08440239347045193	ENSG00000105926.16	PALS2	False
ENST00000375571	234.1	5.2999034	5.4939327	0.19402933	0.6882432	0.9178436063724108	0.1622580643326973	ENSG00000101367.9	MAPRE1	False
ENST00000361624	4718.0	9.720983	9.91479	0.1938076	0.44620764	0.8459831455694948	0.3504629954794733	ENSG00000198804.2	MT-CO1	False
ENST00000697277	68.93045	3.2075136	3.4012678	0.1937542	0.8531478	0.9670574250954352	0.06897572238348801	ENSG00000122432.19	SPATA1	False
ENST00000360091	741.152	6.9738464	7.1674805	0.19363403	0.40177834	0.8298121044971967	0.3960134795452487	ENSG00000182944.18	EWSR1	False
ENST00000548545	24.043636	1.9277282	2.1212776	0.1935494	0.72453594	0.9291173189122098	0.13994006559817554	ENSG00000198015.14	MRPL42	False
ENST00000519595	217.29697	4.1761346	4.369591	0.19345665	0.8623655	0.9700337015692152	0.06430863423653187	ENSG00000129295.10	DNAAF11	False
ENST00000369151	1348.8148	7.757115	7.9504976	0.19338274	0.48184994	0.8509312444741072	0.3170881919923161	ENSG00000151893.15	CACUL1	False
ENST00000345728	64.05613	2.660711	2.8540075	0.19329643	0.89264053	0.9774122552991641	0.049323397556648656	ENSG00000149781.14	FERMT3	False
ENST00000541932	20.253866	1.6784478	1.8716893	0.19324148	0.75389385	0.9368931756534089	0.12268979820757225	ENSG00000102755.13	FLT1	False
ENST00000297156	51.92768	2.366544	2.5597537	0.19320965	0.89464635	0.9783218069333237	0.04834860723889391	ENSG00000164615.6	CAMLG	False
ENST00000456306	17.38301	1.3625456	1.5554814	0.19293582	0.8445169	0.9647067702622658	0.07339166884750968	ENSG00000102103.18	PQBP1	True
ENST00000602377	41.43143	2.9768598	3.1697636	0.19290376	0.6595303	0.9101539440874783	0.18076525923435416	ENSG00000141098.13	GFOD2	False
ENST00000534277	6.930543	1.2191181	1.4119271	0.19280899	0.4439197	0.8455994575468359	0.3526955929757337	ENSG00000197302.11	KRBOX5	False
ENST00000515118	6.4	0.58738524	0.780116	0.19273078	0.76871294	0.9420509999805221	0.11423580947098426	ENSG00000169026.13	SLC49A3	False
ENST00000311417	372.17963	6.18323	6.375535	0.19230509	0.5732033	0.8775212295380638	0.2416912988348456	ENSG00000172667.11	ZMAT3	False
ENST00000379887	829.3458	7.282345	7.474647	0.19230223	0.38238233	0.823716002720574	0.41750218108430837	ENSG00000166233.15	ARIH1	False
ENST00000579793	36.120754	2.7863185	2.9784043	0.19208574	0.6025359	0.8890598736852637	0.2200170695708419	ENSG00000264343.7	NOTCH2NLA	True
ENST00000317502	56.443737	3.3734982	3.5655541	0.19205594	0.71857524	0.9276299127137834	0.1435277518852028	ENSG00000148824.19	MTG1	False
ENST00000323013	344.22232	6.059014	6.251034	0.19201994	0.30086067	0.8118754707110037	0.5216345770759752	ENSG00000189306.11	RRP7A	False
ENST00000354855	18.717701	1.61066	1.8026617	0.1920017	0.7904637	0.9495309400752145	0.10211807682182011	ENSG00000150045.12	KLRF1	True
ENST00000274255	158.27052	4.7145905	4.9065676	0.19197702	0.54093415	0.8677958347030249	0.26685560367028116	ENSG00000145604.17	SKP2	False
ENST00000356454	53.00126	3.2142718	3.4062428	0.19197106	0.6998589	0.9212025833663481	0.1549895077582347	ENSG00000198142.5	SOWAHC	False
ENST00000485734	34.487156	2.5115464	2.7034116	0.1918652	0.76470774	0.9407861862454446	0.11650451173047974	ENSG00000157800.18	SLC37A3	False
ENST00000519628	175.40457	4.6079082	4.7997284	0.19182014	0.75962704	0.9388412636289906	0.11939958193115012	ENSG00000134516.20	DOCK2	False
ENST00000338732	46.19285	2.7276888	2.9192436	0.19155478	0.8828675	0.9754664979068259	0.05410446265513262	ENSG00000106003.14	LFNG	False
ENST00000685023	269.04913	5.3767295	5.5681715	0.19144201	0.8078024	0.9554692138169575	0.09269487208447422	ENSG00000153015.17	CWC27	False
ENST00000505669	24.1	2.0973675	2.2887878	0.19142032	0.74177897	0.9352195071985765	0.1297254835506929	ENSG00000145882.11	PCYOX1L	False
ENST00000375321	26.992718	2.0626323	2.2539485	0.19131613	0.8500117	0.9659481202504552	0.0705750931455075	ENSG00000107968.10	MAP3K8	False
ENST00000613575	27.617407	2.3240948	2.515319	0.19122434	0.8101221	0.9562106393972939	0.09144953482004313	ENSG00000145996.11	CDKAL1	True
ENST00000377191	1409.5	7.9119225	8.102808	0.19088554	0.6391627	0.9030065409848047	0.1943885642577404	ENSG00000088930.8	XRN2	False
ENST00000311151	184.5	5.0727572	5.2636385	0.19088125	0.6582035	0.909774240431507	0.1816398241351358	ENSG00000092964.18	DPYSL2	False
ENST00000636079	292.8079	5.573408	5.764136	0.19072771	0.64960027	0.9059168869193345	0.18735380498796428	ENSG00000269720.3	CCDC194	False
ENST00000380729	202.84009	5.1054754	5.296178	0.19070244	0.6068942	0.8902000191870786	0.21688701650008496	ENSG00000183474.16	GTF2H2C	False
ENST00000261187	447.1651	6.358313	6.5489774	0.19066429	0.41695023	0.8364760235955293	0.3799157866031005	ENSG00000118596.12	SLC16A7	False
ENST00000376236	2146.3364	8.495599	8.68622	0.19062138	0.6412845	0.9030378888992515	0.1929492397598063	ENSG00000077420.16	APBB1IP	False
ENST00000334494	149.44778	4.8525124	5.042932	0.19041967	0.6953505	0.9205726868545954	0.15779621138597336	ENSG00000160310.19	PRMT2	False
ENST00000403627	249.7024	5.4220366	5.6121745	0.19013786	0.69347703	0.9197041494523714	0.15896791660251458	ENSG00000133193.13	VCF1	False
ENST00000636182	2645.8413	8.844926	9.034955	0.19002914	0.49628788	0.8537766521893764	0.304266328675971	ENSG00000266094.8	RASSF5	False
ENST00000308132	7.8	1.0898641	1.279747	0.18988287	0.7756282	0.9441831755219591	0.11034640428673402	ENSG00000174137.14	FAM53A	False
ENST00000266661	8.244383	0.97268295	1.162554	0.18987107	0.7249326	0.9292743254121232	0.13970236313389306	ENSG00000127325.19	BEST3	False
ENST00000507943	6009.3076	9.920534	10.110387	0.18985271	0.6654638	0.9114266241602699	0.17687556097062848	ENSG00000038219.13	BOD1L1	False
ENST00000695568	27.747477	2.2875102	2.4770606	0.1895504	0.6663417	0.9121320556567012	0.1763029931672262	ENSG00000140545.16	MFGE8	False
ENST00000611551	175.19513	4.970501	5.159977	0.18947601	0.5818744	0.8811550578047072	0.2351707714592839	ENSG00000274180.1	NATD1	False
ENST00000498451	27.705822	2.33519	2.5246255	0.18943548	0.8093189	0.9560831276025769	0.09188031736487531	ENSG00000124383.11	MPHOSPH10	False
ENST00000253099	11.7	1.3350395	1.5244329	0.1893934	0.6715974	0.913296195544647	0.17289098015474713	ENSG00000105364.14	MRPL4	False
ENST00000355684	67.46755	3.6145847	3.8038535	0.18926883	0.6491343	0.9059168869193345	0.18766545683351335	ENSG00000197857.16	ZNF44	False
ENST00000697897	40.861595	2.1266854	2.3156996	0.1890142	0.8921745	0.9773556645080953	0.04955020245170766	ENSG00000126524.12	SBDS	False
ENST00000512701	394.70096	6.1223216	6.3113313	0.18900967	0.5563164	0.8725429329491033	0.2546781559758463	ENSG00000155158.20	TTC39B	False
ENST00000591619	23.937366	2.2713094	2.460276	0.18896651	0.7462966	0.935882830083255	0.12708854590484617	ENSG00000150477.15	KIAA1328	False
ENST00000374078	15.642517	1.693169	1.8821177	0.18894875	0.75961953	0.9388412636289906	0.11940387568050632	ENSG00000125995.16	ROMO1	False
ENST00000477563	31.772745	2.0113022	2.200201	0.1888988	0.8822123	0.9752783780703216	0.05442690072668804	ENSG00000162521.19	RBBP4	True
ENST00000698269	37.67814	2.3486934	2.5375116	0.18881822	0.8324067	0.9620066277152278	0.0796644330104494	ENSG00000185339.10	TCN2	False
ENST00000399229	100.37936	3.1250203	3.3137045	0.18868423	0.9046747	0.9799172804063941	0.04350755068402793	ENSG00000197535.16	MYO5A	False
ENST00000355665	821.90234	7.078364	7.2670274	0.18866348	0.6319485	0.9002255149083827	0.19931833254451245	ENSG00000083896.13	YTHDC1	False
ENST00000535032	44.27059	2.1129096	2.301451	0.18854141	0.8332168	0.9622308638046718	0.07924198913144666	ENSG00000141219.16	C17orf80	False
ENST00000695304	32.02756	1.6594125	1.8479495	0.188537	0.90463495	0.9799172804063941	0.043526636351055366	ENSG00000149262.19	INTS4	False
ENST00000289248	9.148043	0.791996	0.9805244	0.18852842	0.7777273	0.9443932203025419	0.109172652763032	ENSG00000158315.11	RHBDL2	False
ENST00000703427	7.249939	0.77293307	0.9614564	0.18852335	0.81372416	0.9569372134995232	0.08952278922333821	ENSG00000133884.11	DPF2	False
ENST00000582512	20.299221	1.1614741	1.3499914	0.18851733	0.8768074	0.9737462252016386	0.0570957976639218	ENSG00000166685.13	COG1	False
ENST00000367128	10.57183	1.1177753	1.3059523	0.18817699	0.7992308	0.952655972834198	0.09732778043329327	ENSG00000196550.11	FAM72A	False
ENST00000531287	26.86491	2.46089	2.6490457	0.18815565	0.86995655	0.9718268126027476	0.06050243619884151	ENSG00000167257.11	RNF214	False
ENST00000683506	50.653667	3.440457	3.6285748	0.18811774	0.7651177	0.9408412036750549	0.11627174832012267	ENSG00000070808.17	CAMK2A	False
ENST00000267838	225.1	5.3535905	5.5416546	0.1880641	0.66012543	0.9103157985469302	0.18037353371382553	ENSG00000140280.14	LYSMD2	False
ENST00000265068	253.93977	5.291585	5.4796324	0.18804741	0.65636957	0.9088750251813885	0.18285156355165869	ENSG00000114656.13	CFAP92	False
ENST00000615665	6.075932	1.1280696	1.315958	0.18788838	0.6361285	0.9016915978332832	0.1964551567117818	ENSG00000145687.17	SSBP2	False
ENST00000633556	991.72186	7.558102	7.74593	0.18782806	0.4692008	0.8496539504698483	0.32864126539437666	ENSG00000112297.18	CRYBG1	False
ENST00000344862	442.11832	6.272988	6.4607525	0.18776464	0.4387989	0.843416202945035	0.3577344654305091	ENSG00000129317.15	PUS7L	False
ENST00000250087	55.188183	3.1556718	3.3432317	0.18755984	0.79946995	0.9527796250141717	0.09719785680009899	ENSG00000129221.16	AIPL1	False
ENST00000715679	29.351475	2.4834156	2.670696	0.18728042	0.6321275	0.9002255149083827	0.19919529967354982	ENSG00000293600.2	ENSG00000293600	False
ENST00000323146	29.351475	2.4834156	2.670696	0.18728042	0.6321275	0.9002255149083827	0.19919529967354982	ENSG00000176087.17	SLC35A4	False
ENST00000296161	336.41968	5.9282913	6.1154356	0.18714428	0.6846788	0.9173021276178854	0.16451312363831921	ENSG00000163840.10	DTX3L	False
ENST00000468084	24.7	2.1355035	2.3226	0.18709636	0.7468013	0.9359070387213771	0.1267949249870203	ENSG00000197982.14	C1orf122	False
ENST00000507045	30.06568	1.6233139	1.8103759	0.18706203	0.8484659	0.9657887474168751	0.0713655973918871	ENSG00000196417.13	ZNF765	True
ENST00000372599	41.10983	2.1038802	2.2908876	0.18700743	0.86828077	0.9712385662512119	0.061339818086678786	ENSG00000136802.12	LRRC8A	False
ENST00000423494	262.75452	5.583727	5.7706037	0.18687677	0.4533417	0.8472077019271466	0.3435743381421678	ENSG00000184154.16	LRRC51	False
ENST00000335295	121779.02	14.362107	14.548868	0.1867609	0.81781983	0.9580175559429005	0.0873423611500911	ENSG00000244734.4	HBB	False
ENST00000414468	206.41678	5.1203456	5.3070545	0.18670893	0.5547351	0.8719910230509131	0.2559143350681079	ENSG00000204524.7	ZNF805	True
ENST00000696750	58.48893	2.974776	3.1613426	0.18656659	0.8059883	0.9552005372235465	0.0936712561746243	ENSG00000113302.6	IL12B	True
ENST00000366466	99.193375	4.0780034	4.26445	0.18644667	0.8230574	0.9597574746967461	0.08456986913358085	ENSG00000165264.11	NDUFB6	True
ENST00000558468	198.11546	4.9854054	5.17175	0.18634462	0.6761102	0.9146704529817763	0.16998250695754638	ENSG00000259529.2	ENSG00000259529	False
ENST00000344629	7.8506927	1.2109112	1.3972011	0.1862899	0.7328412	0.9328989707216432	0.13499012656270526	ENSG00000114026.22	OGG1	False
ENST00000372014	97.9	4.0363426	4.2225413	0.18619871	0.74318045	0.9353710680599431	0.12890572114612237	ENSG00000180992.7	MRPL14	False
ENST00000469858	515.67554	6.615229	6.801325	0.18609571	0.5061483	0.8558786284660064	0.29572223574249945	ENSG00000113810.16	SMC4	False
ENST00000261296	13.1	1.5372938	1.7233053	0.18601155	0.7097781	0.9243984843433756	0.14887742289453323	ENSG00000088451.11	TGDS	False
ENST00000489418	141.75534	4.6515555	4.8374977	0.18594217	0.4092449	0.8323007445595858	0.3880167293753807	ENSG00000163950.13	SLBP	False
ENST00000377507	508.2702	6.3771725	6.562926	0.18575335	0.5155589	0.8587697515903885	0.2877217129018989	ENSG00000049249.10	TNFRSF9	False
ENST00000375440	52.65254	1.6115586	1.7972076	0.18564904	0.9155962	0.9823556595241376	0.038296024558533454	ENSG00000139842.15	CUL4A	False
ENST00000646641	118.74422	4.3996673	4.585245	0.18557787	0.7094773	0.9241863331934966	0.1490614920907166	ENSG00000267534.4	S1PR2	False
ENST00000641064	97.65742	3.9509256	4.1364603	0.18553472	0.58961064	0.8835878660490217	0.22943469065749728	ENSG00000184166.3	OR1D2	False
ENST00000340611	105.3	4.274874	4.460341	0.18546677	0.62898904	0.8998400021113475	0.20135692138961608	ENSG00000106009.16	BRAT1	False
ENST00000219439	61.402386	3.556915	3.74226	0.18534493	0.362871	0.8185742609699567	0.4402477489454633	ENSG00000103160.12	HSDL1	False
ENST00000378714	34.603783	2.8619525	3.0472813	0.18532872	0.6567401	0.909001728958572	0.18260644607239618	ENSG00000065328.17	MCM10	False
ENST00000657172	85.33768	4.0359044	4.2211833	0.18527889	0.55257297	0.8710701841073433	0.2576103665574254	ENSG00000112992.18	NNT	False
ENST00000610020	3608.075	9.126784	9.311914	0.18513012	0.53204536	0.865635036834895	0.2740513363893152	ENSG00000122484.9	RPAP2	False
ENST00000547992	476.11826	6.2951684	6.480277	0.18510866	0.5418519	0.8677958347030249	0.2661194169427172	ENSG00000135452.10	TSPAN31	False
ENST00000314761	18.83785	1.9956378	2.1806307	0.18499291	0.8439507	0.9646143871601687	0.07368292800795735	ENSG00000115368.10	WDR75	False
ENST00000681435	984.57587	7.569389	7.754342	0.18495321	0.30788633	0.8118754707110037	0.5116095899209533	ENSG00000196230.14	TUBB	False
ENST00000570487	43.37738	3.0369358	3.221767	0.18483114	0.7853348	0.9473372535610051	0.10494514341872496	ENSG00000029725.17	RABEP1	True
ENST00000672178	29.78366	2.3097773	2.4942653	0.18448806	0.8145258	0.9569937170418915	0.08909516394685205	ENSG00000101868.13	POLA1	False
ENST00000427255	29.7889	2.3126142	2.4969473	0.18433309	0.7923934	0.9502251718469603	0.10105915791594125	ENSG00000166143.10	PPP1R14D	False
ENST00000641527	32.938507	1.573757	1.7580501	0.18429303	0.8834427	0.9756673191917686	0.05382161358251344	ENSG00000177535.10	OR2B11	False
ENST00000367368	30.055054	2.1885602	2.3727689	0.18420863	0.79240704	0.9502251718469603	0.1010516769906931	ENSG00000120256.11	LRP11	False
ENST00000429912	18.036509	1.621976	1.8060046	0.18402863	0.88129306	0.9750662084249124	0.054879650634095604	ENSG00000188739.15	RBM34	False
ENST00000696229	357.61975	6.0077806	6.1916676	0.183887	0.45538685	0.8473426594424552	0.34161951708040666	ENSG00000188112.10	C6orf132	False
ENST00000665648	24.042439	2.316213	2.500049	0.18383622	0.87674874	0.9737462252016386	0.05712484924929017	ENSG00000162601.12	MYSM1	False
ENST00000418561	23.91946	1.3658838	1.5496237	0.1837399	0.83906126	0.9638007869725905	0.07620632998687324	ENSG00000052841.16	TTC17	False
ENST00000593511	16.035868	1.9601197	2.1438172	0.18369746	0.7116486	0.9252573768236176	0.14773441080230318	ENSG00000171017.11	LRRC8E	True
ENST00000458535	10.178612	1.190447	1.3740559	0.18360889	0.8563792	0.967743812755714	0.06733388397421688	ENSG00000170293.9	CMTM8	False
ENST00000680899	1061.4402	7.6381054	7.821412	0.1833067	0.62497264	0.8981746216663314	0.20413899372715533	ENSG00000166598.16	HSP90B1	False
ENST00000296425	119.28446	4.4914155	4.6747	0.18328428	0.6982752	0.9212025833663481	0.1559733768540356	ENSG00000164040.18	PGRMC2	False
ENST00000258412	7.9757905	0.7270445	0.91027725	0.18323272	0.8305759	0.9617724706824102	0.0806206832229432	ENSG00000135926.15	TMBIM1	False
ENST00000233336	564.1043	6.6867795	6.8699045	0.18312502	0.33719215	0.8158433703746901	0.47212254713424173	ENSG00000114999.8	TTL	False
ENST00000556492	87.226036	4.0493207	4.2324386	0.18311787	0.58285373	0.8814375403501482	0.2344404165483219	ENSG00000139977.14	NAA30	False
ENST00000645176	37.090733	2.6370976	2.8200188	0.18292117	0.8425712	0.9643619989817128	0.07439339015942854	ENSG00000156500.16	PABIR3	False
ENST00000465506	156.84805	4.6964126	4.8792534	0.18284082	0.408342	0.8322411833574862	0.388975944372873	ENSG00000090266.13	NDUFB2	False
ENST00000641833	24.642612	2.3234882	2.5061748	0.18268657	0.5969463	0.8865304657230172	0.2240647359793697	ENSG00000184166.3	OR1D2	False
ENST00000456530	95.059074	3.8667452	4.049269	0.18252397	0.8058589	0.9552005372235465	0.0937409878918558	ENSG00000174748.22	RPL15	False
ENST00000615392	15.281179	1.1097564	1.2916976	0.18194127	0.8300983	0.9617724706824102	0.08087049053076079	ENSG00000164117.14	FBXO8	False
ENST00000562519	90.115585	4.197159	4.3788304	0.18167162	0.39467943	0.8290075231731883	0.4037555108211844	ENSG00000157349.17	DDX19B	True
ENST00000305885	12.598796	1.1993283	1.3809958	0.18166745	0.8274043	0.9612421074538889	0.08228221579305299	ENSG00000168496.4	FEN1	False
ENST00000336755	138.47885	4.496264	4.6779127	0.18164873	0.670333	0.9132738921569098	0.17370938204571493	ENSG00000147905.18	ZCCHC7	False
ENST00000559971	86.640976	3.5416257	3.723232	0.1816063	0.8487696	0.9658083343271138	0.07121018111866985	ENSG00000138613.14	APH1B	False
ENST00000361264	1013.3	7.556495	7.738084	0.18158865	0.7795632	0.9450069992259602	0.10814867671939501	ENSG00000198876.13	DCAF12	False
ENST00000263863	1023.3696	7.298158	7.4796352	0.18147707	0.7757619	0.9441897587930264	0.11027155241464712	ENSG00000115523.17	GNLY	False
ENST00000622174	195.96915	4.9749837	5.1564517	0.18146801	0.5888867	0.8832368248660645	0.2299682701691857	ENSG00000171777.17	RASGRP4	False
ENST00000329620	22.4957	1.488503	1.669805	0.18130207	0.79812765	0.9521242876859368	0.09792764275387697	ENSG00000183066.15	WBP2NL	False
ENST00000527390	168.94655	4.9273767	5.1085877	0.181211	0.5405606	0.8677958347030249	0.2671556095096709	ENSG00000077254.14	USP33	True
ENST00000342771	117.4319	4.026907	4.208073	0.18116617	0.8550635	0.9674857380353281	0.06800163285568359	ENSG00000158321.19	AUTS2	False
ENST00000290158	3786.093	9.420498	9.601638	0.18113995	0.5635843	0.8750364609798353	0.24904109237073713	ENSG00000108424.11	KPNB1	False
ENST00000696682	19.36236	1.8931886	2.074232	0.1810435	0.7134394	0.9256033038204061	0.14664290721240494	ENSG00000187790.12	FANCM	False
ENST00000262262	130.08621	4.4603586	4.6412334	0.18087482	0.5663302	0.8757924607363589	0.24693028290191316	ENSG00000105383.15	CD33	False
ENST00000269187	97.54811	4.084995	4.2656593	0.18066454	0.59583306	0.8862576109065107	0.22487540119717303	ENSG00000141424.13	SLC39A6	False
ENST00000304385	1725.1465	8.143241	8.323795	0.18055439	0.58005553	0.8802063166690811	0.23653042485118372	ENSG00000170006.13	TMEM154	False
ENST00000615152	97.319855	4.159827	4.340164	0.18033695	0.73023957	0.9319445888756163	0.1365346372474336	ENSG00000171848.16	RRM2	False
ENST00000539945	27.847132	2.421966	2.602265	0.1802988	0.6796294	0.9160714841034383	0.16772785159205686	ENSG00000014641.21	MDH1	False
ENST00000233114	27.847132	2.421966	2.602265	0.1802988	0.6796294	0.9160714841034383	0.16772785159205686	ENSG00000014641.21	MDH1	False
ENST00000607778	213.8914	5.224443	5.4047136	0.18027067	0.6140533	0.8932734406294509	0.21179392399919914	ENSG00000272047.4	GTF2H5	True
ENST00000394266	312.50397	5.849152	6.029326	0.18017387	0.60475963	0.8899892143002557	0.2184172048008559	ENSG00000103037.12	SETD6	False
ENST00000327064	47.408638	3.0151222	3.1952834	0.18016124	0.6649896	0.9112769672266469	0.17718515283357197	ENSG00000142453.13	CARM1	False
ENST00000710361	47.408638	3.0151222	3.1952834	0.18016124	0.6649896	0.9112769672266469	0.17718515283357197	ENSG00000142453.13	CARM1	False
ENST00000369163	72.8	3.4868424	3.666859	0.18001652	0.8225489	0.9596230182737303	0.08483826042200818	ENSG00000278828.2	H3C10	False
ENST00000406360	1550.8586	8.165833	8.345847	0.18001366	0.639303	0.9030065409848047	0.19429323816898544	ENSG00000118689.15	FOXO3	False
ENST00000545721	300.1712	5.7713933	5.951399	0.18000555	0.59905696	0.8872137205946347	0.2225318823361469	ENSG00000137497.19	NUMA1	False
ENST00000046794	852.21045	7.2918143	7.471813	0.17999887	0.6250731	0.8981775639567521	0.20406920770872236	ENSG00000043462.13	LCP2	False
ENST00000541507	76.45797	3.5389996	3.7189012	0.1799016	0.82703644	0.9611478742423897	0.08247535440873349	ENSG00000003056.8	M6PR	False
ENST00000216727	1077.1255	7.6935654	7.8734636	0.17989826	0.204192	0.8093544299533921	0.6899612820616741	ENSG00000100836.11	PABPN1	False
ENST00000442720	35.720192	2.4181874	2.5980039	0.17981648	0.87501395	0.9732060155834779	0.057985024385331284	ENSG00000129810.15	SGO1	False
ENST00000409652	1045.8126	7.6029983	7.7827816	0.17978334	0.66392463	0.9108073128400928	0.1778812168628003	ENSG00000221963.6	APOL6	False
ENST00000644028	12.620427	1.0317783	1.21137	0.17959166	0.8587256	0.9684663890382288	0.06614558614681285	ENSG00000143971.9	ETAA1	False
ENST00000598555	26.860895	2.2533724	2.4329467	0.17957425	0.756977	0.9383410234848046	0.1209173034627826	ENSG00000090554.13	FLT3LG	False
ENST00000425375	10.429926	1.1985141	1.3780227	0.17950857	0.86897326	0.9714645671804724	0.06099358985314087	ENSG00000100284.22	TOM1	False
ENST00000610854	43.9	2.8343704	3.013877	0.17950654	0.75121295	0.936603159209308	0.12423693135356258	ENSG00000277586.4	NEFL	False
ENST00000480716	112.46389	4.131901	4.3113875	0.17948675	0.76272726	0.939913304152022	0.11763073124067727	ENSG00000175787.17	ZNF169	True
ENST00000368328	17.269157	1.9253272	2.1045952	0.179268	0.786568	0.9479270330289515	0.10426373372271924	ENSG00000203760.9	CENPW	False
ENST00000638867	25.172474	1.7604235	1.9396604	0.17923689	0.85806465	0.9682522704940816	0.06647998869297915	ENSG00000109339.24	MAPK10	False
ENST00000317449	37.65693	2.393755	2.5729804	0.17922544	0.7574903	0.9384303956788781	0.12062293714414113	ENSG00000177363.5	LRRN4CL	False
ENST00000574617	17.606712	2.009516	2.1886964	0.17918038	0.7545495	0.9371003902398674	0.12231226242749607	ENSG00000196388.9	INCA1	False
ENST00000369172	41.83466	2.2274265	2.4064867	0.17906022	0.87849635	0.9745354193411873	0.05626003914782184	ENSG00000165669.14	FAM204A	False
ENST00000373337	220.49731	5.294792	5.4738183	0.17902613	0.6468924	0.9052892647937676	0.18916793206271826	ENSG00000243749.2	TMEM35B	False
ENST00000283131	742.6161	7.044497	7.223406	0.17890882	0.5642522	0.8751947053619213	0.24852674068517572	ENSG00000153147.6	SMARCA5	False
ENST00000521264	130.62263	4.7021413	4.8810177	0.1788764	0.5864878	0.8824937645522923	0.231740995578112	ENSG00000177556.12	ATOX1	False
ENST00000329021	789.19916	7.1080723	7.2869377	0.17886543	0.65576756	0.9085418967760476	0.18325007113601088	ENSG00000235568.7	NFAM1	False
ENST00000355943	96.58952	3.704382	3.883211	0.17882895	0.7981849	0.9521242876859368	0.09789650783606706	ENSG00000164209.17	SLC25A46	False
ENST00000527355	82.32237	3.9078996	4.0862994	0.1783998	0.64638996	0.9051749436239888	0.18950539699022403	ENSG00000167792.13	NDUFV1	True
ENST00000388711	33.499218	2.457576	2.6359196	0.17834353	0.8603492	0.9690881056548954	0.06532525173597242	ENSG00000135052.16	GOLM1	False
ENST00000583195	129.72568	4.599405	4.777704	0.17829895	0.5297446	0.864564552068749	0.27593344104457973	ENSG00000263874.3	LASP1NB	False
ENST00000248437	1905.9592	8.486095	8.664075	0.17797947	0.63301456	0.9007526731184061	0.19858630081276452	ENSG00000127824.15	TUBA4A	False
ENST00000314028	613.2	6.6070676	6.784891	0.17782354	0.72231895	0.9285152025899402	0.1412709929113827	ENSG00000141551.15	CSNK1D	False
ENST00000336615	537.7	6.5565715	6.734297	0.17772532	0.68792635	0.9178436063724108	0.16245805394705298	ENSG00000177666.17	PNPLA2	False
ENST00000536435	368.8518	6.0410786	6.218734	0.17765522	0.48384523	0.85232372583003	0.3152935325794727	ENSG00000090612.22	ZNF268	False
ENST00000251691	40.266777	2.922371	3.0999963	0.17762542	0.71209055	0.9253601269841094	0.1474647764900657	ENSG00000112379.9	ARFGEF3	False
ENST00000449742	7.3277574	1.1300937	1.3076422	0.17754853	0.8501847	0.966053446452757	0.07048672561223343	ENSG00000204613.11	TRIM10	False
ENST00000377103	135.4	3.8752003	4.0527444	0.17754412	0.8429363	0.9643619989817128	0.07420525505984954	ENSG00000178726.7	THBD	False
ENST00000488633	526.0875	6.5392137	6.7165475	0.17733383	0.35779455	0.8181067039981493	0.446366275289172	ENSG00000144021.3	CIAO1	False
ENST00000395138	121.74001	4.546622	4.7239494	0.17732763	0.13326891	0.8093544299533921	0.8752711619444348	ENSG00000261052.6	SULT1A3	False
ENST00000543766	119.25227	4.432881	4.6101336	0.17725277	0.6368568	0.9018991094981259	0.19595821352396373	ENSG00000048707.15	VPS13D	True
ENST00000396175	96.29187	4.10455	4.281743	0.17719316	0.5531091	0.8716420492177921	0.2571891888815578	ENSG00000182606.17	TRAK1	False
ENST00000342374	890.1257	7.3227773	7.4999447	0.17716742	0.32425073	0.8142173533113395	0.48911904031993375	ENSG00000132824.14	SERINC3	False
ENST00000599612	32.800823	2.5725183	2.7495139	0.17699552	0.7743433	0.9436458611095361	0.11106644841582144	ENSG00000254858.10	MPV17L2	False
ENST00000650567	20.2	2.054902	2.2317264	0.17682433	0.7983365	0.9521242876859368	0.09781401109717708	ENSG00000158079.16	PTPDC1	False
ENST00000292852	15.59556	1.5928626	1.7696857	0.17682314	0.80822873	0.9556108891518913	0.09246571518950737	ENSG00000269190.6	FBXO17	False
ENST00000467311	10.997307	0.699941	0.8766695	0.17672855	0.8643709	0.9705231554257557	0.06329987133267438	ENSG00000168807.17	SNTB2	False
ENST00000471462	52.30813	2.9943619	3.1710117	0.17664981	0.78795826	0.9487391148423194	0.10349678510197377	ENSG00000157303.11	SUSD3	True
ENST00000307671	36.100304	2.6593652	2.8358784	0.1765132	0.8555892	0.9675263843306977	0.06773470053612703	ENSG00000166377.21	ATP9B	False
ENST00000297477	343.72275	5.869991	6.046451	0.17646027	0.5553391	0.8723568062898063	0.25544174947397724	ENSG00000164855.16	TMEM184A	False
ENST00000681052	12861.241	11.227097	11.403475	0.17637825	0.22605027	0.8093544299533921	0.6457949649329873	ENSG00000184009.13	ACTG1	False
ENST00000335117	203.42447	5.0144567	5.190833	0.17637634	0.7193581	0.9277426487041898	0.14305486995745834	ENSG00000256229.8	ZNF486	False
ENST00000695579	169.81241	4.1783943	4.354609	0.1762147	0.8681414	0.9712385662512119	0.06140952624259146	ENSG00000163568.16	AIM2	False
ENST00000370435	844.6051	6.9192615	7.0953374	0.17607594	0.70417565	0.9222985764678387	0.15231899600434665	ENSG00000119900.9	OGFRL1	False
ENST00000340990	800.9	7.125692	7.3017178	0.17602587	0.80485165	0.9552005372235465	0.09428416063338936	ENSG00000159346.13	ADIPOR1	False
ENST00000469154	45.2423	2.847481	3.02345	0.17596889	0.79875046	0.9523818186631933	0.09758887864309851	ENSG00000082014.17	SMARCD3	True
ENST00000517661	18.35672	1.2730105	1.4488654	0.17585492	0.82210094	0.9596230182737303	0.0850748566083047	ENSG00000198363.18	ASPH	False
ENST00000689326	307.6439	5.828752	6.0045943	0.17584229	0.6992001	0.9212025833663481	0.15539852214503747	ENSG00000165671.22	NSD1	False
ENST00000367942	322.16263	5.688473	5.864154	0.17568064	0.6310398	0.8998872743584793	0.19994324991665147	ENSG00000118217.7	ATF6	False
ENST00000275418	97.59149	3.64276	3.8183594	0.17559934	0.9104024	0.9809361663924436	0.04076659786485277	ENSG00000117868.18	ESYT2	False
ENST00000374005	2710.0881	8.801592	8.977103	0.17551136	0.53080016	0.8648242843919811	0.27506895183261865	ENSG00000000938.13	FGR	False
ENST00000380155	1513.6995	8.040458	8.215838	0.1753807	0.59006137	0.8837537276609903	0.22910281925339288	ENSG00000169895.6	SYAP1	False
ENST00000240093	5.996133	1.0868045	1.2621799	0.17537534	0.504588	0.855803731079597	0.29706307516811437	ENSG00000104290.11	FZD3	False
ENST00000323169	36.590195	2.4550292	2.6302927	0.1752634	0.84197533	0.9642057731152803	0.07470063253173369	ENSG00000177599.13	ZNF491	False
ENST00000480484	412.9322	6.016947	6.192117	0.17517042	0.7428772	0.9352336696717043	0.12908297915440167	ENSG00000140365.16	COMMD4	True
ENST00000617257	325.29987	5.891836	6.0669193	0.17508316	0.5819884	0.8811765252655305	0.23508567576062572	ENSG00000089048.15	ESF1	False
ENST00000556422	195.9	4.4997196	4.6748023	0.17508268	0.8647261	0.9705666349144022	0.06312141937469672	ENSG00000070269.14	TMEM260	False
ENST00000617930	56.41203	3.3706362	3.5456762	0.17504	0.71693885	0.92711982117781	0.1445178831362602	ENSG00000088038.20	CNOT3	False
ENST00000389384	12.66499	0.76846623	0.94325954	0.1747933	0.8763799	0.9737016537242172	0.05730758811963946	ENSG00000087152.16	ATXN7L3	False
ENST00000215570	233.70235	5.449934	5.624707	0.17477322	0.73570865	0.9332952846121519	0.13329413544781876	ENSG00000099800.8	TIMM13	True
ENST00000361733	504.63052	6.014487	6.1889997	0.17451286	0.89554834	0.9786202452457206	0.047910965016066266	ENSG00000198909.8	MAP3K3	False
ENST00000628306	23.6012	2.158997	2.3333876	0.17439055	0.87312704	0.9726684539396364	0.05892256022683289	ENSG00000126247.11	CAPNS1	False
ENST00000366675	30.268661	2.5196946	2.6940613	0.17436671	0.7538653	0.9368931756534089	0.12270624563393474	ENSG00000135801.11	TAF5L	False
ENST00000534775	12.624014	1.6322774	1.8065138	0.17423642	0.85344017	0.9671751916955986	0.06882692176134225	ENSG00000110536.14	PTPMT1	False
ENST00000261918	10.9	1.295436	1.4694254	0.17398942	0.8353026	0.9626844520213611	0.07815617129867415	ENSG00000138623.10	SEMA7A	False
ENST00000397292	75.07696	3.4882934	3.662278	0.17398453	0.83463395	0.962643068203717	0.07850395554267244	ENSG00000137055.15	PLAA	False
ENST00000396101	607.95715	6.7672215	6.941086	0.17386436	0.60294574	0.889403574545228	0.21972176532416532	ENSG00000204482.11	LST1	False
ENST00000359445	26.779531	1.7940025	1.9678599	0.17385733	0.87221116	0.9724547537241448	0.05937836165878035	ENSG00000140598.16	EFL1	False
ENST00000357640	629.7	6.897841	7.0716877	0.17384672	0.30828816	0.8118754707110037	0.5110431585505509	ENSG00000162777.17	DENND2D	False
ENST00000395855	47.893635	2.9069068	3.0806696	0.1737628	0.7852058	0.9473086112519176	0.10501651135571914	ENSG00000196338.15	NLGN3	False
ENST00000227471	108.0	4.168728	4.3424654	0.17373753	0.75340915	0.9367964491441557	0.1229691112610443	ENSG00000110057.9	UNC93B1	False
ENST00000441730	28.916088	1.7464551	1.9201328	0.17367768	0.8623664	0.9700337015692152	0.06430818397578901	ENSG00000096070.19	BRPF3	False
ENST00000527900	11.95633	0.71892875	0.8925991	0.17367035	0.8709541	0.9721311470800204	0.06000473390329743	ENSG00000171316.14	CHD7	False
ENST00000376957	19.419773	2.0236142	2.197233	0.1736188	0.8066036	0.9552005372235465	0.09333983833696687	ENSG00000116649.10	SRM	False
ENST00000371703	167.4346	4.8792872	5.052888	0.17360067	0.5464779	0.8693177891645862	0.2624273855607073	ENSG00000148688.14	RPP30	False
ENST00000398148	760.2594	7.0787015	7.2520404	0.17333889	0.6275431	0.8990447799084473	0.20235644693520446	ENSG00000088247.19	KHSRP	False
ENST00000543897	350.15634	5.855959	6.029269	0.17331028	0.58436114	0.8819641855083519	0.2333186753515892	ENSG00000033030.16	ZCCHC8	False
ENST00000518116	6.8056364	0.7871111	0.9604037	0.17329258	0.7649971	0.9408412036750549	0.11634019718815834	ENSG00000188343.14	CIBAR1	False
ENST00000369727	53.611034	3.1290987	3.302236	0.17313743	0.7947228	0.9508949638774769	0.09978432968853845	ENSG00000156384.15	SFR1	False
ENST00000266027	205.76665	3.4525368	3.6256526	0.17311573	0.9342014	0.98706867455622	0.02955947721424102	ENSG00000114353.17	GNAI2	False
ENST00000588268	48.53925	3.1734447	3.3465264	0.17308164	0.7996087	0.9527796250141717	0.09712248523009306	ENSG00000197808.14	ZNF461	False
ENST00000563276	34.208637	2.5355752	2.7085178	0.17294264	0.7955786	0.9512430531498312	0.09931690788995894	ENSG00000229809.9	ZNF688	False
ENST00000551319	10.203836	1.0444634	1.2173129	0.17284954	0.854443	0.9673135122840025	0.06831689686926945	ENSG00000139626.16	ITGB7	False
ENST00000644902	292.91733	5.5102444	5.683081	0.17283678	0.7096507	0.9242924535598779	0.14895536736879775	ENSG00000109756.10	RAPGEF2	False
ENST00000610213	387.47754	6.2432733	6.4159603	0.17268705	0.27597043	0.8093544299533921	0.5591374510184159	ENSG00000272886.6	DCP1A	False
ENST00000647766	42.986256	2.7992287	2.9717247	0.17249608	0.9075549	0.9805622461051541	0.04212708234663742	ENSG00000163389.12	POGLUT1	False
ENST00000299314	272.9048	5.6696877	5.842102	0.1724143	0.65051913	0.9062377297493507	0.18673992574874343	ENSG00000111670.16	GNPTAB	False
ENST00000277865	251.29166	5.4958053	5.668217	0.17241192	0.57579327	0.8786354755309875	0.23973341835238268	ENSG00000148672.10	GLUD1	False
ENST00000571406	36.503048	2.36546	2.5377827	0.17232275	0.89366204	0.9779602245737771	0.048826691363902074	ENSG00000140750.17	ARHGAP17	False
ENST00000458707	64.37984	3.5099976	3.6822705	0.17227292	0.6367124	0.9018991094981259	0.1960567110428334	ENSG00000004766.17	VPS50	False
ENST00000416904	372.2735	6.185557	6.3578258	0.17226887	0.6689016	0.9127366894097521	0.1746377507463097	ENSG00000139651.11	ZNF740	False
ENST00000324198	292.5049	5.680691	5.8529286	0.17223787	0.31646898	0.8118754707110037	0.4996688473719979	ENSG00000100077.16	GRK3	False
ENST00000373095	666.2	6.9905343	7.1626577	0.17212343	0.51885283	0.8594868130311181	0.28495581018946065	ENSG00000167106.12	EEIG1	False
ENST00000261890	179.06999	4.880312	5.052409	0.1720972	0.6615278	0.9104548772915186	0.17945189213698295	ENSG00000103769.10	RAB11A	False
ENST00000206451	1548.8925	8.235747	8.407837	0.17208958	0.6201796	0.8963498366072686	0.20748252792254396	ENSG00000092010.15	PSME1	False
ENST00000521452	1960.011	8.621604	8.793598	0.17199421	0.70668304	0.9234034770961242	0.15077533159201809	ENSG00000253304.2	TMEM200B	False
ENST00000520663	7.187931	0.9141204	1.0860051	0.17188472	0.84112763	0.9640760333298781	0.0751380986644409	ENSG00000133742.14	CA1	False
ENST00000321394	345.0867	6.0963902	6.2681375	0.17174721	0.5009461	0.8548764927378353	0.30020899622019764	ENSG00000120438.12	TCP1	False
ENST00000335514	90.475685	3.9677134	4.1392775	0.1715641	0.73953176	0.9345775597603275	0.13104317268876603	ENSG00000130770.18	ATP5IF1	False
ENST00000692910	48.93061	2.8762922	3.04775	0.17145777	0.8668905	0.9710546236986305	0.06203576131115427	ENSG00000118600.13	RXYLT1	False
ENST00000296666	127.941284	4.481977	4.6534257	0.17144871	0.7615291	0.939913304152022	0.11831350332538126	ENSG00000164244.22	PRRC1	False
ENST00000372007	43.27599	3.2386067	3.4100394	0.17143273	0.43483433	0.842654100473947	0.36167617458052914	ENSG00000077264.17	PAK3	False
ENST00000446716	169.9	5.0691276	5.240552	0.17142439	0.631474	0.9002255149083827	0.19964451372190017	ENSG00000284820.1	ENSG00000284820	False
ENST00000361739	2286.2	8.720977	8.892334	0.17135715	0.44535378	0.845708078626981	0.35129486088944717	ENSG00000198712.1	MT-CO2	False
ENST00000356978	757.4464	7.256723	7.4280767	0.17135382	0.5410497	0.8677958347030249	0.26676282429635045	ENSG00000198668.14	CALM1	False
ENST00000232607	63.896477	3.5888445	3.7601676	0.17132306	0.69879156	0.9212025833663481	0.15565234688141083	ENSG00000114491.14	UMPS	False
ENST00000544367	49.584816	1.8584734	2.0295887	0.17111528	0.88428426	0.9757721701424954	0.05340810626710619	ENSG00000211455.8	STK38L	True
ENST00000683101	22.914307	1.6185107	1.7895138	0.1710031	0.79620475	0.9513914343252948	0.09897523813679392	ENSG00000244588.6	RAD21L1	False
ENST00000329410	433.36392	6.23056	6.4014874	0.17092752	0.5826978	0.8814375403501482	0.23455661508784886	ENSG00000185905.4	C16orf54	False
ENST00000281129	21.225147	1.5734553	1.7443452	0.17088985	0.8795289	0.9747123089375246	0.055749895523705816	ENSG00000100629.17	CEP128	False
ENST00000615670	92.4	4.225153	4.3959727	0.17081976	0.76811284	0.9417990937927123	0.11457497601329819	ENSG00000275342.6	PRAG1	False
ENST00000311052	124.368515	4.0187964	4.1894712	0.1706748	0.8485274	0.9657887474168751	0.07133414360419449	ENSG00000153048.11	CARHSP1	True
ENST00000225174	346.0	5.6168733	5.787544	0.17067051	0.75416046	0.9369928905979511	0.12253623883470656	ENSG00000108179.14	PPIF	False
ENST00000683445	49.24505	2.4031107	2.5737767	0.17066598	0.87798685	0.9744280771769698	0.05651198948104622	ENSG00000160799.12	CCDC12	False
ENST00000553956	38.732315	2.4060524	2.576674	0.17062163	0.8733013	0.9726684539396364	0.05883587980763716	ENSG00000258890.8	CEP95	True
ENST00000696309	87.84334	3.46496	3.6353521	0.17039204	0.85309	0.9670574250954352	0.06900515484522948	ENSG00000122417.16	ODF2L	True
ENST00000312106	6.8	0.7571055	0.9274317	0.17032617	0.722073	0.9285152025899402	0.14141888283164214	ENSG00000175294.6	CATSPER1	False
ENST00000509163	248.33206	4.777666	4.947938	0.17027187	0.8981691	0.9790856921506778	0.04664189005123216	ENSG00000113391.19	ARB2A	False
ENST00000395856	956.7804	7.3215556	7.4917946	0.17023897	0.74267673	0.9352336696717043	0.12920018057106736	ENSG00000084676.16	NCOA1	False
ENST00000678559	28.628658	2.1702528	2.340322	0.17006922	0.7916467	0.9499382730870168	0.10146858384914778	ENSG00000158864.13	NDUFS2	False
ENST00000338042	60.090557	2.841943	3.0119104	0.16996741	0.8962095	0.9787378548850815	0.04759046726785002	ENSG00000068305.19	MEF2A	False
ENST00000705985	60.090557	2.841943	3.0119104	0.16996741	0.8962095	0.9787378548850815	0.04759046726785002	ENSG00000068305.19	MEF2A	False
ENST00000409617	6.2846546	0.7406532	0.9105876	0.16993439	0.86274	0.9700337015692152	0.0641200758615556	ENSG00000140264.22	SERF2	False
ENST00000451237	61.1	3.084109	3.2540355	0.1699264	0.82221586	0.9596230182737303	0.08501415279838972	ENSG00000235863.4	B3GALT4	False
ENST00000553457	54.237354	3.2553637	3.4252384	0.16987467	0.71829045	0.9274363347079551	0.14369990876715508	ENSG00000119599.17	DCAF4	False
ENST00000621833	394.65228	6.124586	6.2942905	0.16970444	0.80661416	0.9552005372235465	0.09333415799240927	ENSG00000138867.17	GUCD1	False
ENST00000675164	397.24298	5.8068986	5.976602	0.16970348	0.7531918	0.9367761286654671	0.12309440022960302	ENSG00000076685.19	NT5C2	True
ENST00000643927	6218.091	10.088314	10.257929	0.16961479	0.63511044	0.9016178897355179	0.1971507496887251	ENSG00000166501.14	PRKCB	False
ENST00000491297	165.85152	4.816259	4.985813	0.16955423	0.6748101	0.9142632374641173	0.1708184184575415	ENSG00000152763.17	DNAI4	True
ENST00000330964	477.6451	6.378615	6.54797	0.16935492	0.6161832	0.8944279309061053	0.21029013169026237	ENSG00000185088.14	RPS27L	False
ENST00000632009	78.759705	3.5505269	3.7198467	0.16931987	0.76340747	0.940089844663147	0.11724359544675116	ENSG00000132793.12	LPIN3	False
ENST00000645161	9.207655	1.3252672	1.4945724	0.1693052	0.6567633	0.909001728958572	0.18259111357864033	ENSG00000126091.21	ST3GAL3	False
ENST00000319555	25.916265	2.5635846	2.7328014	0.16921687	0.63347745	0.9008682131522836	0.19826884055642854	ENSG00000179588.9	ZFPM1	False
ENST00000505599	121.58949	4.5463376	4.715525	0.16918755	0.55810314	0.8731262404848221	0.25328553080472105	ENSG00000188981.11	MSANTD1	False
ENST00000354866	89.08407	4.0120864	4.1812263	0.16913986	0.7560199	0.9379412011107189	0.12146677839093772	ENSG00000103126.15	AXIN1	False
ENST00000560302	220.34761	4.953173	5.1222973	0.16912413	0.78097075	0.9456684473017747	0.10736523037232776	ENSG00000170776.22	AKAP13	False
ENST00000525354	51.582325	2.954827	3.1238608	0.16903377	0.8107809	0.9563933529011291	0.09109649996050477	ENSG00000213967.12	ZNF726	False
ENST00000370487	65.4	3.6475728	3.8165455	0.16897273	0.5653732	0.8756247794447481	0.24766479552240603	ENSG00000101189.7	MRGBP	False
ENST00000424266	271.751	5.5570045	5.7259626	0.16895819	0.70579326	0.9227805806219989	0.1513224923279475	ENSG00000124596.17	OARD1	False
ENST00000279488	1716.8109	8.214468	8.383368	0.16889954	0.6060061	0.8901216863280665	0.21752301436896482	ENSG00000139318.8	DUSP6	False
ENST00000646891	102.95426	4.063326	4.2321215	0.16879559	0.7177088	0.9272141667828993	0.14405171297377992	ENSG00000157764.14	BRAF	False
ENST00000263063	332.0976	5.962583	6.1313415	0.16875839	0.38353264	0.823835243286134	0.4161976663704689	ENSG00000107951.15	MTPAP	False
ENST00000314222	12.8	1.3031896	1.4718716	0.16868198	0.82336044	0.9597767554024879	0.08441000174154914	ENSG00000181649.8	PHLDA2	False
ENST00000377648	19.3	1.5693393	1.7376857	0.1683464	0.8445903	0.9647067702622658	0.07335390746282448	ENSG00000116273.6	PHF13	False
ENST00000646632	5.2612267	0.8013107	0.96956587	0.16825515	0.82579017	0.960587705660065	0.08313029281769854	ENSG00000145354.12	CISD2	False
ENST00000602465	202.17337	5.101564	5.2695684	0.16800451	0.5847884	0.8819641855083519	0.23300126406016555	ENSG00000204130.14	RUFY2	False
ENST00000580398	76.60469	1.873027	2.0410168	0.16798985	0.90378034	0.9799172804063941	0.043937109589941514	ENSG00000178691.11	SUZ12	False
ENST00000510784	4889.516	9.608397	9.776386	0.16798973	0.74811	0.9359746432369647	0.1260345421326036	ENSG00000111913.20	RIPOR2	False
ENST00000392349	247.26114	3.267372	3.4353213	0.16794944	0.9319517	0.9864446161608946	0.030606594356625962	ENSG00000128699.14	ORMDL1	False
ENST00000640815	14.756609	1.4459796	1.6138533	0.16787374	0.77941656	0.9450069992259602	0.1082303705095451	ENSG00000164199.18	ADGRV1	False
ENST00000469078	89.9091	4.1895347	4.3574057	0.167871	0.59941447	0.8872137205946347	0.22227277888302138	ENSG00000213988.11	ZNF90	False
ENST00000340857	15.6	1.6794553	1.8472936	0.16783834	0.8630992	0.9701164326970539	0.06393927717122316	ENSG00000189060.6	H1-0	False
ENST00000680960	103.811424	4.245502	4.4132524	0.16775036	0.70732886	0.9234034770961242	0.15037862419920198	ENSG00000086189.11	DIMT1	False
ENST00000290650	97.04664	3.9784825	4.1459646	0.16748214	0.7330141	0.9329101757326953	0.13488766734394353	ENSG00000159459.12	UBR1	False
ENST00000376511	360.6	6.023575	6.19104	0.16746521	0.68645597	0.9174340039208425	0.16338731677041277	ENSG00000204569.10	PPP1R10	False
ENST00000296327	13.7	1.5740644	1.74152	0.16745567	0.79447246	0.9508949638774769	0.09992115500028093	ENSG00000163959.10	SLC51A	False
ENST00000379923	5.571694	0.87880945	1.0462081	0.16739869	0.8712742	0.9721955167052022	0.05984515934710509	ENSG00000122729.19	ACO1	False
ENST00000368905	341.2265	5.98342	6.150794	0.16737413	0.485507	0.8529349174042961	0.3138044938790694	ENSG00000163156.12	SCNM1	False
ENST00000373109	386.753	6.2771263	6.4444833	0.16735697	0.7033527	0.92220189075705	0.1528268473846444	ENSG00000107742.14	SPOCK2	False
ENST00000495132	14.003159	1.629156	1.7963829	0.16722691	0.89584386	0.9786202452457206	0.04776767687225102	ENSG00000138190.17	EXOC6	False
ENST00000473559	21.271055	1.8818365	2.0489023	0.16706574	0.81022835	0.9562445977198518	0.09139256605452098	ENSG00000285458.1	C4orf36	False
ENST00000489746	60.59789	3.5367584	3.7037346	0.16697621	0.70308965	0.922182151926897	0.15298929240773088	ENSG00000175455.16	CCDC14	False
ENST00000679457	306.76404	4.8562417	5.0230007	0.16675901	0.9200562	0.9839073973936909	0.03618563246954234	ENSG00000127914.19	AKAP9	False
ENST00000577730	18.450018	1.8012546	1.9680053	0.16675067	0.8362145	0.9627884956331257	0.0776823149740478	ENSG00000150394.14	CDH8	False
ENST00000692518	50.736893	3.1718996	3.3384447	0.16654515	0.83216715	0.9620066277152278	0.07978943282047629	ENSG00000064313.13	TAF2	True
ENST00000582252	37.187386	2.0171547	2.1835837	0.16642904	0.88765407	0.9762929623608356	0.051756253209268036	ENSG00000108588.15	CCDC47	False
ENST00000392086	148.2212	4.8589587	5.024989	0.1660304	0.7179316	0.9272141667828993	0.14391691355366848	ENSG00000135924.17	DNAJB2	False
ENST00000225614	48.686333	2.9026396	3.0686295	0.16598988	0.8198753	0.9586982370975586	0.08625219721426432	ENSG00000108479.13	GALK1	False
ENST00000281928	370.578	5.8817444	6.0476727	0.16592836	0.6115455	0.8924767740121592	0.21357122296593056	ENSG00000123066.9	MED13L	False
ENST00000341567	335.9328	5.9712963	6.1372213	0.16592503	0.5040964	0.8556848333281974	0.297486413695632	ENSG00000106609.16	TMEM248	False
ENST00000369643	17.590744	1.5646386	1.7305229	0.16588426	0.867857	0.9710997026003259	0.06155183955635783	ENSG00000071889.17	FAM3A	False
ENST00000442995	329.73102	5.998586	6.1644583	0.1658721	0.34656343	0.81719736681995	0.4602172684474749	ENSG00000242028.8	HYPK	False
ENST00000344922	219.1296	5.4594417	5.6250033	0.16556168	0.708338	0.9237315579253875	0.14975944547765957	ENSG00000154305.18	MIA3	False
ENST00000440757	9.371977	1.0799041	1.2454302	0.16552615	0.7911024	0.9498024925976432	0.10176729280788353	ENSG00000249884.8	RNF103-CHMP3	False
ENST00000495186	9.5	1.3699898	1.535185	0.16519523	0.80751747	0.9553196282027449	0.09284807385440191	ENSG00000147155.11	EBP	False
ENST00000396403	149.22845	4.746663	4.911816	0.16515303	0.6937758	0.9198200683019081	0.15878086998127616	ENSG00000198346.11	ZNF813	False
ENST00000446285	663.7	6.81019	6.975226	0.16503572	0.78322804	0.9465150449517197	0.10611177308562196	ENSG00000115758.14	ODC1	False
ENST00000560448	29.713974	2.0908968	2.2556207	0.16472387	0.8760009	0.973643073359719	0.05749545696209828	ENSG00000160199.15	PKNOX1	False
ENST00000308022	327.05426	5.8158665	5.980581	0.16471434	0.45247224	0.8472077019271466	0.34440806065925306	ENSG00000172663.9	TMEM134	False
ENST00000441143	11.206667	1.5503148	1.7149378	0.16462302	0.79929036	0.952655972834198	0.09729542542567474	ENSG00000123636.19	BAZ2B	True
ENST00000359933	126.60781	4.5156426	4.6802225	0.16457987	0.6162377	0.8944279309061053	0.21025173608263825	ENSG00000066739.12	ATG2B	False
ENST00000638128	775.8406	7.087696	7.2522573	0.16456127	0.65163577	0.9064197091743617	0.18599508679000773	ENSG00000169554.23	ZEB2	False
ENST00000476961	6.3302317	0.6268746	0.7913526	0.164478	0.8103115	0.9562445977198518	0.0913479995158167	ENSG00000154529.15	CNTNAP3B	False
ENST00000237380	848.57776	7.1199512	7.2843056	0.16435432	0.43842226	0.8433778173202353	0.35810740089995224	ENSG00000118579.13	MED28	False
ENST00000283646	122.2	4.3901997	4.554209	0.16400957	0.8749773	0.9732060155834779	0.058003218614163354	ENSG00000153574.9	RPIA	False
ENST00000418919	376.52982	6.1287136	6.292627	0.16391325	0.64826035	0.9058007019088778	0.18825053729430388	ENSG00000135677.11	GNS	False
ENST00000420713	58.317333	3.2990963	3.462906	0.16380954	0.74974465	0.936236640367669	0.12508662243551494	ENSG00000182111.9	ZNF716	False
ENST00000536575	742.1742	7.117142	7.280901	0.16375875	0.52665085	0.8628966334781174	0.2784772138338809	ENSG00000115947.14	ORC4	False
ENST00000423462	71.607506	2.8374588	3.0011833	0.16372442	0.90323865	0.9799172804063941	0.04419748503454791	ENSG00000165983.15	PTER	False
ENST00000677246	22.2	2.0546827	2.2183022	0.16361952	0.7888155	0.9488973448629912	0.10302456512737865	ENSG00000164889.15	SLC4A2	False
ENST00000357799	58.598747	3.2884293	3.451993	0.16356373	0.7421546	0.9352336696717043	0.12950561740659358	ENSG00000163535.18	SGO2	False
ENST00000309007	52.620323	3.2329776	3.3962727	0.16329503	0.6852324	0.9173021276178854	0.16416210980918838	ENSG00000113758.14	DBN1	False
ENST00000311832	35.759003	2.366772	2.5299056	0.16313362	0.82514983	0.9603427955829557	0.0834671832818648	ENSG00000173163.11	COMMD1	False
ENST00000341071	126.77144	4.5878654	4.7509766	0.16311121	0.6564621	0.9089405325384252	0.18279035993396647	ENSG00000160058.19	BSDC1	False
ENST00000224073	219.48642	5.511558	5.6746087	0.16305065	0.47778645	0.8504371505934152	0.32076616954695447	ENSG00000107223.13	EDF1	False
ENST00000676712	1262.4401	7.908924	8.07193	0.16300583	0.51313764	0.8578599976407133	0.28976612874110835	ENSG00000067560.14	RHOA	False
ENST00000261416	12.112267	1.1638681	1.326841	0.16297293	0.83302575	0.9622308638046718	0.07934157190748187	ENSG00000049860.14	HEXB	False
ENST00000340020	306.3	5.7880454	5.9509716	0.1629262	0.7458572	0.935882830083255	0.12734432566242532	ENSG00000186063.13	AIDA	True
ENST00000366922	52.0	3.1456559	3.3085217	0.16286588	0.814344	0.9569937170418915	0.08919210503455398	ENSG00000067704.10	IARS2	False
ENST00000373178	120.9	4.523373	4.686175	0.16280174	0.72867787	0.9313879942172696	0.13746442051951235	ENSG00000116863.11	ADPRS	False
ENST00000619129	20.372154	2.213497	2.3762288	0.16273189	0.7885547	0.9488973448629912	0.10316815996712543	ENSG00000086848.15	ALG9	False
ENST00000355476	232.69206	2.1958544	2.3584073	0.16255283	0.9360757	0.987643340702197	0.02868903449383117	ENSG00000168214.22	RBPJ	False
ENST00000487950	67.58783	3.676117	3.8385196	0.16240263	0.67600477	0.9146508694593368	0.17005024125364598	ENSG00000112130.17	RNF8	False
ENST00000426086	96.1	4.26193	4.424219	0.16228914	0.66849315	0.9127162251325818	0.1749030374812051	ENSG00000173511.10	VEGFB	False
ENST00000377075	11.8	1.475121	1.6373457	0.16222465	0.7516095	0.9367004660724456	0.12400773681332976	ENSG00000158158.12	CNNM4	False
ENST00000652167	10.280214	1.5052983	1.66748	0.16218174	0.8405568	0.9640760333298781	0.07543293391779246	ENSG00000204677.14	FAM153CP	False
ENST00000431623	152.2176	4.7875314	4.949584	0.16205263	0.5601526	0.8737130051602651	0.2516936514091732	ENSG00000047315.17	POLR2B	False
ENST00000371477	714.9048	6.9750805	7.1371174	0.1620369	0.34771895	0.81719736681995	0.45877163537157545	ENSG00000096401.8	CDC5L	False
ENST00000254286	170.04665	4.7961087	4.958035	0.16192627	0.567271	0.8758872921733283	0.24620942229964005	ENSG00000131966.14	ACTR10	False
ENST00000572991	128.29848	4.1647577	4.326633	0.16187525	0.8039781	0.9551009493725148	0.09475578889876962	ENSG00000228696.11	ARL17B	False
ENST00000378509	130.30879	4.539127	4.70067	0.16154289	0.72158414	0.9285152025899402	0.1417130201465148	ENSG00000205060.11	SLC35B4	False
ENST00000341871	42.378357	2.7566063	2.9179752	0.16136885	0.81766695	0.9580175559429005	0.08742355717036572	ENSG00000187824.9	TMEM220	False
ENST00000312263	284.9105	5.581371	5.742711	0.16134024	0.83436733	0.962643068203717	0.07864270670911921	ENSG00000143164.16	DCAF6	False
ENST00000352981	110.59363	4.580357	4.7415986	0.16124153	0.59537524	0.8857731799485989	0.22520923052319913	ENSG00000138794.10	CASP6	False
ENST00000361627	41.40478	2.9155095	3.0764835	0.16097403	0.8194426	0.958526645353252	0.08648147810945142	ENSG00000198826.11	ARHGAP11A	False
ENST00000680272	1071.0543	7.6934853	7.8544364	0.16095114	0.60349375	0.8899095328739771	0.21932722318576903	ENSG00000044574.9	HSPA5	False
ENST00000372708	808.9484	6.7781434	6.9390583	0.1609149	0.8411034	0.9640760333298781	0.07515062439848251	ENSG00000084070.12	SMAP2	False
ENST00000429568	26.238031	1.3627862	1.5236797	0.16089356	0.90042776	0.9795430635977802	0.0455511248868997	ENSG00000163882.10	POLR2H	False
ENST00000303319	41.380127	2.606426	2.7672575	0.16083145	0.7977013	0.9518645420234607	0.09815970062670101	ENSG00000168288.13	MMADHC	False
ENST00000371543	89.09086	3.815481	3.9763045	0.16082358	0.78005046	0.9453305219172914	0.10787730464133731	ENSG00000138190.17	EXOC6	False
ENST00000504445	50.319416	2.9743652	3.1351132	0.160748	0.9029502	0.9799172804063941	0.04433618835961413	ENSG00000145246.14	ATP10D	False
ENST00000643716	114.07112	4.3983016	4.5590296	0.16072798	0.73489654	0.9332857513397641	0.1337737969579768	ENSG00000119866.22	BCL11A	True
ENST00000471196	145.22763	3.5725543	3.7331986	0.1606443	0.9290196	0.985911074098404	0.031975137238034336	ENSG00000163848.21	ZNF148	False
ENST00000303965	221.77371	5.3042006	5.4647365	0.16053581	0.766111	0.9410582432937948	0.11570829268918065	ENSG00000047365.13	ARAP2	False
ENST00000630992	21.416813	2.1646378	2.3251114	0.16047359	0.7633426	0.940089844663147	0.11728048941358594	ENSG00000088387.22	DOCK9	False
ENST00000242323	544.124	6.6234193	6.783777	0.16035795	0.5541672	0.8719910230509131	0.2563591741128308	ENSG00000122741.16	DCAF10	False
ENST00000603027	317.77634	5.718309	5.8786206	0.1603117	0.6479623	0.9058007019088778	0.188450280343293	ENSG00000272916.5	ENSG00000272916	False
ENST00000543196	304.17365	5.9027963	6.063095	0.16029882	0.52933824	0.8643107902232321	0.27626673043371647	ENSG00000139629.16	GALNT6	False
ENST00000306368	439.8753	6.3673635	6.5276523	0.16028881	0.659398	0.9101539440874783	0.18085236171572544	ENSG00000168894.10	RNF181	False
ENST00000524559	17.165754	2.004646	2.1647952	0.1601491	0.798417	0.9521535497921144	0.0977702397101166	ENSG00000183020.15	AP2A2	False
ENST00000319380	302.8	5.964449	6.124484	0.16003513	0.76720554	0.9414512653350248	0.11508827183802511	ENSG00000175931.13	UBE2O	False
ENST00000402774	216.83316	5.3297276	5.489723	0.15999556	0.5964923	0.8865180359421667	0.22439516509728355	ENSG00000118246.14	FASTKD2	False
ENST00000508361	111.12419	4.437783	4.597535	0.15975237	0.7428074	0.9352336696717043	0.1291237852170945	ENSG00000113407.14	TARS1	False
ENST00000274276	17.950245	1.8550662	2.0142634	0.15919721	0.76761353	0.9416169255668378	0.1148573788797597	ENSG00000145623.13	OSMR	False
ENST00000357721	195.28012	4.82433	4.9835258	0.1591959	0.7500225	0.9363059091704157	0.12492572478981454	ENSG00000139160.13	ETFBKMT	False
ENST00000463690	306.93225	5.6987967	5.857975	0.15917826	0.6422132	0.9035067051680366	0.19232075507010454	ENSG00000177917.12	ARL6IP6	False
ENST00000247270	35.873035	1.1128837	1.2720454	0.15916169	0.8885083	0.976548194364035	0.05133850117315898	ENSG00000126860.12	EVI2A	False
ENST00000344337	519.854	6.5676117	6.726758	0.15914631	0.4013546	0.8298121044971967	0.3964717433123759	ENSG00000114030.13	KPNA1	False
ENST00000521676	8.81306	0.8846877	1.0435547	0.15886694	0.8999872	0.9795430635977802	0.045763657217353856	ENSG00000156787.17	TBC1D31	False
ENST00000174618	159.48132	4.656204	4.8149686	0.15876436	0.74384356	0.9357941244624813	0.12851839529949075	ENSG00000070444.15	MNT	False
ENST00000557263	112.81767	4.192456	4.351137	0.1586814	0.8555577	0.9675263843306977	0.06775070579822913	ENSG00000089916.18	GPATCH2L	False
ENST00000684458	84.224014	4.129165	4.287812	0.15864706	0.5177258	0.8588901457663043	0.28590017090807934	ENSG00000104884.17	ERCC2	False
ENST00000435168	1373.5187	7.8403716	7.9989266	0.15855503	0.804564	0.9552005372235465	0.09443940416469526	ENSG00000084070.12	SMAP2	False
ENST00000415083	89.617455	3.820341	3.9788916	0.1585505	0.78819937	0.9488931661220348	0.10336391927596869	ENSG00000141380.14	SS18	True
ENST00000382224	203.07193	4.2308903	4.3893414	0.15845108	0.88236916	0.9753528853304446	0.05434967916333554	ENSG00000178177.17	LCORL	False
ENST00000591598	18.212687	1.2401136	1.398233	0.15811944	0.88431346	0.9757721701424954	0.05339376255929672	ENSG00000060069.18	CTDP1	False
ENST00000491939	52.98531	3.251026	3.409136	0.15811014	0.8601333	0.9689810356701946	0.06543424323046816	ENSG00000184470.21	TXNRD2	False
ENST00000282588	10.928896	1.0631384	1.221242	0.15810359	0.87394327	0.9727556672489439	0.058516758040792434	ENSG00000213949.10	ITGA1	False
ENST00000310128	1094.6791	7.436358	7.5942707	0.15791273	0.56361747	0.8750364609798353	0.24901555550866414	ENSG00000175538.11	KCNE3	True
ENST00000540618	355.78717	5.4594426	5.617347	0.15790415	0.8260611	0.9606497832580951	0.08298781314861348	ENSG00000158161.16	EYA3	False
ENST00000404251	423.01163	6.321095	6.478972	0.15787697	0.8112199	0.9563933529011291	0.0908614197228554	ENSG00000009954.11	BAZ1B	False
ENST00000271002	21.027676	1.7890989	1.9469	0.15780115	0.8400636	0.9640539361853165	0.07568784739800913	ENSG00000142856.17	ITGB3BP	False
ENST00000356447	13.251361	1.6356312	1.7932768	0.15764558	0.85390514	0.9672304130561934	0.06859037155318284	ENSG00000151090.20	THRB	False
ENST00000622647	7.569401	0.8988779	1.0564065	0.15752858	0.87436503	0.972914335631786	0.058307219350967304	ENSG00000180035.13	ZNF48	False
ENST00000446444	26.600779	1.9038175	2.0613286	0.15751112	0.87444407	0.9729429605755733	0.058267964301306624	ENSG00000213759.10	UGT2B11	False
ENST00000282344	109.53984	4.4182453	4.575756	0.15751076	0.745272	0.935882830083255	0.12768520619358376	ENSG00000152484.14	USP12	False
ENST00000470422	24.55788	1.3165132	1.4739821	0.15746891	0.89420414	0.9780509762622372	0.048563323901202084	ENSG00000125844.17	RRBP1	False
ENST00000367262	138.14632	4.7365346	4.8936543	0.15711975	0.651399	0.9064197091743617	0.18615290156010203	ENSG00000183155.5	RABIF	False
ENST00000216259	14.5	1.6000639	1.7569032	0.15683925	0.7333814	0.9331413960388966	0.13467011438442408	ENSG00000100417.12	PMM1	False
ENST00000373449	152.78938	4.946031	5.1028447	0.15681362	0.6634912	0.9108073128400928	0.17816483977120887	ENSG00000004455.18	AK2	False
ENST00000586717	11.299972	1.4661779	1.6229727	0.15679479	0.7951461	0.9511294447607067	0.09955306263123578	ENSG00000188878.20	FBF1	False
ENST00000558265	881.28876	7.312589	7.4693522	0.15676308	0.49687037	0.8537766521893764	0.30375690199766797	ENSG00000100664.11	EIF5	False
ENST00000518198	93.439255	3.7806218	3.9370618	0.15644002	0.81715393	0.9580175559429005	0.08769612591424228	ENSG00000105339.11	DENND3	False
ENST00000369287	965.60284	7.3036733	7.4600453	0.15637207	0.54059744	0.8677958347030249	0.2671260161887904	ENSG00000165813.20	CCDC186	False
ENST00000568653	120.056496	4.252062	4.408321	0.15625906	0.71266514	0.9253601269841094	0.1471144838055485	ENSG00000103494.16	RPGRIP1L	False
ENST00000691902	126.628395	2.230276	2.3864992	0.15622306	0.9188049	0.9833598525807096	0.036776704955137185	ENSG00000181555.22	SETD2	False
ENST00000337338	105.45504	3.8722198	4.0281606	0.15594077	0.80997974	0.9561897568035098	0.09152584569402507	ENSG00000171492.14	LRRC8D	False
ENST00000417379	1354.3035	7.4625607	7.6184397	0.15587902	0.8218534	0.9596230182737303	0.0852056442157905	ENSG00000181409.14	AATK	False
ENST00000477925	154.54437	3.8664787	4.022341	0.1558621	0.89168805	0.9771611911582333	0.04978705410256848	ENSG00000135250.17	SRPK2	False
ENST00000698937	33.946667	1.9244455	2.0803058	0.1558603	0.8898911	0.97688540448899	0.05066314253610614	ENSG00000268043.9	NBPF12	False
ENST00000586096	11.514984	1.6118339	1.7676433	0.1558094	0.67766273	0.9152315315422074	0.16898639883126854	ENSG00000115268.10	RPS15	False
ENST00000367595	46.93914	3.0786095	3.2342403	0.15563083	0.7786434	0.9445930724984782	0.10866137692101516	ENSG00000230124.8	ACBD6	False
ENST00000295797	91.59329	4.1361146	4.2917204	0.1556058	0.6703202	0.9132738921569098	0.1737176846895612	ENSG00000163558.13	PRKCI	False
ENST00000254037	71.12913	3.7692235	3.9246001	0.15537667	0.70569086	0.9227492271768721	0.15138550698458153	ENSG00000131732.12	ZCCHC9	False
ENST00000269033	352.2263	5.828829	5.9841914	0.1553626	0.7859089	0.9475608847910265	0.10462780528528916	ENSG00000141298.19	SSH2	False
ENST00000343788	241.62558	5.559509	5.7147026	0.1551938	0.58188754	0.8811550578047072	0.23516093989677678	ENSG00000165416.15	SUGT1	False
ENST00000693720	242.95906	5.5511336	5.706267	0.15513325	0.7182197	0.9274363347079551	0.14374268833890474	ENSG00000158615.10	PPP1R15B	False
ENST00000553109	25.525303	2.002448	2.1574771	0.15502906	0.8480272	0.9657860661311792	0.07159020275646401	ENSG00000136044.12	APPL2	True
ENST00000374000	182.79517	5.11664	5.271536	0.15489578	0.77223015	0.9429448836126253	0.11225324727109624	ENSG00000025293.17	PHF20	False
ENST00000652569	554.3529	6.770763	6.9256516	0.15488863	0.6243079	0.8979281421179014	0.2046011897337238	ENSG00000109320.14	NFKB1	False
ENST00000674211	25.889261	2.092644	2.2474375	0.1547935	0.7663555	0.9411332397400953	0.11556971316287754	ENSG00000140263.15	SORD	False
ENST00000344099	46.14918	3.0582078	3.2129886	0.15478086	0.6780214	0.9153570361619477	0.16875661687123256	ENSG00000105708.9	ZNF14	False
ENST00000693640	150.49756	4.7426777	4.897181	0.15450335	0.6494757	0.9059168869193345	0.1874370975367879	ENSG00000153015.17	CWC27	False
ENST00000698443	27.465775	2.0739985	2.2283866	0.15438819	0.86633825	0.9709615110022777	0.06231250897712145	ENSG00000128891.17	CCDC32	False
ENST00000677950	559.6334	6.6902947	6.8446236	0.15432882	0.31083164	0.8118754707110037	0.5074747854833882	ENSG00000147684.10	NDUFB9	False
ENST00000447578	52.23658	1.5047389	1.6589489	0.15420997	0.9183789	0.9832090858744499	0.03697810779961911	ENSG00000111237.19	VPS29	False
ENST00000579849	63.46689	3.455343	3.6094975	0.15415454	0.7719784	0.9429448836126253	0.11239486328897941	ENSG00000006042.12	TMEM98	False
ENST00000431519	569.73987	6.6553574	6.8094225	0.15406513	0.48732936	0.8529381765683051	0.31217741960154594	ENSG00000091527.17	CDV3	False
ENST00000441156	3598.6187	8.998998	9.1530485	0.15405083	0.78387547	0.946795898683074	0.10575292837244685	ENSG00000114353.17	GNAI2	False
ENST00000218089	559.7093	6.7026067	6.8566365	0.15402985	0.61359465	0.8930687559101305	0.2121184348393811	ENSG00000101972.20	STAG2	False
ENST00000378078	348.3	5.9453044	6.099328	0.15402365	0.6913873	0.9190096639099691	0.16027860490368626	ENSG00000107185.10	RGP1	False
ENST00000412505	17.785456	1.4353064	1.5893124	0.154006	0.8767562	0.9737462252016386	0.057121158645424365	ENSG00000182196.14	ARL6IP4	False
ENST00000511601	61.381542	3.5523684	3.7062125	0.15384412	0.697218	0.9211045853287517	0.15663140873105508	ENSG00000137460.10	FHDC1	False
ENST00000430055	85.030655	3.8905914	4.044353	0.15376163	0.8294955	0.9615679820520636	0.08118597112041671	ENSG00000133997.12	MED6	False
ENST00000360265	14.506838	1.3019398	1.4555247	0.15358484	0.83023816	0.9617724706824102	0.08079730732942877	ENSG00000196526.11	AFAP1	False
ENST00000414139	49.521343	3.072553	3.2259767	0.15342379	0.7846809	0.9470043184590828	0.10530691683249371	ENSG00000145012.15	LPP	False
ENST00000298912	876.2855	7.1404395	7.2936206	0.15318108	0.70441896	0.922376952074766	0.15216896486960121	ENSG00000165959.12	CLMN	False
ENST00000677363	679.0937	6.938761	7.0919104	0.15314913	0.58369815	0.8819641855083519	0.233811680559736	ENSG00000150093.20	ITGB1	False
ENST00000429492	94.36525	4.074136	4.2272663	0.15313053	0.45220608	0.8472077019271466	0.3446636073944165	ENSG00000144645.16	OSBPL10	False
ENST00000680587	53.104584	3.112317	3.2654147	0.15309763	0.8102896	0.9562445977198518	0.09135972374613027	ENSG00000058056.10	USP13	False
ENST00000593105	88.83588	3.1252458	3.2782903	0.15304446	0.9165875	0.9825950872097442	0.03782608304471932	ENSG00000187607.16	ZNF286A	False
ENST00000370602	25.9	2.151725	2.304645	0.15292001	0.849641	0.9659481202504552	0.07076452577085444	ENSG00000155265.12	GOLGA7B	False
ENST00000308783	25.281834	1.8679934	2.0207577	0.15276432	0.82275814	0.9596230182737303	0.08472781325833399	ENSG00000173120.15	KDM2A	False
ENST00000356864	860.48254	7.0086536	7.161381	0.15272713	0.75361896	0.9367964491441557	0.12284818636401357	ENSG00000173535.15	TNFRSF10C	False
ENST00000645507	9197.42	10.457764	10.6103	0.15253639	0.6158162	0.8944279309061053	0.2105489074623835	ENSG00000163864.18	NMNAT3	False
ENST00000481195	279.13876	5.184765	5.3371143	0.15234947	0.77226764	0.9429448836126253	0.11223216304008654	ENSG00000113575.12	PPP2CA	False
ENST00000334482	34.225536	2.3773568	2.5291827	0.1518259	0.88625854	0.9762529517548046	0.05243956567731167	ENSG00000167815.12	PRDX2	False
ENST00000394104	28.640087	1.0319848	1.1836418	0.15165699	0.91529286	0.9821535348192515	0.03843992589899823	ENSG00000165219.23	GAPVD1	False
ENST00000507958	37.576984	2.8945675	3.0462055	0.15163803	0.5412596	0.8677958347030249	0.2665943983295294	ENSG00000145526.12	CDH18	False
ENST00000706400	162.62581	4.98376	5.1353545	0.15159464	0.5395437	0.867777183814941	0.2679733835700657	ENSG00000073969.19	NSF	False
ENST00000437139	228.60938	5.350817	5.502318	0.1515007	0.71923125	0.9276980562701265	0.14313145239750685	ENSG00000179029.15	TMEM107	False
ENST00000273541	79.67421	3.0164316	3.167882	0.1514504	0.9130304	0.9815902128217565	0.03951476875270122	ENSG00000240682.10	ISY1	False
ENST00000381323	680.9	6.905208	7.056465	0.15125704	0.67121553	0.9132738921569098	0.173138001011739	ENSG00000197872.11	CYRIA	False
ENST00000434927	172.22781	4.333406	4.4846005	0.15119457	0.8821627	0.9752783780703216	0.05445131404698402	ENSG00000131051.24	RBM39	False
ENST00000297373	121.09292	4.6397147	4.790676	0.1509614	0.5804679	0.8802063166690811	0.2362218069738861	ENSG00000164776.11	PHKG1	False
ENST00000362091	22.011675	1.7768602	1.9277794	0.1509192	0.9213219	0.9840764564986135	0.03558859201571027	ENSG00000134452.20	FBH1	False
ENST00000336702	206.08601	5.195205	5.3460956	0.15089035	0.5673487	0.8758872921733283	0.24614992165398286	ENSG00000172375.14	C2CD2L	False
ENST00000456380	755.3622	7.0835514	7.2343097	0.15075827	0.5885399	0.882985478717866	0.230224090058157	ENSG00000136527.19	TRA2B	False
ENST00000587986	177.48795	4.8904247	5.0411167	0.15069199	0.70877343	0.9237580032064323	0.14949256879172534	ENSG00000188227.14	ZNF793	False
ENST00000312828	24.45512	2.181684	2.3323567	0.15067267	0.80660015	0.9552005372235465	0.09334169970897231	ENSG00000176641.11	RNF152	False
ENST00000210313	115.074486	4.4461875	4.596799	0.1506114	0.57699406	0.8792004419030465	0.23882865666067746	ENSG00000095261.14	PSMD5	False
ENST00000678144	398.01422	6.2079735	6.358412	0.15043831	0.5014631	0.8548764927378353	0.29976100570951425	ENSG00000143799.14	PARP1	False
ENST00000540806	42.94358	2.1655285	2.3158867	0.1503582	0.8672252	0.9710997026003259	0.061868095914616866	ENSG00000081665.14	ZNF506	False
ENST00000242351	1246.5381	7.8949237	8.04517	0.15024614	0.6353997	0.9016400598756685	0.1969529950974478	ENSG00000105939.14	ZC3HAV1	False
ENST00000245457	36.88496	3.088855	3.2390976	0.15024257	0.6228457	0.8972038910455719	0.20561952298462785	ENSG00000125384.7	PTGER2	False
ENST00000614034	210.67268	4.7825346	4.9326267	0.15009212	0.8008491	0.9534143381792873	0.09644931894875634	ENSG00000275111.5	ZNF2	False
ENST00000369915	16.6	1.3426408	1.4924237	0.1497829	0.8493801	0.9659481202504552	0.07089793055333443	ENSG00000007350.18	TKTL1	False
ENST00000530349	41.21389	2.542575	2.6922908	0.1497159	0.91316205	0.9815902128217565	0.039452144351336815	ENSG00000176973.8	FAM89B	True
ENST00000630236	18.2	1.862565	2.0121956	0.14963055	0.7995443	0.9527796250141717	0.09715748217170131	ENSG00000136877.15	FPGS	False
ENST00000504137	72.50686	3.856149	4.005693	0.149544	0.79365414	0.950362321783052	0.10036871187715558	ENSG00000237765.8	FAM200B	False
ENST00000380516	464.825	6.3930373	6.5422535	0.14921618	0.6060714	0.8901216863280665	0.2174762004955207	ENSG00000137776.17	SLTM	False
ENST00000424014	245.31216	5.5492897	5.6984663	0.1491766	0.5370508	0.8667540534925389	0.2699846453818227	ENSG00000111361.13	EIF2B1	False
ENST00000464470	14.8	1.5762204	1.7253029	0.14908254	0.8139699	0.9569372134995232	0.08939164928722072	ENSG00000139597.18	N4BP2L1	False
ENST00000423798	8.735155	1.0421795	1.1911976	0.14901817	0.86317253	0.9701223719321894	0.06390238872526234	ENSG00000137274.13	BPHL	False
ENST00000271375	1691.8079	8.087661	8.236497	0.14883614	0.6051845	0.8899892143002557	0.21811220693300382	ENSG00000213064.10	SFT2D2	False
ENST00000469989	15.678864	1.9419918	2.0906851	0.14869332	0.7294586	0.9317461796468351	0.13699936877766855	ENSG00000010327.10	STAB1	False
ENST00000221930	308.9394	5.6527653	5.8014116	0.14864635	0.728715	0.9313879942172696	0.13744228927599575	ENSG00000105329.11	TGFB1	False
ENST00000597870	20.960049	1.784505	1.9330482	0.14854324	0.8016136	0.953647070306486	0.09603490763172164	ENSG00000090013.11	BLVRB	False
ENST00000367854	907.69543	7.284514	7.432798	0.14828396	0.6262938	0.8984711003007588	0.20322190254346775	ENSG00000198771.11	RCSD1	False
ENST00000562385	80.37062	3.7990139	3.9472752	0.14826131	0.6474334	0.9056241830737196	0.18880489973038586	ENSG00000048462.11	TNFRSF17	True
ENST00000373391	315.8457	5.8837743	6.0319896	0.1482153	0.5491118	0.8697044944691829	0.2603392365746033	ENSG00000156639.12	ZFAND3	False
ENST00000637917	77.400856	3.0880148	3.236186	0.14817119	0.91448766	0.9820755549084742	0.03882215050462504	ENSG00000169057.26	MECP2	False
ENST00000239032	18.652805	1.9258204	2.073978	0.1481576	0.82176197	0.9596230182737303	0.0852539633983577	ENSG00000119973.6	PRLHR	False
ENST00000527693	52.141857	3.1808252	3.3287354	0.14791012	0.76585454	0.9410582432937948	0.1158537102182573	ENSG00000203705.11	TATDN3	True
ENST00000540269	401.8	6.0383377	6.1861615	0.14782381	0.6144632	0.8935328187316467	0.2115041146104096	ENSG00000103194.16	USP10	False
ENST00000450050	227.57402	5.260634	5.408424	0.14778996	0.6956132	0.9206326357743269	0.15763218199968881	ENSG00000148331.12	ASB6	False
ENST00000281416	41.51187	2.3926597	2.5403936	0.14773393	0.8916233	0.9771611911582333	0.0498185821487969	ENSG00000151690.15	MFSD6	False
ENST00000643144	485.52948	6.4243126	6.5720267	0.14771414	0.57124066	0.8771043619672497	0.24318088505988555	ENSG00000169359.16	SLC33A1	False
ENST00000376795	427.6148	6.2838745	6.431582	0.14770746	0.793586	0.950362321783052	0.10040599377382715	ENSG00000102580.15	DNAJC3	False
ENST00000483681	96.55778	3.9763997	4.123979	0.14757943	0.7138505	0.9257062139447186	0.14639273304938963	ENSG00000163687.14	DNASE1L3	False
ENST00000260197	9024.738	10.4361	10.583633	0.14753342	0.7777923	0.9444150856951702	0.10913637458841478	ENSG00000137642.13	SORL1	False
ENST00000446852	88.331985	3.9749115	4.1223774	0.14746594	0.7963113	0.9513914343252948	0.0989171111106923	ENSG00000163029.16	SMC6	False
ENST00000368189	45.787132	2.7123358	2.859779	0.14744306	0.8802662	0.9748224213325505	0.05538597877863595	ENSG00000143297.19	FCRL5	False
ENST00000312957	54.527855	3.3962996	3.5437398	0.1474402	0.7016945	0.9220332408747174	0.1538519346332342	ENSG00000154721.15	JAM2	False
ENST00000402377	76.737045	3.8241396	3.971556	0.14741635	0.43609565	0.842654100473947	0.3604182403945969	ENSG00000196172.9	ZNF681	False
ENST00000680143	165.24664	4.899344	5.0466146	0.14727068	0.6255114	0.8983420428423095	0.20376476539171107	ENSG00000112787.14	FBRSL1	False
ENST00000355797	125.25948	4.6346207	4.781684	0.14706326	0.4736407	0.8500118764885034	0.324550976431569	ENSG00000182534.14	MXRA7	False
ENST00000597390	18.70071	1.5341896	1.681131	0.14694142	0.9103901	0.9809361663924436	0.04077248364860227	ENSG00000105287.13	PRKD2	False
ENST00000315396	49.98146	3.0188382	3.165713	0.1468749	0.79964375	0.9527796250141717	0.09710345014997455	ENSG00000105479.16	ODAD1	False
ENST00000301897	27.343746	2.4843464	2.6311593	0.14681292	0.86807424	0.9712385662512119	0.06144313207524915	ENSG00000168071.22	CCDC88B	False
ENST00000641220	46.791435	2.954579	3.1013527	0.14677358	0.81119317	0.9563933529011291	0.09087571560624508	ENSG00000177212.4	OR2T33	False
ENST00000648219	5.569964	0.8003991	0.94713026	0.14673114	0.8222699	0.9596230182737303	0.08498559849444748	ENSG00000008513.17	ST3GAL1	False
ENST00000573493	130.89821	4.789268	4.9359503	0.14668226	0.72054994	0.9282677331694725	0.14233591300904894	ENSG00000261884.2	ENSG00000261884	False
ENST00000178638	15.814795	1.2707552	1.417408	0.14665282	0.8239747	0.9601797487709928	0.08408610796877887	ENSG00000074410.14	CA12	False
ENST00000261413	269.08203	5.5752034	5.721768	0.14656448	0.40782863	0.8320791818024688	0.3895222906038899	ENSG00000113048.19	MRPS27	False
ENST00000305963	246.4	5.470618	5.6170926	0.14647484	0.45451272	0.8473426594424552	0.3424539625528927	ENSG00000169446.6	MMGT1	False
ENST00000397762	236.71675	5.5592537	5.705655	0.1464014	0.6084997	0.8910328892792123	0.21573962741447583	ENSG00000129472.15	RAB2B	False
ENST00000372201	27.1	2.2573416	2.4036667	0.14632511	0.7849673	0.9471794353103088	0.10514843281209685	ENSG00000173846.13	PLK3	False
ENST00000460469	17.414415	1.8320346	1.9783514	0.14631677	0.8517604	0.966826986744672	0.06968256140321538	ENSG00000169251.13	NMD3	False
ENST00000305352	63.888	3.2154188	3.3616972	0.14627838	0.85391945	0.9672304130561934	0.06858309606079134	ENSG00000170989.10	S1PR1	False
ENST00000521389	671.1121	6.6496024	6.795779	0.14617682	0.66886055	0.9127366894097521	0.17466441532464216	ENSG00000113269.14	RNF130	False
ENST00000317257	97.8645	4.159552	4.305698	0.14614582	0.67521983	0.9142632374641173	0.17055480926529104	ENSG00000136169.17	SETDB2	False
ENST00000215906	89.7032	3.7367764	3.882773	0.14599657	0.88554484	0.9762529517548046	0.05278944490783197	ENSG00000128203.7	ASPHD2	False
ENST00000638053	53.040264	3.079036	3.2249925	0.14595652	0.830485	0.9617724706824102	0.08066821441514734	ENSG00000075407.19	ZNF37A	True
ENST00000398187	24.500881	1.7772506	1.9231445	0.14589381	0.9175453	0.9827715568544004	0.03737247624930341	ENSG00000077458.13	FAM76B	True
ENST00000379480	60.81774	2.8264115	2.9721408	0.1457293	0.8779122	0.9744280771769698	0.05654890416809267	ENSG00000120662.16	MTRF1	False
ENST00000268485	25.139029	2.522639	2.668355	0.14571595	0.7217558	0.9285152025899402	0.14160971587722745	ENSG00000140832.11	MARVELD3	False
ENST00000450376	61.802063	2.6960347	2.841689	0.14565444	0.8910402	0.9771611911582333	0.05010269907124787	ENSG00000100129.18	EIF3L	False
ENST00000173527	19.4	1.6660992	1.8114752	0.14537597	0.8430295	0.9644077152269774	0.07415722839755051	ENSG00000066583.12	ISOC1	False
ENST00000540121	13.072306	1.437009	1.5823317	0.14532268	0.84481645	0.9647067702622658	0.07323764018231436	ENSG00000111725.11	PRKAB1	True
ENST00000507956	21.783035	2.0591228	2.2043257	0.14520288	0.8447119	0.9647067702622658	0.0732913877132157	ENSG00000138744.16	NAAA	False
ENST00000601241	46.289818	3.3345	3.47949	0.14498997	0.72667825	0.930214042416521	0.13865783702995713	ENSG00000205209.8	SCGB2B2	True
ENST00000648033	226.63712	5.403623	5.548606	0.14498281	0.5665157	0.8758537110220754	0.24678806208324947	ENSG00000285589.1	ENSG00000285589	False
ENST00000511048	274.20615	5.618816	5.763795	0.144979	0.7302627	0.9319445888756163	0.13652088340954177	ENSG00000171604.12	CXXC5	False
ENST00000300146	124.9	4.44775	4.592695	0.14494514	0.74603087	0.935882830083255	0.12724320317911397	ENSG00000166889.14	PATL1	False
ENST00000647810	168.40903	4.83854	4.9834704	0.14493036	0.6606247	0.9103157985469302	0.18004520380773714	ENSG00000215788.11	TNFRSF25	False
ENST00000518778	12.9	1.6595801	1.8042388	0.14465868	0.87889344	0.9746317798058651	0.056063779529747074	ENSG00000161013.17	MGAT4B	False
ENST00000397820	210.65201	5.1556435	5.300056	0.14441252	0.59573424	0.886229804100233	0.22494743898389785	ENSG00000214212.9	C19orf38	False
ENST00000684514	46.058014	2.8414218	2.985761	0.14433908	0.7751468	0.9439809014552641	0.11061605136512496	ENSG00000120784.17	ZFP30	False
ENST00000403470	15.104733	1.9813641	2.1255786	0.14421451	0.8365689	0.9629328841029331	0.07749828879078442	ENSG00000019102.12	VSIG2	False
ENST00000480186	105.213425	4.037083	4.1812315	0.14414835	0.77002937	0.9424435853319677	0.113492712157798	ENSG00000131686.15	CA6	False
ENST00000537677	165.45572	4.1058574	4.2499337	0.14407635	0.8869357	0.9762529517548046	0.05210785864653486	ENSG00000166037.11	CEP57	False
ENST00000573621	18.721338	2.1478033	2.291714	0.14391065	0.70341396	0.92220189075705	0.1527890148480347	ENSG00000262730.1	ENSG00000262730	False
ENST00000558083	105.89571	3.882056	4.02586	0.14380383	0.84198993	0.9642057731152803	0.07469310023594591	ENSG00000151575.15	TEX9	False
ENST00000593014	9.84767	1.1807154	1.324512	0.14379656	0.8515658	0.966826986744672	0.06978179980938962	ENSG00000006125.18	AP2B1	False
ENST00000331825	5052.2	9.853482	9.997257	0.14377499	0.6513615	0.9064197091743617	0.18617789813247423	ENSG00000087086.15	FTL	False
ENST00000370708	384.3034	6.1044164	6.248171	0.14375448	0.67088395	0.9132738921569098	0.17335259560180463	ENSG00000112200.17	ZNF451	False
ENST00000453516	96.79741	3.3573751	3.5010705	0.14369535	0.8991476	0.9792260753577161	0.04616899623476836	ENSG00000242247.11	ARFGAP3	False
ENST00000431693	84.26454	3.6479843	3.7916455	0.14366126	0.80449015	0.9552005372235465	0.0944792694666916	ENSG00000144554.13	FANCD2	False
ENST00000639689	43.711403	2.752104	2.8957503	0.14364624	0.8462958	0.9651793804116239	0.0724778277890918	ENSG00000140905.11	GCSH	False
ENST00000375856	1949.0098	8.184503	8.327843	0.14334011	0.80905354	0.9559979448728103	0.0920227374025981	ENSG00000185950.9	IRS2	False
ENST00000526324	625.5099	6.865417	7.008527	0.1431098	0.59649307	0.8865180359421667	0.2243946009368158	ENSG00000048649.14	RSF1	False
ENST00000618621	101.36252	3.94248	4.0855246	0.14304447	0.79902244	0.9524802128521026	0.09744102574752456	ENSG00000145012.15	LPP	False
ENST00000377386	1542.4025	8.188151	8.3306	0.14244843	0.6465571	0.9052122393073937	0.18939311976222928	ENSG00000152291.15	TGOLN2	False
ENST00000263228	1997.3	8.446372	8.588768	0.14239597	0.60446167	0.8899892143002557	0.21863123337922927	ENSG00000107341.5	UBE2R2	False
ENST00000000233	25.0	2.2573783	2.3994024	0.14202404	0.805916	0.9552005372235465	0.0937102159058507	ENSG00000004059.11	ARF5	False
ENST00000366401	216.37447	5.2150702	5.357012	0.14194155	0.5540305	0.8719910230509131	0.256466343460354	ENSG00000132359.17	RAP1GAP2	False
ENST00000456390	10.209432	1.3898588	1.5317318	0.141873	0.8037657	0.9551009493725148	0.09487052323104923	ENSG00000182158.16	CREB3L2	False
ENST00000686920	36.473167	2.6506593	2.7925072	0.14184785	0.76041245	0.9392478632828826	0.11895077854781748	ENSG00000272333.8	KMT2B	False
ENST00000366481	857.2093	7.4373455	7.579033	0.1416874	0.83188283	0.9619437525431535	0.07993783710082351	ENSG00000162722.9	TRIM58	False
ENST00000560846	34.30458	2.0107489	2.1524293	0.14168048	0.9030512	0.9799172804063941	0.044287627123968526	ENSG00000140320.12	BAHD1	False
ENST00000438331	79.390015	1.8003922	1.9420296	0.14163744	0.93226886	0.9865205011628735	0.030458822959019742	ENSG00000122359.18	ANXA11	False
ENST00000396941	343.36285	5.838425	5.9800444	0.1416192	0.8343866	0.962643068203717	0.07863268585744283	ENSG00000100897.18	DCAF11	False
ENST00000266673	192.64572	5.1640477	5.3056493	0.14160156	0.5985414	0.8870710539601689	0.22290582012929175	ENSG00000139291.14	TMEM19	False
ENST00000410097	281.31	5.6973453	5.8389163	0.14157104	0.54617584	0.8693177891645862	0.2626675166921515	ENSG00000138382.15	METTL5	False
ENST00000367435	69.21798	2.5931528	2.7346487	0.14149594	0.9000954	0.9795430635977802	0.04571145624398161	ENSG00000134371.15	CDC73	False
ENST00000674175	34.520077	2.364649	2.506112	0.14146304	0.8596475	0.9688057802020985	0.06567958920374416	ENSG00000168259.17	DNAJC7	False
ENST00000396192	122.7	4.5133185	4.6546926	0.14137411	0.64420414	0.9043177692507586	0.19097648869483708	ENSG00000124207.17	CSE1L	False
ENST00000374169	320.3337	5.9382787	6.07957	0.14129114	0.54305905	0.8684626255547312	0.2651529436246376	ENSG00000148229.13	POLE3	False
ENST00000327483	100.7	4.183771	4.324867	0.14109564	0.6388208	0.9029774419337067	0.19462093331800057	ENSG00000129993.15	CBFA2T3	False
ENST00000576040	7.7740912	1.4048924	1.545693	0.1408006	0.6446342	0.9045208976433791	0.19068666604684445	ENSG00000073969.19	NSF	False
ENST00000432854	1103.2767	7.513699	7.6544833	0.14078426	0.63253033	0.9005140664598242	0.19891864400871861	ENSG00000136279.21	DBNL	False
ENST00000673498	104.38798	4.211392	4.352121	0.14072895	0.7735381	0.9432933991388066	0.11151828351388866	ENSG00000135390.21	ATP5MC2	False
ENST00000196371	19.031292	2.0151157	2.155787	0.14067125	0.882434	0.9753528853304446	0.054317761798263864	ENSG00000083720.13	OXCT1	False
ENST00000421276	91.22235	3.1437798	3.284354	0.14057422	0.9013286	0.9796827936525487	0.04511683692019288	ENSG00000093167.18	LRRFIP2	False
ENST00000249396	63.568398	3.2693722	3.409884	0.14051175	0.8577089	0.9680871278606209	0.06666009794990499	ENSG00000068903.21	SIRT2	False
ENST00000586576	13.989215	1.7513064	1.8918011	0.1404947	0.8261134	0.9606497832580951	0.08296033179748456	ENSG00000121380.12	BCL2L14	False
ENST00000304004	31.692219	2.6213562	2.7618258	0.14046955	0.6967219	0.921054275497273	0.15694053098450947	ENSG00000171453.20	POLR1C	False
ENST00000301039	21.776352	1.8248953	1.9651407	0.14024544	0.885976	0.9762529517548046	0.05257803435828547	ENSG00000167525.16	PROCA1	False
ENST00000409257	45.06483	3.285107	3.4252944	0.1401875	0.62101835	0.896545014235253	0.20689556690875122	ENSG00000183077.16	AFMID	False
ENST00000614960	96.59846	4.163474	4.303632	0.1401577	0.51787484	0.8589659058679011	0.2857751904525598	ENSG00000118193.12	KIF14	False
ENST00000356321	189.12651	4.803473	4.9436064	0.14013338	0.76769054	0.9416169255668378	0.11481381139138558	ENSG00000198146.4	ZNF770	False
ENST00000553532	52.93263	3.5403938	3.6804943	0.14010048	0.7656733	0.9410582432937948	0.11595650852090306	ENSG00000111602.12	TIMELESS	False
ENST00000375147	199.84785	5.1882925	5.3283873	0.14009476	0.6320476	0.9002255149083827	0.19925021783021735	ENSG00000136937.13	NCBP1	False
ENST00000538351	46.152443	1.7253863	1.8652639	0.13987768	0.9207939	0.9840268355880356	0.03583757071424976	ENSG00000183621.15	ZNF438	False
ENST00000306051	105.155106	4.2663364	4.406142	0.1398058	0.77057606	0.9426301048560082	0.11318448773195669	ENSG00000168229.4	PTGDR	False
ENST00000495634	9.826784	1.0803047	1.219768	0.1394633	0.8295004	0.9615679820520636	0.08118341216358639	ENSG00000154258.17	ABCA9	False
ENST00000376629	106.7773	4.196509	4.3358455	0.13933659	0.7601875	0.9390276879145413	0.11907927209989763	ENSG00000177674.16	AGTRAP	False
ENST00000546300	16.216537	1.8535532	1.9926838	0.13913059	0.83040106	0.9617724706824102	0.08071210357111207	ENSG00000143147.15	GPR161	False
ENST00000605042	115.126236	3.8415463	3.9806547	0.13910842	0.9348341	0.9872339199749246	0.029265443678703377	ENSG00000109670.17	FBXW7	True
ENST00000016171	209.16428	5.345982	5.485072	0.13909006	0.50682724	0.8558786284660064	0.29514005561029905	ENSG00000014919.13	COX15	False
ENST00000367565	41.926685	2.6465123	2.7855334	0.13902116	0.7940903	0.9507147317813565	0.1001301248184229	ENSG00000203730.3	TEDDM1	False
ENST00000502979	27.228693	2.6583633	2.7971678	0.13880444	0.8584931	0.9684663890382288	0.0662631962837308	ENSG00000145740.20	SLC30A5	False
ENST00000331728	380.00964	5.704288	5.8430085	0.13872051	0.838934	0.9638007869725905	0.07627220209466894	ENSG00000182541.18	LIMK2	False
ENST00000274747	52.682045	3.1701577	3.308855	0.13869739	0.7458685	0.935882830083255	0.12733773150904096	ENSG00000124532.15	MRS2	False
ENST00000426431	540.8667	6.403314	6.541925	0.13861084	0.75326556	0.9367964491441557	0.12305188864834474	ENSG00000185591.10	SP1	False
ENST00000244051	140.96712	4.6926336	4.831226	0.13859224	0.7008546	0.9214833595450952	0.15437207218327506	ENSG00000124217.5	MOCS3	False
ENST00000617962	106.1	3.9330318	4.0715714	0.13853955	0.8751595	0.9732060155834779	0.057912787505260986	ENSG00000116717.13	GADD45A	False
ENST00000646382	96.98149	4.252065	4.390593	0.13852787	0.6308224	0.8998400021113475	0.20009287976692866	ENSG00000232040.4	SCAND3	False
ENST00000554804	573.67834	6.791778	6.930168	0.13839006	0.5203891	0.8601289237056026	0.2836718253403225	ENSG00000100811.15	YY1	False
ENST00000269143	23.9983	1.98677	2.1251588	0.13838875	0.8375267	0.9632374861020546	0.07700134981365266	ENSG00000141385.12	AFG3L2	False
ENST00000265963	113.57056	4.471636	4.609909	0.13827324	0.5085444	0.8561468013132967	0.2936711361385304	ENSG00000110768.12	GTF2H1	False
ENST00000680511	41.41771	2.6050217	2.74311	0.13808823	0.8512485	0.966826986744672	0.06994363896297177	ENSG00000168214.22	RBPJ	False
ENST00000372470	101.18773	4.216252	4.3543024	0.13805056	0.5333149	0.8656930641736459	0.2730162958924639	ENSG00000117400.18	MPL	False
ENST00000526772	37.296913	2.5263536	2.6643422	0.13798857	0.86192536	0.9700337015692152	0.06453033928644868	ENSG00000198561.16	CTNND1	False
ENST00000681011	1256.1199	7.677795	7.815687	0.13789225	0.65040934	0.9062377297493507	0.18681323024585325	ENSG00000101160.15	CTSZ	False
ENST00000677249	1425.989	7.8388634	7.976594	0.1377306	0.74786973	0.9359746432369647	0.12617404447660832	ENSG00000135486.19	HNRNPA1	False
ENST00000714068	54.088814	2.6952922	2.8329978	0.13770556	0.8408675	0.9640760333298781	0.07527242291195911	ENSG00000105607.14	GCDH	False
ENST00000275605	46.231316	3.0749323	3.2126362	0.1377039	0.75086254	0.9365406968653782	0.12443956246125266	ENSG00000146733.14	PSPH	False
ENST00000308095	50.83065	2.6114662	2.7490451	0.13757896	0.9041276	0.9799172804063941	0.04377027404478186	ENSG00000174255.8	ZNF80	False
ENST00000371176	23.358946	1.700596	1.8380516	0.13745558	0.8875114	0.9762929623608356	0.051826073189926075	ENSG00000095585.18	BLNK	False
ENST00000637200	226.5	5.138448	5.2757425	0.13729429	0.7249134	0.9292743254121232	0.1397138612952588	ENSG00000096093.16	EFHC1	False
ENST00000331821	141.85538	4.7521796	4.889427	0.13724756	0.67131186	0.9132738921569098	0.17307568313993082	ENSG00000099901.18	RANBP1	False
ENST00000621129	7.3423777	0.9134628	1.0506794	0.13721663	0.8871444	0.9762529517548046	0.05200569102103567	ENSG00000168824.15	NSG1	True
ENST00000344733	52.63459	3.0917015	3.2287033	0.13700175	0.8248371	0.9603060401966621	0.08363181934720428	ENSG00000159788.20	RGS12	False
ENST00000360816	722.646	6.825072	6.9620237	0.13695192	0.61358666	0.8930687559101305	0.21212408798893864	ENSG00000196227.11	FAM217B	False
ENST00000350605	346.844	6.1041245	6.2409806	0.13685608	0.5597935	0.8736417902867227	0.2519721701159166	ENSG00000103490.14	PYCARD	False
ENST00000304411	131.9	3.87865	4.0154576	0.13680768	0.8517058	0.966826986744672	0.06971040057878715	ENSG00000170837.3	GPR27	False
ENST00000449862	15.893214	1.7686386	1.9053088	0.13667023	0.8781923	0.9745253108727094	0.05641037236184395	ENSG00000249242.8	TMEM150C	False
ENST00000699094	1016.21387	7.5396047	7.6762004	0.13659573	0.72153056	0.9285152025899402	0.14174527189416214	ENSG00000153310.22	CYRIB	False
ENST00000649326	13.419519	1.7817187	1.9181082	0.1363895	0.8797098	0.9747123089375246	0.055660579712378144	ENSG00000130844.19	ZNF331	False
ENST00000329099	1590.7097	7.886064	8.02231	0.1362462	0.68499017	0.9173021276178854	0.16431566234696302	ENSG00000183688.4	RFLNB	True
ENST00000381346	469.5058	6.5540338	6.6901712	0.13613749	0.556972	0.8728453353828223	0.25416661613800073	ENSG00000072042.13	RDH11	False
ENST00000408923	77.28	3.5447044	3.6808	0.13609552	0.75917053	0.938790070041057	0.11966065771955545	ENSG00000169220.18	RGS14	False
ENST00000246194	361.8	6.0735974	6.2096443	0.13604689	0.65306896	0.9068648515279707	0.18504095771180437	ENSG00000125970.12	RALY	False
ENST00000321442	137.81851	4.7846665	4.920574	0.13590765	0.7377403	0.93417747534728	0.13209650481383273	ENSG00000164466.13	SFXN1	False
ENST00000267425	354.4836	5.821157	5.9570327	0.1358757	0.72090375	0.9284856217274275	0.1421227128049145	ENSG00000196943.14	NOP9	False
ENST00000640019	23.786983	2.0469396	2.1828086	0.13586903	0.8431794	0.9644278042051889	0.07408000995758804	ENSG00000284024.4	MSANTD7	False
ENST00000263100	262.37714	5.442592	5.5784	0.13580799	0.7644656	0.9407295693150204	0.1166420693103412	ENSG00000121410.12	A1BG	False
ENST00000367996	1080.3976	7.4597535	7.5955515	0.13579798	0.68860596	0.9180499827457151	0.16202922008487514	ENSG00000158859.10	ADAMTS4	False
ENST00000216039	306.92636	5.7642803	5.899937	0.13565683	0.6269216	0.8986881828008999	0.20278677074870743	ENSG00000100221.11	JOSD1	False
ENST00000492785	224.04935	5.4505653	5.5862217	0.13565636	0.6999684	0.9212025833663481	0.1549215672003487	ENSG00000135968.22	GCC2	True
ENST00000550880	29.435968	1.9978806	2.1334138	0.13553321	0.924805	0.9846904239306189	0.033949837682856955	ENSG00000123349.15	PFDN5	True
ENST00000409785	562.19995	6.685515	6.821009	0.13549423	0.5074636	0.8558786284660064	0.2945951258299305	ENSG00000176407.18	KCMF1	False
ENST00000302316	18.689657	1.6515762	1.7869322	0.13535607	0.87194	0.9724547537241448	0.05951339040230973	ENSG00000216937.14	CCDC7	True
ENST00000554101	27.958027	2.2735574	2.4089055	0.13534808	0.835	0.962643068203717	0.07831353567681554	ENSG00000100612.14	DHRS7	False
ENST00000557157	159.35611	4.1409698	4.276294	0.13532448	0.93858963	0.9881861978180526	0.027524247234189576	ENSG00000092199.19	HNRNPC	False
ENST00000620854	140.5595	4.643563	4.778861	0.13529825	0.86478806	0.9705819731272814	0.06309031755271258	ENSG00000111859.17	NEDD9	False
ENST00000396418	24.759693	1.6215206	1.7566168	0.13509619	0.8783511	0.9745253108727094	0.05633185426786539	ENSG00000171033.13	PKIA	False
ENST00000693022	17.205898	1.8980346	2.032999	0.13496447	0.7955521	0.9512430531498312	0.09933138722354644	ENSG00000133812.18	SBF2	False
ENST00000436367	424.37128	6.008616	6.14347	0.13485384	0.78833765	0.9488931661220348	0.10328773274033619	ENSG00000124788.19	ATXN1	False
ENST00000681980	11.436424	1.56258	1.6973653	0.1347853	0.805963	0.9552005372235465	0.09368490613612777	ENSG00000137073.24	UBAP2	True
ENST00000509305	4.4	0.66352296	0.7982747	0.13475174	0.8406551	0.9640760333298781	0.07538215392736314	ENSG00000173369.18	C1QB	False
ENST00000264335	665.1967	6.9813595	7.116087	0.13472748	0.47583327	0.8501249998966768	0.3225451983686001	ENSG00000108953.17	YWHAE	False
ENST00000251376	1568.5632	8.035103	8.16982	0.13471699	0.7464811	0.935882830083255	0.1269811716346469	ENSG00000239998.7	LILRA2	False
ENST00000354366	729.09875	7.064543	7.199195	0.13465214	0.49788636	0.8540375487251681	0.302869771679566	ENSG00000119720.18	NRDE2	False
ENST00000553456	44.121784	3.1982539	3.332899	0.13464522	0.62496686	0.8981746216663314	0.20414301142389127	ENSG00000170370.12	EMX2	False
ENST00000524717	214.38994	5.1523995	5.2869267	0.1345272	0.75443226	0.9371003902398674	0.12237974859730331	ENSG00000184384.15	MAML2	True
ENST00000578921	2895.2	8.930169	9.064394	0.13422489	0.71322846	0.9255952770770305	0.1467713329582187	ENSG00000168461.13	RAB31	False
ENST00000367651	183.6	5.156824	5.2908134	0.13398933	0.71055704	0.9247660845973286	0.14840105115580574	ENSG00000164442.11	CITED2	True
ENST00000227322	379.38702	6.106156	6.239853	0.13369703	0.67884535	0.9157831829030997	0.1682291550866743	ENSG00000109917.11	ZPR1	False
ENST00000357376	260.20923	3.8681552	4.001775	0.13361955	0.94431424	0.9903843846043101	0.02488346057452341	ENSG00000115310.19	RTN4	False
ENST00000446647	15.287435	1.4455456	1.5791217	0.13357615	0.7926815	0.9502727434283397	0.10090126913463407	ENSG00000009780.16	FAM76A	True
ENST00000447645	42.47483	3.0046883	3.1380908	0.13340259	0.7418813	0.9352195071985765	0.12966556928560544	ENSG00000178385.15	PLEKHM3	False
ENST00000261170	19.1	1.397518	1.5308316	0.13331354	0.88715416	0.9762529517548046	0.052000905694679044	ENSG00000070019.5	GUCY2C	False
ENST00000396408	47.82246	3.1150837	3.248373	0.13328934	0.70852697	0.9237315579253875	0.14964361437084736	ENSG00000196417.13	ZNF765	False
ENST00000224237	1804.142	8.355435	8.488614	0.13317871	0.45584005	0.8473426594424552	0.3411875193492111	ENSG00000026025.16	VIM	False
ENST00000420200	45.3211	2.951249	3.0841637	0.13291478	0.86929244	0.971570662412504	0.06083409828351008	ENSG00000186625.14	KATNA1	False
ENST00000535007	199.99089	5.2803135	5.4131265	0.13281298	0.67380553	0.914254914313221	0.17146542591584102	ENSG00000115694.15	STK25	False
ENST00000297151	1564.6304	8.146047	8.278845	0.1327982	0.5849044	0.8819641855083519	0.23291513187833426	ENSG00000164609.10	SLU7	False
ENST00000414543	93.9107	4.0703773	4.2030587	0.13268137	0.8569185	0.9679078472260544	0.06706047411003391	ENSG00000204713.11	TRIM27	False
ENST00000344034	391.4	6.094635	6.227231	0.13259602	0.6903608	0.9189182498219659	0.1609238863914247	ENSG00000115241.11	PPM1G	False
ENST00000560313	6.424095	0.8021421	0.9347098	0.1325677	0.83481467	0.962643068203717	0.0784099289813344	ENSG00000090470.15	PDCD7	True
ENST00000468785	45.22651	2.9414256	3.0739863	0.13256073	0.8426002	0.9643619989817128	0.07437842851649494	ENSG00000204564.12	C6orf136	False
ENST00000413687	18.55682	1.9120755	2.0446362	0.13256073	0.7924311	0.9502251718469603	0.10103847951536725	ENSG00000163362.11	INAVA	False
ENST00000245414	5892.568	10.046943	10.179454	0.13251114	0.66256076	0.9106135117007188	0.17877428803856504	ENSG00000125347.15	IRF1	False
ENST00000547153	27.286411	2.463677	2.5961814	0.13250446	0.8426132	0.9643619989817128	0.07437173127454547	ENSG00000166046.11	TCP11L2	False
ENST00000681376	993.6162	7.451015	7.5834255	0.13241053	0.8646927	0.9705666349144022	0.06313821348854724	ENSG00000119917.15	IFIT3	False
ENST00000606025	128.42477	4.109797	4.242088	0.13229084	0.838864	0.9638007869725905	0.07630842829857902	ENSG00000258881.6	ENSG00000258881	False
ENST00000543693	9.82831	1.2275277	1.359639	0.13211131	0.88058716	0.9749288592496598	0.05522765106674141	ENSG00000147862.18	NFIB	False
ENST00000472815	9.142835	1.3671767	1.4992707	0.13209403	0.8119011	0.956660864285707	0.09049687418871473	ENSG00000124440.16	HIF3A	False
ENST00000460683	294.87225	5.067521	5.199516	0.13199472	0.88571155	0.9762529517548046	0.052707691578238805	ENSG00000173193.15	PARP14	False
ENST00000679700	864.9418	7.2813926	7.413386	0.1319933	0.7375099	0.93417747534728	0.13223214183245582	ENSG00000125347.15	IRF1	False
ENST00000361453	4792.2	9.728354	9.860242	0.13188744	0.6678316	0.9124991026791659	0.17533303533251787	ENSG00000198763.3	MT-ND2	False
ENST00000504302	26.512411	1.5918537	1.7236696	0.13181591	0.88332075	0.9756353125630867	0.05388156806177204	ENSG00000168826.16	ZBTB49	False
ENST00000259939	218.20215	5.2071424	5.338854	0.13171148	0.7282884	0.9312383368705125	0.13769660011523235	ENSG00000137393.10	RNF144B	False
ENST00000302763	28.692118	1.8734136	2.0048118	0.1313982	0.9108073	0.9809818127110358	0.04057349173003037	ENSG00000044115.21	CTNNA1	False
ENST00000259241	32.7	2.206917	2.338245	0.13132787	0.8729155	0.9726545809114232	0.059027791685303255	ENSG00000136720.7	HS6ST1	False
ENST00000544867	22.733196	1.7763472	1.9076656	0.13131845	0.89703155	0.9790162556944926	0.04719228398370509	ENSG00000198000.12	NOL8	False
ENST00000296121	298.84576	5.632025	5.7632947	0.13126993	0.7676228	0.9416169255668378	0.11485211817702098	ENSG00000163807.6	KIAA1143	False
ENST00000331758	46.376793	3.0025108	3.1336875	0.13117671	0.80407757	0.9551009493725148	0.09470205483657818	ENSG00000184402.15	SS18L1	True
ENST00000379170	509.94196	6.3787613	6.509791	0.1310296	0.67189753	0.9135189871865074	0.17269695508230373	ENSG00000050393.12	MCUR1	False
ENST00000641320	723.55853	6.8872714	7.0182533	0.13098192	0.6964846	0.9208212130153275	0.15708846603672974	ENSG00000181785.3	OR5AS1	False
ENST00000291232	163.4832	4.9523435	5.0833187	0.13097525	0.6047549	0.8899892143002557	0.21842058630872346	ENSG00000159958.7	TNFRSF13C	False
ENST00000569481	25.284117	1.8765898	2.007517	0.13092732	0.8841094	0.9757721701424954	0.05349400278897578	ENSG00000149932.17	TMEM219	False
ENST00000591610	578.28534	6.8648725	6.9957542	0.13088179	0.7090187	0.9237997576299902	0.14934230591807354	ENSG00000006125.18	AP2B1	True
ENST00000284274	197.50667	5.2032104	5.3339663	0.1307559	0.68170005	0.9165294746754324	0.16640667361845302	ENSG00000154124.6	OTULIN	False
ENST00000325656	221.79611	5.3193645	5.449911	0.13054657	0.7209877	0.9285152025899402	0.14207215775945942	ENSG00000175544.14	CABP4	False
ENST00000560817	24.58002	2.1869633	2.3174503	0.13048697	0.88720024	0.9762529517548046	0.051978351177343673	ENSG00000103740.10	ACSBG1	False
ENST00000323981	392.21732	6.1717925	6.302228	0.13043547	0.4562282	0.8473543571201603	0.34081787719513956	ENSG00000166012.17	TAF1D	False
ENST00000368324	196.83148	5.132214	5.2623277	0.1301136	0.77350634	0.9432933991388066	0.11153612039125037	ENSG00000132718.9	SYT11	False
ENST00000369327	95.26933	2.867325	2.9973676	0.13004255	0.9140725	0.9818836633608401	0.039019350219537965	ENSG00000135341.19	MAP3K7	False
ENST00000203166	86.67864	3.579523	3.709548	0.13002491	0.833613	0.9622844266573972	0.07903553249345723	ENSG00000249115.9	HAUS5	False
ENST00000472823	12.521441	1.128981	1.2587194	0.12973845	0.9043574	0.9799172804063941	0.04365991602689545	ENSG00000204681.11	GABBR1	False
ENST00000698245	269.97043	5.6719494	5.801608	0.1296587	0.7650473	0.9408412036750549	0.11631170653152717	ENSG00000107960.12	STN1	False
ENST00000380747	67.935875	1.5726757	1.7023108	0.1296351	0.9286343	0.9857915693617149	0.03215528587128552	ENSG00000205581.11	HMGN1	False
ENST00000263256	170.74284	5.039553	5.1691704	0.12961721	0.74642324	0.935882830083255	0.12701484462247015	ENSG00000100418.8	DESI1	False
ENST00000534810	9.2	0.8485544	0.9781475	0.12959313	0.863119	0.9701164326970539	0.0639293199811462	ENSG00000166793.13	YPEL4	False
ENST00000682386	864.1	7.288547	7.4180284	0.12948132	0.61775136	0.8950007964465299	0.20918628985368043	ENSG00000169813.17	HNRNPF	False
ENST00000678452	585.757	6.671707	6.8011074	0.12940025	0.71191263	0.9253207749023556	0.14757330098877372	ENSG00000164182.12	NDUFAF2	True
ENST00000589163	227.594	5.20178	5.3309793	0.1291995	0.77481693	0.9438798442096608	0.11080089820983771	ENSG00000105355.9	PLIN3	False
ENST00000547330	452.7308	6.320289	6.449482	0.12919283	0.63537526	0.9016400598756685	0.1969696986796602	ENSG00000058272.19	PPP1R12A	False
ENST00000551451	47.860035	2.604948	2.7339585	0.12901044	0.8684042	0.9712685271621075	0.061278079957814306	ENSG00000064763.12	FAR2	False
ENST00000350669	229.95	5.1828256	5.311386	0.12856054	0.80918574	0.956038146901163	0.0919517774667609	ENSG00000111716.14	LDHB	False
ENST00000673047	229.95	5.1828256	5.311386	0.12856054	0.80918574	0.956038146901163	0.0919517774667609	ENSG00000111716.14	LDHB	False
ENST00000504933	6.5	0.76982063	0.8982929	0.12847227	0.8565553	0.967769354600251	0.06724460192524327	ENSG00000125388.20	GRK4	False
ENST00000321250	575.3887	6.4680533	6.596431	0.12837744	0.812236	0.9567191578386287	0.09031775968201074	ENSG00000104660.19	LEPROTL1	False
ENST00000532491	9.268801	0.9643336	1.0927062	0.12837261	0.84865505	0.9657887474168751	0.07126880266771395	ENSG00000156738.18	MS4A1	False
ENST00000215531	98.22316	4.0513616	4.179681	0.12831926	0.8931114	0.9777066091447664	0.049094363332985294	ENSG00000095932.7	SMIM24	False
ENST00000428693	45.00659	2.480109	2.6082551	0.12814617	0.9213422	0.9840764564986135	0.03557903929351647	ENSG00000182670.14	TTC3	False
ENST00000700501	10.8	1.0344601	1.1624992	0.12803912	0.86280125	0.9700337015692152	0.06408923246596313	ENSG00000132964.13	CDK8	False
ENST00000340438	49.2	3.0650413	3.1928236	0.12778234	0.82137644	0.959616584378367	0.08545775687709925	ENSG00000189369.9	GSPT2	False
ENST00000455915	120.59798	4.4092145	4.5369835	0.127769	0.6351228	0.9016178897355179	0.19714231281999242	ENSG00000100401.21	RANGAP1	False
ENST00000263255	15.825938	1.9905663	2.1183333	0.12776709	0.8532536	0.9670574250954352	0.06892186917682495	ENSG00000100372.15	SLC25A17	False
ENST00000614134	152.99243	4.817041	4.944762	0.12772131	0.79062545	0.9496194146649638	0.102029208311452	ENSG00000234616.9	JRK	False
ENST00000424632	105.810326	4.23319	4.360887	0.12769699	0.7186774	0.9276433654338391	0.143466011104882	ENSG00000163162.9	RNF149	False
ENST00000368003	66.1	3.527356	3.655044	0.12768817	0.8252677	0.9603766183749399	0.08340516678088673	ENSG00000143222.12	UFC1	False
ENST00000413150	1559.5482	7.930821	8.058421	0.1276002	0.769113	0.9422289471440147	0.11400984550647365	ENSG00000071054.17	MAP4K4	False
ENST00000582973	15.111386	1.7104964	1.837822	0.12732553	0.8463554	0.9651926201771917	0.0724472414886689	ENSG00000166685.13	COG1	False
ENST00000335670	413.33868	6.111179	6.237935	0.12675619	0.7418421	0.9352195071985765	0.1296885290463485	ENSG00000069667.16	RORA	False
ENST00000340080	46.03904	2.9802694	3.1070232	0.1267538	0.83966845	0.9639625840381162	0.07589216342538692	ENSG00000164654.16	MIOS	False
ENST00000440886	30.958807	2.4596133	2.5863345	0.12672114	0.86413133	0.970440669868462	0.06342024804554322	ENSG00000171517.6	LPAR3	False
ENST00000262061	62.8938	3.7360525	3.8624864	0.12643385	0.57447207	0.8777929733665634	0.2407310814274563	ENSG00000111481.10	COPZ1	True
ENST00000372447	2283.9268	8.616252	8.742609	0.12635708	0.8503464	0.9661825996474684	0.07040412949423845	ENSG00000136819.15	C9orf78	False
ENST00000698216	583.2736	6.5396657	6.6659193	0.1262536	0.76364154	0.9401182304072314	0.11711045735090654	ENSG00000270231.5	NBPF8	False
ENST00000535274	26.0	2.3832483	2.5094743	0.12622595	0.85909855	0.9684663890382288	0.06595701212392249	ENSG00000176383.9	B3GNT4	False
ENST00000216218	1190.5758	7.869587	7.9958034	0.12621641	0.620095	0.8962923551817317	0.20754176027135537	ENSG00000100380.15	ST13	False
ENST00000643665	114.67783	4.407478	4.5336823	0.12620449	0.81656635	0.9578365177208166	0.08800852197131487	ENSG00000127124.16	HIVEP3	False
ENST00000281092	62.18447	3.1828887	3.3089683	0.12607956	0.8802325	0.9748224213325505	0.05540259403893985	ENSG00000151422.14	FER	False
ENST00000217133	585.9655	6.623968	6.7500353	0.12606716	0.88459885	0.9758781555604147	0.0532536289683628	ENSG00000101162.4	TUBB1	False
ENST00000640237	47.6925	2.937544	3.0635939	0.12604976	0.8368331	0.96299534456408	0.07736114003902886	ENSG00000214279.13	SCART1	False
ENST00000527248	78.87956	3.8954608	4.021493	0.12603211	0.7966698	0.9515285182203104	0.09872165591526448	ENSG00000166337.11	TAF10	False
ENST00000559228	353.90543	6.037351	6.1633177	0.12596655	0.660619	0.9103157985469302	0.18004892631098818	ENSG00000128923.11	MINDY2	False
ENST00000519940	168.09126	5.0051455	5.130844	0.12569857	0.8916349	0.9771611911582333	0.04981294989895741	ENSG00000105483.18	CARD8	False
ENST00000509995	28.46112	1.9517368	2.0770462	0.12530935	0.9083581	0.9806896596019142	0.04174290816897681	ENSG00000159210.10	SNF8	False
ENST00000452767	71.55979	3.3592212	3.484413	0.12519169	0.8690256	0.9714645671804724	0.060967435773369896	ENSG00000079332.16	SAR1A	False
ENST00000540634	7.2	1.1090891	1.2342641	0.125175	0.8479459	0.9657860661311792	0.07163184075132709	ENSG00000105676.14	ARMC6	False
ENST00000525469	571.6998	6.7216086	6.846678	0.12506914	0.6480659	0.9058007019088778	0.18838081318336813	ENSG00000026508.21	CD44	True
ENST00000400825	9.511309	1.0542319	1.1792834	0.1250515	0.89030695	0.97688540448899	0.05046023656671502	ENSG00000130396.22	AFDN	True
ENST00000615541	43.1323	2.8882244	3.0132315	0.12500715	0.81050944	0.9563269992301062	0.09124192080085598	ENSG00000281991.2	TMEM265	False
ENST00000487099	103.03694	3.549926	3.674921	0.12499499	0.88103175	0.9750018993383772	0.05500843970329384	ENSG00000148200.17	NR6A1	False
ENST00000295958	885.31213	7.3743896	7.4993744	0.12498474	0.3117014	0.8118754707110037	0.506261264974931	ENSG00000163683.12	SMIM14	False
ENST00000360003	225.49995	5.089069	5.2139816	0.12491274	0.7165118	0.9268730199474257	0.1447766614484459	ENSG00000197771.13	MCMBP	False
ENST00000383789	49.070625	3.3371131	3.461904	0.12479091	0.74622256	0.935882830083255	0.12713162792880833	ENSG00000206562.12	METTL6	False
ENST00000368331	363.7154	5.9662004	6.0909443	0.12474394	0.8326823	0.9620384513941439	0.07952066085435637	ENSG00000116580.20	GON4L	False
ENST00000306336	457.3588	6.4975376	6.6222105	0.12467289	0.6105276	0.8920468181599023	0.21429471598306835	ENSG00000168887.11	C2orf68	False
ENST00000307194	802.2053	7.2420197	7.3664794	0.12445974	0.6367571	0.9018991094981259	0.19602622036042494	ENSG00000213203.3	GIMAP1	False
ENST00000402583	48.768513	1.6208798	1.7452918	0.12441206	0.92648506	0.985094240973058	0.033161578716618186	ENSG00000108468.15	CBX1	False
ENST00000618122	17.66972	1.4586204	1.5829353	0.124314904	0.9195005	0.9835440848369649	0.036448016209024804	ENSG00000273559.5	CWC25	False
ENST00000265810	45.048065	2.7819555	2.9062252	0.124269724	0.8423488	0.9643619989817128	0.0745080312671689	ENSG00000120913.24	PDLIM2	False
ENST00000455446	2875.4878	8.945094	9.069323	0.12422848	0.8599915	0.9688755675524223	0.06550584584843223	ENSG00000063854.13	HAGH	False
ENST00000683366	9.476903	1.0872569	1.2114693	0.124212384	0.8902796	0.97688540448899	0.05047358234821908	ENSG00000090581.11	GNPTG	False
ENST00000568479	204.74428	5.080472	5.20466	0.12418795	0.64223623	0.9035067051680366	0.19230519667859278	ENSG00000067992.17	PDK3	False
ENST00000336219	51.439808	2.646861	2.7710078	0.1241467	0.8760234	0.973643073359719	0.057484287144344545	ENSG00000170779.11	CDCA4	False
ENST00000331268	38.84412	1.261608	1.385675	0.12406695	0.91611475	0.982511203280513	0.0380501255728835	ENSG00000185787.15	MORF4L1	False
ENST00000674421	16.794361	0.9524277	1.0763929	0.123965204	0.92661226	0.9851102616776123	0.033101958905072386	ENSG00000244754.9	N4BP2L2	False
ENST00000389462	90.77862	3.8302279	3.9541583	0.123930454	0.8617139	0.9700337015692152	0.06463690847263658	ENSG00000159335.19	PTMS	True
ENST00000443439	177.98906	5.138248	5.262105	0.12385702	0.63557357	0.9016400598756685	0.1968341737624366	ENSG00000164307.13	ERAP1	False
ENST00000444040	13.017385	1.352503	1.4762871	0.123784184	0.8466044	0.9652914146466268	0.07231947522114489	ENSG00000144736.14	SHQ1	False
ENST00000403625	147.02127	4.685787	4.809568	0.12378073	0.68614244	0.9174340039208425	0.16358571448788475	ENSG00000069020.19	MAST4	False
ENST00000360943	306.7	5.644062	5.76767	0.12360811	0.78212106	0.9460155516916645	0.10672601853820836	ENSG00000159202.18	UBE2Z	False
ENST00000206249	11.878264	1.2126137	1.3361577	0.12354398	0.8575059	0.9680871278606209	0.06676287425887414	ENSG00000091831.25	ESR1	False
ENST00000380045	61.703575	2.4758766	2.599375	0.12349844	0.9040931	0.9799172804063941	0.04378685164041314	ENSG00000047634.15	SCML1	False
ENST00000321424	47.088604	3.0165832	3.1398025	0.12321925	0.89939517	0.9793520520749321	0.04604945009189695	ENSG00000105366.15	SIGLEC8	False
ENST00000362074	464.9749	6.267227	6.3903995	0.12317228	0.7040883	0.9222985764678387	0.15237289048963826	ENSG00000264343.7	NOTCH2NLA	True
ENST00000357348	896.2833	7.2975307	7.420542	0.12301111	0.7072454	0.9234034770961242	0.15042986273305187	ENSG00000022277.13	RTF2	False
ENST00000295588	158.1138	4.4492354	4.572034	0.12279844	0.84134305	0.9641238041865302	0.07502689091362784	ENSG00000163389.12	POGLUT1	False
ENST00000327141	527.3573	6.505197	6.6278667	0.1226697	0.837746	0.9632374861020546	0.07688762461083867	ENSG00000104964.15	TLE5	False
ENST00000261758	842.83093	7.276365	7.398978	0.12261343	0.60637945	0.8901216863280665	0.2172555256766631	ENSG00000117899.11	MESD	False
ENST00000537784	8.0791	1.0895125	1.2121207	0.122608185	0.88908124	0.9766784675728976	0.05105855360620036	ENSG00000151062.15	CACNA2D4	False
ENST00000296233	8.7	1.4607906	1.5833519	0.12256122	0.73716795	0.9341176788838464	0.13243355233284734	ENSG00000163884.4	KLF15	False
ENST00000420189	455.9992	6.5020757	6.6244917	0.12241602	0.69874483	0.9212025833663481	0.15568139027407762	ENSG00000144567.11	RETREG2	True
ENST00000407106	53.1	2.966113	3.088509	0.12239599	0.82325214	0.9597767554024879	0.0844671309107886	ENSG00000103876.14	FAH	False
ENST00000630695	29.411932	2.2547095	2.3769798	0.122270346	0.8884519	0.9765395272896182	0.051366092125494534	ENSG00000077721.17	UBE2A	True
ENST00000366615	33.80639	2.2489154	2.371076	0.12216067	0.8414822	0.9641296755091212	0.07495505489197651	ENSG00000168275.16	COA6	False
ENST00000475945	730.2	7.094673	7.216657	0.121984005	0.5797274	0.8801995577646254	0.23677616438355284	ENSG00000110651.13	CD81	False
ENST00000373456	22.0	1.9548861	2.0768187	0.121932626	0.8273248	0.9612421074538889	0.08232395299485346	ENSG00000116514.17	RNF19B	False
ENST00000682553	45.069557	3.0761278	3.197989	0.12186122	0.7785725	0.9445930724984782	0.1087009402233805	ENSG00000179046.9	TRIML2	False
ENST00000265872	313.41968	5.404569	5.5262938	0.121724606	0.8912959	0.9771611911582333	0.04997808643070776	ENSG00000060339.14	CCAR1	False
ENST00000341991	829.021	7.2129726	7.3346467	0.12167406	0.6976834	0.9212025833663481	0.15634161384103215	ENSG00000008130.15	NADK	False
ENST00000466254	447.44302	6.4200616	6.5416956	0.12163401	0.7426671	0.9352336696717043	0.12920582711138878	ENSG00000211772.11	TRBC2	False
ENST00000299163	417.63446	6.276445	6.3980217	0.121576786	0.5464208	0.8693177891645862	0.26247276718129914	ENSG00000166135.14	HIF1AN	False
ENST00000334213	19.700836	1.9813743	2.1027565	0.12138224	0.8475337	0.965714928002741	0.07184302271674006	ENSG00000132010.16	ZNF20	False
ENST00000690592	200.04955	5.289242	5.410468	0.12122631	0.7394413	0.9345775597603275	0.13109631077734052	ENSG00000122483.18	CCDC18	False
ENST00000472484	77.06328	3.9148476	4.036018	0.12117028	0.8229825	0.9597574746967461	0.08460940482422889	ENSG00000133142.19	TCEAL4	False
ENST00000537103	48.518867	2.928942	3.0499103	0.12096834	0.8094808	0.9561147010173113	0.09179345511652483	ENSG00000032742.18	IFT88	False
ENST00000369756	702.97375	6.9965363	7.117475	0.12093878	0.70388854	0.9222985764678387	0.15249610825863605	ENSG00000112773.16	TENT5A	False
ENST00000624166	960.14294	7.2536488	7.374505	0.120856285	0.80687547	0.9552005372235465	0.09319348886859619	ENSG00000085224.23	ATRX	False
ENST00000675896	117.8988	4.263014	4.3837137	0.12069988	0.74412984	0.9358045784008151	0.12835128168300924	ENSG00000087053.20	MTMR2	True
ENST00000589711	984.9	7.4179363	7.5386024	0.12066603	0.47155964	0.8496539504698483	0.326463369074434	ENSG00000108639.8	SYNGR2	True
ENST00000379103	37.8	2.562419	2.682952	0.12053299	0.8424387	0.9643619989817128	0.07446169184455062	ENSG00000232859.10	LYRM9	True
ENST00000358296	117.23458	4.4378448	4.5583296	0.12048483	0.77074635	0.9426301048560082	0.11308852310922593	ENSG00000197020.12	ZNF100	False
ENST00000375151	252.9755	5.579085	5.6994896	0.12040472	0.6985683	0.9212025833663481	0.15579113552385793	ENSG00000158526.8	TSR2	False
ENST00000276390	697.1686	6.8176575	6.93786	0.12020254	0.73681605	0.9340148165967612	0.1326409233213484	ENSG00000147416.11	ATP6V1B2	False
ENST00000565299	27.393951	2.0266988	2.1468863	0.12018752	0.914863	0.9821535348192515	0.038643940881684075	ENSG00000074696.13	HACD3	False
ENST00000374148	6.1	0.87534165	0.99552655	0.1201849	0.8687459	0.97134340028801	0.06110722050759988	ENSG00000204161.15	TMEM273	False
ENST00000301729	153.9	4.9267216	5.046733	0.12001133	0.48959666	0.8535577747074619	0.310161549232696	ENSG00000167969.13	ECI1	False
ENST00000393985	122.94094	4.4716773	4.5916543	0.119977	0.59423083	0.8857079187793583	0.22604481930744574	ENSG00000197620.11	EOLA1	False
ENST00000428221	21.80132	2.0812314	2.201136	0.11990476	0.89380276	0.9779700292791195	0.04875830761567998	ENSG00000169016.17	E2F6	True
ENST00000300107	542.1258	6.5685086	6.688285	0.11977625	0.74764	0.9359117239908454	0.12630746322980277	ENSG00000166855.9	CLPX	False
ENST00000296933	85.00363	3.6846325	3.8043144	0.119681835	0.8841648	0.9757721701424954	0.05346677403598043	ENSG00000072803.18	FBXW11	False
ENST00000527174	69.19495	3.1756332	3.2953053	0.11967206	0.83816546	0.9633961682743168	0.07667023895009341	ENSG00000162241.13	SLC25A45	False
ENST00000428056	610.7585	6.5178223	6.6374693	0.119647026	0.7826206	0.946335183879558	0.10644871997591623	ENSG00000010404.18	IDS	False
ENST00000563128	15.05647	1.3559961	1.4754828	0.11948669	0.9194899	0.9835440848369649	0.036453027330601386	ENSG00000285117.2	ENSG00000285117	False
ENST00000311922	66.8	3.4811256	3.600605	0.11947942	0.86591434	0.9709615110022777	0.06252506574928296	ENSG00000173334.4	TRIB1	False
ENST00000536256	8.235944	0.93976116	1.0590458	0.11928463	0.89885634	0.9791452810995616	0.04630971308555956	ENSG00000125257.16	ABCC4	False
ENST00000373544	150.66245	4.6490607	4.7682514	0.11919069	0.69010264	0.9186724533179029	0.16108631319444588	ENSG00000136933.17	RABEPK	False
ENST00000264052	1424.1077	7.9683814	8.0874405	0.119059086	0.73869437	0.9345775597603275	0.13153521108755156	ENSG00000067066.17	SP100	False
ENST00000263559	171.78656	4.970885	5.089941	0.119056225	0.5657792	0.8756247794447481	0.2473530157390338	ENSG00000122958.15	VPS26A	False
ENST00000678609	93.89716	3.9035625	4.022599	0.119036674	0.90653163	0.9799172804063941	0.04261703730463752	ENSG00000108298.12	RPL19	False
ENST00000475243	235.81209	5.446963	5.565929	0.1189661	0.76258236	0.939913304152022	0.11771324404759853	ENSG00000124164.16	VAPB	False
ENST00000430046	27.641794	2.1407	2.2595863	0.11888623	0.8110444	0.9563933529011291	0.0909553727151428	ENSG00000157107.14	FCHO2	False
ENST00000518502	341.50305	5.795158	5.913947	0.118789196	0.64861274	0.9058007019088778	0.18801452677122082	ENSG00000040341.18	STAU2	True
ENST00000522587	68.53189	3.533734	3.6524723	0.118738174	0.8694223	0.9716324955986775	0.06076921642185981	ENSG00000250565.7	ATP6V1E2	False
ENST00000420525	40.403587	2.8540394	2.9725096	0.11847019	0.87356365	0.9726684539396364	0.058705447119245704	ENSG00000078403.17	MLLT10	True
ENST00000531727	32.47818	2.3455014	2.4638364	0.11833501	0.866961	0.9710546236986305	0.06200043752399526	ENSG00000071894.17	CPSF1	False
ENST00000338146	402.7642	6.14578	6.264076	0.11829615	0.68579954	0.9173021276178854	0.16380281110075254	ENSG00000176422.14	SPRYD4	False
ENST00000394876	9.7162285	0.9494686	1.0676795	0.11821091	0.87970394	0.9747123089375246	0.05566346342854779	ENSG00000145331.14	TRMT10A	False
ENST00000441024	6.316174	0.9209772	1.0391815	0.118204296	0.9042366	0.9799172804063941	0.04371791132294713	ENSG00000125107.19	CNOT1	False
ENST00000258704	21.92652	1.7950672	1.9132512	0.11818397	0.853798	0.9672304130561934	0.0686448809942375	ENSG00000136206.5	SPDYE1	False
ENST00000460813	52.265247	3.4352958	3.5534697	0.11817384	0.8194228	0.958526645353252	0.08649196602595347	ENSG00000163617.11	CCDC191	False
ENST00000322313	387.7525	6.0959325	6.213871	0.11793852	0.72867936	0.9313879942172696	0.137463532406158	ENSG00000136709.12	WDR33	False
ENST00000533742	131.22807	4.288377	4.4061956	0.11781883	0.8474841	0.965714928002741	0.07186843498729424	ENSG00000110330.10	BIRC2	False
ENST00000558012	196.67343	5.0462337	5.163938	0.11770439	0.77758586	0.9443355109842944	0.10925164316082898	ENSG00000140368.14	PSTPIP1	False
ENST00000528896	35.42842	2.9492147	3.0668259	0.11761117	0.7045299	0.9224621340262796	0.1521005822771	ENSG00000007202.16	BLTP2	False
ENST00000217109	185.46936	4.9805512	5.098074	0.11752272	0.8112036	0.9563933529011291	0.09087013122078756	ENSG00000101138.12	CSTF1	False
ENST00000350498	1804.1849	8.310126	8.427548	0.117422104	0.6896502	0.9186431748190395	0.16137114739151456	ENSG00000106244.13	PDAP1	False
ENST00000445193	432.0258	6.1270156	6.244391	0.117375374	0.7483792	0.9361427260504037	0.12587830841335865	ENSG00000163684.12	RPP14	False
ENST00000396705	600.9	6.8769436	6.9943085	0.11736488	0.66879684	0.9127366894097521	0.17470578929726305	ENSG00000111669.15	TPI1	True
ENST00000200652	51.2	2.8725252	2.98988	0.11735487	0.85190916	0.966826986744672	0.06960671174426025	ENSG00000197208.6	SLC22A4	False
ENST00000320672	196.09842	5.1010184	5.218327	0.11730862	0.7919345	0.9502251718469603	0.10131074229898485	ENSG00000145687.17	SSBP2	False
ENST00000684728	9.282269	1.5002303	1.6174684	0.117238045	0.8351996	0.9626844520213611	0.07820972519844913	ENSG00000114279.15	FGF12	False
ENST00000704786	17.972391	1.6789961	1.7962077	0.11721158	0.86563885	0.9708866322432824	0.06266325953600162	ENSG00000164983.9	TMEM65	False
ENST00000374517	101.798035	3.2504473	3.367575	0.11712766	0.91161287	0.9812113632165093	0.04018955295617002	ENSG00000136810.13	TXN	True
ENST00000261658	229.01775	5.374542	5.491326	0.11678362	0.69200635	0.9190707643921263	0.15988992061870155	ENSG00000103429.11	BFAR	False
ENST00000264716	499.89584	5.419563	5.536256	0.11669302	0.9221409	0.9842353161448519	0.03520271688619771	ENSG00000075426.12	FOSL2	False
ENST00000680362	26.847271	2.112606	2.229213	0.11660695	0.8462361	0.9651793804116239	0.07250844683331792	ENSG00000151322.20	NPAS3	False
ENST00000302017	41.32071	2.626222	2.7426643	0.11644244	0.86563045	0.9708866322432824	0.06266747600484725	ENSG00000181444.13	ZNF467	False
ENST00000399349	9.773019	0.962224	1.0783534	0.1161294	0.88113797	0.9750018993383772	0.05495608515978465	ENSG00000205726.15	ITSN1	False
ENST00000253727	270.20282	5.6070004	5.723112	0.116111755	0.7446424	0.935882830083255	0.12805225212243507	ENSG00000131408.15	NR1H2	False
ENST00000353130	122.8	3.949485	4.0655713	0.116086245	0.9008219	0.9795933271878859	0.04536105250230025	ENSG00000131969.15	ABHD12B	False
ENST00000607882	93.61627	4.033925	4.1498356	0.11591053	0.7663776	0.9411332397400953	0.11555718169998616	ENSG00000154710.18	RABGEF1	True
ENST00000231498	259.98932	5.3741546	5.4900484	0.11589384	0.81249976	0.9568085348731064	0.09017675778771998	ENSG00000113569.16	NUP155	False
ENST00000479665	119.713844	3.6846955	3.800513	0.11581755	0.90118396	0.9796827936525487	0.04518654544343502	ENSG00000163512.14	AZI2	False
ENST00000698944	2452.7168	8.767558	8.883131	0.11557293	0.6456222	0.9049129263557762	0.19002154878631333	ENSG00000048828.18	FAM120A	False
ENST00000281187	75.29195	4.0105653	4.126122	0.11555672	0.74619603	0.935882830083255	0.1271470649596831	ENSG00000151502.11	VPS26B	False
ENST00000265990	294.7	5.737004	5.852519	0.11551523	0.76578486	0.9410582432937948	0.11589322434546691	ENSG00000095564.15	BTAF1	False
ENST00000392951	317.30737	5.9267526	6.042251	0.11549854	0.835882	0.9627594456463211	0.07785502263056275	ENSG00000149591.17	TAGLN	True
ENST00000642319	32.138664	2.5892985	2.7045536	0.11525512	0.83089095	0.9617724706824102	0.08045596945659213	ENSG00000230124.8	ACBD6	False
ENST00000395002	228.37187	5.2754197	5.3903913	0.11497164	0.834748	0.962643068203717	0.0784445973560459	ENSG00000138640.15	FAM13A	False
ENST00000390545	30.626774	2.2681406	2.3830733	0.114932775	0.9264556	0.985094240973058	0.03317538128299253	ENSG00000211893.4	IGHG2	True
ENST00000292478	409.75284	6.158582	6.273479	0.114896774	0.6442073	0.9043177692507586	0.1909743590081856	ENSG00000106246.18	PTCD1	False
ENST00000549937	48.780483	3.2272577	3.3421297	0.11487198	0.7092735	0.9240405823737113	0.14918625554444565	ENSG00000161642.18	ZNF385A	False
ENST00000273317	282.70905	5.73541	5.8500175	0.114607334	0.5095434	0.8566665741098184	0.2928188032602402	ENSG00000144791.10	LIMD1	False
ENST00000311893	255.77188	5.724834	5.8392305	0.11439657	0.7254453	0.9293352268139775	0.13939534628587918	ENSG00000136003.16	ISCU	False
ENST00000383671	114.72948	4.351374	4.4656916	0.11431742	0.8029119	0.9544575196064525	0.09533211743390602	ENSG00000181847.12	TIGIT	False
ENST00000537541	28.779816	2.0134687	2.1277072	0.1142385	0.90931237	0.980874875715565	0.041286902089769956	ENSG00000205133.12	TRIQK	False
ENST00000458235	315.21613	5.745615	5.85969	0.114075184	0.8086054	0.9558782084971594	0.09226337725468385	ENSG00000105639.21	JAK3	False
ENST00000367559	184.31125	5.1427126	5.256763	0.11405039	0.7495481	0.936236640367669	0.12520050536475608	ENSG00000135828.11	RNASEL	False
ENST00000358350	400.63208	6.194959	6.308799	0.11383963	0.624154	0.8979233606519958	0.20470826160131006	ENSG00000075539.15	FRYL	False
ENST00000395305	136.5	4.5908875	4.7043533	0.113465786	0.8040632	0.9551009493725148	0.09470981350857405	ENSG00000204257.15	HLA-DMA	False
ENST00000543351	276.3716	5.756224	5.869673	0.11344862	0.75926465	0.938790070041057	0.11960682078984554	ENSG00000165637.14	VDAC2	False
ENST00000327490	734.8	6.8964562	7.0098886	0.11343241	0.763333	0.940089844663147	0.11728594917306133	ENSG00000185262.9	UBALD2	False
ENST00000368687	18.425716	1.1758136	1.2891765	0.11336291	0.91426015	0.9818836633608401	0.03893020995504378	ENSG00000160679.14	CHTOP	False
ENST00000399312	125.7	4.4964056	4.609701	0.113295555	0.7637557	0.940143643711541	0.11704554741270615	ENSG00000243927.6	MRPS6	False
ENST00000327428	24.855	1.9624294	2.0756319	0.11320245	0.88159794	0.9751666532336161	0.05472943518720155	ENSG00000163170.12	BOLA3	False
ENST00000461940	1263.044	7.8588014	7.971821	0.11301947	0.772334	0.9429686315274907	0.11219485752078515	ENSG00000133574.10	GIMAP4	False
ENST00000618001	26.69054	1.9748707	2.087792	0.11292124	0.8863559	0.9762529517548046	0.05239187139495919	ENSG00000177426.22	TGIF1	False
ENST00000369851	1352.5936	7.8386664	7.9515657	0.1128993	0.6675137	0.9124991026791659	0.1755397981357986	ENSG00000065135.12	GNAI3	False
ENST00000699262	67.970024	1.8343645	1.947062	0.11269748	0.961726	0.9938494377182787	0.0169486383162492	ENSG00000162434.14	JAK1	False
ENST00000261601	259.26517	5.62236	5.735029	0.11266899	0.68480176	0.9173021276178854	0.16443513384462696	ENSG00000101557.15	USP14	False
ENST00000222690	121.63208	4.4758487	4.588492	0.11264324	0.69781095	0.9212025833663481	0.15626222122624106	ENSG00000105968.19	H2AZ2	False
ENST00000377474	344.0	5.904997	6.017523	0.11252594	0.7554492	0.9377250124087975	0.12179474826344414	ENSG00000178695.6	KCTD12	False
ENST00000397682	14.66604	1.4320952	1.5445261	0.11243093	0.90030354	0.9795430635977802	0.04561104094214784	ENSG00000160298.18	C21orf58	False
ENST00000542434	390.803	6.074093	6.1863804	0.11228752	0.753721	0.9368039250226486	0.1227893850594958	ENSG00000012779.12	ALOX5	False
ENST00000391859	191.77501	4.796303	4.9085345	0.11223173	0.8621364	0.9700337015692152	0.06442400642184999	ENSG00000104894.12	CD37	False
ENST00000618863	38.575478	2.1616817	2.2738771	0.11219549	0.9466894	0.9908778616775317	0.023792473273540574	ENSG00000165949.13	IFI27	False
ENST00000376736	22.480358	1.7429695	1.8548872	0.111917734	0.9304573	0.9859745741870203	0.031303555269697816	ENSG00000135002.12	RFK	False
ENST00000339901	236.1167	5.510364	5.6222253	0.11186123	0.7545803	0.9371003902398674	0.12229452631834647	ENSG00000187742.15	SECISBP2	False
ENST00000330236	36.830467	2.6132123	2.7248654	0.11165309	0.8643978	0.9705231554257557	0.06328633515789335	ENSG00000198315.11	ZKSCAN8	False
ENST00000288815	95.74248	3.8392694	3.9508379	0.11156845	0.8590744	0.9684663890382288	0.06596921557185202	ENSG00000185585.20	OLFML2A	False
ENST00000310343	38.47882	2.4702065	2.581707	0.1115005	0.9063671	0.9799172804063941	0.042695856127325994	ENSG00000134909.19	ARHGAP32	False
ENST00000395958	3566.5813	9.426655	9.538105	0.111450195	0.49607992	0.8537766521893764	0.30444835018942207	ENSG00000164924.18	YWHAZ	False
ENST00000641626	1319.5388	7.707435	7.818761	0.11132574	0.724946	0.9292743254121232	0.13969432888503952	ENSG00000228198.3	OR2M3	False
ENST00000652033	14.525061	1.4049735	1.5157965	0.110823035	0.92164034	0.9842353161448519	0.03543852617141627	ENSG00000134900.13	TPP2	False
ENST00000413971	143.59875	4.6163154	4.727025	0.11070967	0.80660063	0.9552005372235465	0.09334144296753175	ENSG00000077097.17	TOP2B	False
ENST00000622633	13219.989	11.1496725	11.260315	0.11064243	0.78436697	0.946795898683074	0.1054807055354757	ENSG00000189067.14	LITAF	False
ENST00000265732	130.52585	4.6341195	4.7446666	0.110547066	0.74252135	0.9352336696717043	0.12929105696061471	ENSG00000127993.16	RBM48	False
ENST00000358647	288.5	5.5738206	5.684239	0.11041832	0.83164805	0.961787625928753	0.08006042554296657	ENSG00000196329.12	GIMAP5	False
ENST00000617306	85.011215	3.930308	4.040725	0.11041713	0.7630006	0.940089844663147	0.11747511626571704	ENSG00000149534.9	MS4A2	False
ENST00000282077	444.3719	6.1793723	6.2897544	0.11038208	0.7877525	0.9486049675655936	0.10361020485470912	ENSG00000152256.14	PDK1	False
ENST00000279024	39.933064	2.7204933	2.8308728	0.11037946	0.9051225	0.9799172804063941	0.04329263016030535	ENSG00000149633.12	KIAA1755	False
ENST00000675909	301.01385	5.856294	5.9665394	0.11024523	0.65714383	0.9091333548774677	0.1823395645603825	ENSG00000131165.16	CHMP1A	True
ENST00000420869	57.0365	2.9152517	3.0254395	0.11018777	0.8900983	0.97688540448899	0.050562041228170616	ENSG00000223417.9	TRIM49D1	False
ENST00000219235	76.820076	3.6610148	3.7712011	0.11018634	0.8725892	0.9725407766505689	0.059190181027544884	ENSG00000102962.5	CCL22	False
ENST00000361204	12.70952	1.5636138	1.6737039	0.11009014	0.8140331	0.9569372134995232	0.08935794034882885	ENSG00000198911.13	SREBF2	False
ENST00000428126	142.92007	4.2009296	4.310733	0.1098032	0.86230886	0.9700337015692152	0.0643371517012917	ENSG00000165682.15	CLEC1B	False
ENST00000354488	54.060596	3.2682247	3.3779128	0.10968804	0.84425944	0.9647067702622658	0.0735240741839698	ENSG00000198171.13	DDRGK1	False
ENST00000696382	1822.3187	8.378508	8.488174	0.109666824	0.67517614	0.9142632374641173	0.17058291126663383	ENSG00000196504.21	PRPF40A	False
ENST00000361547	17.331593	1.3838662	1.4935316	0.109665394	0.9251647	0.9847595462890941	0.03378094646042154	ENSG00000162430.18	SELENON	False
ENST00000318203	12.524508	1.2227329	1.3322194	0.10948646	0.85768986	0.9680871278606209	0.06666972559361967	ENSG00000180532.12	ZSCAN4	False
ENST00000393118	4.91647	1.0072013	1.1166729	0.10947156	0.9084475	0.9806896596019142	0.04170016396729662	ENSG00000122786.20	CALD1	False
ENST00000320756	41.144814	2.892973	3.0023842	0.10941124	0.7863265	0.9479095114462239	0.10439707268167421	ENSG00000111196.10	MAGOHB	False
ENST00000261038	75.541	3.3249104	3.433979	0.10906863	0.88596904	0.9762529517548046	0.05258145281449298	ENSG00000138463.9	SLC49A4	False
ENST00000698145	32.74358	1.474605	1.5834343	0.10882938	0.95504344	0.9918878004335824	0.01997687638078466	ENSG00000115415.21	STAT1	False
ENST00000592590	65.3	2.9093506	3.0180514	0.10870075	0.9103672	0.9809361663924436	0.04078340241520628	ENSG00000182087.14	TMEM259	False
ENST00000611972	132.0	4.570823	4.67926	0.108436584	0.71071625	0.9249015555816553	0.14830375611464933	ENSG00000101150.18	TPD52L2	False
ENST00000261745	82.8866	3.6080258	3.7160404	0.10801458	0.8515906	0.966826986744672	0.06976915439041831	ENSG00000111300.10	NAA25	False
ENST00000706247	182.46037	4.885547	4.99338	0.10783291	0.7737264	0.9433240753912717	0.11141258242210016	ENSG00000185829.19	ARL17A	False
ENST00000621663	882.8706	7.3946404	7.50237	0.107729435	0.6971562	0.9211045853287517	0.15666991166567026	ENSG00000166295.9	ANAPC16	False
ENST00000471292	20.526442	1.976801	2.084414	0.10761297	0.8181571	0.9580175559429005	0.08716330873206378	ENSG00000170906.16	NDUFA3	True
ENST00000630983	41.64442	1.850119	1.9576802	0.10756123	0.9446832	0.9905284974448251	0.024713810639661632	ENSG00000186184.20	POLR1D	False
ENST00000375654	108.6	4.350484	4.4580293	0.107545376	0.4608937	0.8481416265840513	0.3363992371182669	ENSG00000204390.10	HSPA1L	False
ENST00000289361	235.80183	5.5319705	5.6394844	0.107513905	0.6544011	0.9077744770684867	0.18415596370756224	ENSG00000026950.17	BTN3A1	False
ENST00000590202	17.683428	1.5925031	1.7000169	0.107513785	0.8539819	0.9672304130561934	0.06855132783872556	ENSG00000175322.12	ZNF519	False
ENST00000020926	19.512821	1.5578877	1.6653638	0.107476115	0.861816	0.9700337015692152	0.06458545283566379	ENSG00000019505.8	SYT13	False
ENST00000530076	68.22382	3.2618487	3.369297	0.10744834	0.94158715	0.9892384294880157	0.026139476970156728	ENSG00000131238.18	PPT1	True
ENST00000436021	175.28717	5.12107	5.2283983	0.107328415	0.7196507	0.9279414780187618	0.14287825641252044	ENSG00000139372.15	TDG	False
ENST00000465342	81.49355	3.844753	3.9520388	0.10728574	0.75961983	0.9388412636289906	0.11940370529281824	ENSG00000212993.6	POU5F1B	False
ENST00000590996	457.23273	6.435732	6.5430174	0.1072855	0.7191478	0.9276859046863852	0.1431818429474926	ENSG00000188554.15	NBR1	False
ENST00000566113	17.987911	1.1985192	1.3056583	0.10713911	0.9470723	0.9908778616775317	0.023616853016757363	ENSG00000103502.14	CDIPT	False
ENST00000332783	130.7	4.3072705	4.414225	0.106954575	0.7710345	0.9426301048560082	0.11292620072210638	ENSG00000183475.13	ASB7	False
ENST00000314940	889.4	7.348301	7.455002	0.1067009	0.7142158	0.9257062139447186	0.1461705373406457	ENSG00000177733.7	HNRNPA0	False
ENST00000700070	37.212616	2.6642373	2.7709088	0.10667157	0.8833599	0.9756353125630867	0.05386231491478763	ENSG00000151779.14	NBAS	False
ENST00000083182	121.87694	4.498866	4.6054525	0.10658646	0.76186985	0.939913304152022	0.11811921399001887	ENSG00000062725.10	APPBP2	False
ENST00000612128	21.085846	1.8396319	1.9460958	0.10646391	0.88435566	0.9757721701424954	0.053373038201890564	ENSG00000130024.15	PHF10	False
ENST00000427836	128.42175	4.683844	4.790254	0.10641003	0.76374733	0.940143643711541	0.11705029245809433	ENSG00000178385.15	PLEKHM3	False
ENST00000547743	592.9367	6.6859393	6.792187	0.1062479	0.8184986	0.9580175559429005	0.08698205301444603	ENSG00000120868.15	APAF1	True
ENST00000282388	1796.8	8.320018	8.426077	0.106059074	0.7413104	0.935065702752577	0.1299998966851594	ENSG00000152518.8	ZFP36L2	False
ENST00000592324	22.767803	1.7686101	1.8741996	0.10558951	0.9058599	0.9799172804063941	0.04293897091908976	ENSG00000033627.18	ATP6V0A1	False
ENST00000437868	1307.6	7.763003	7.868506	0.10550308	0.8210765	0.9595784758313319	0.0856163710932653	ENSG00000125505.17	MBOAT7	False
ENST00000692761	142.27942	4.586812	4.6921744	0.105362415	0.81532127	0.957437119553559	0.08867122949151121	ENSG00000120699.14	EXOSC8	False
ENST00000616463	119.14789	4.4804115	4.58576	0.10534859	0.73049146	0.932062538788564	0.13638485730711328	ENSG00000117281.16	CD160	False
ENST00000517956	154.23633	4.928011	5.033319	0.105308056	0.74691164	0.9359070387213771	0.12673076951849305	ENSG00000156804.7	FBXO32	False
ENST00000675372	103.027054	4.100406	4.2055597	0.10515356	0.7909501	0.9498024925976432	0.10185090400038181	ENSG00000169567.13	HINT1	False
ENST00000219169	380.57968	6.2518444	6.3569736	0.10512924	0.5471652	0.8693177891645862	0.26188151985344965	ENSG00000102898.13	NUTF2	False
ENST00000346667	1360.9768	8.137397	8.242411	0.10501385	0.69604915	0.9207701935938762	0.15736009017045802	ENSG00000185811.21	IKZF1	False
ENST00000398738	31.610012	2.1725144	2.2774491	0.10493469	0.8715152	0.9722812046007222	0.059725026808659175	ENSG00000244694.8	PTCHD4	False
ENST00000637181	122.31382	4.11883	4.2236414	0.10481119	0.9202635	0.9840132836101918	0.036087789257163494	ENSG00000055208.20	TAB2	False
ENST00000434755	7.23816	0.8170244	0.9217875	0.10476309	0.91178966	0.9812898456425189	0.040105339206027005	ENSG00000106100.11	NOD1	False
ENST00000254846	296.8065	5.2334614	5.3380423	0.10458088	0.8696068	0.9716941521742408	0.060677076420499625	ENSG00000132510.11	KDM6B	False
ENST00000424100	402.7768	5.831997	5.936267	0.10426998	0.8457234	0.9649643906126631	0.07277165775092966	ENSG00000164604.14	GPR85	False
ENST00000413507	351.83142	5.7094264	5.813592	0.104165554	0.82410693	0.9601797487709928	0.08401643292870667	ENSG00000103642.12	LACTB	False
ENST00000545294	366.21182	6.157295	6.2612953	0.10400009	0.7761869	0.9442272701652389	0.11003370054680409	ENSG00000152332.16	UHMK1	False
ENST00000344730	194.34834	5.1998115	5.3037424	0.10393095	0.7182752	0.9274363347079551	0.14370913467054192	ENSG00000143322.22	ABL2	False
ENST00000285518	87.50443	3.963689	4.0673933	0.103704214	0.8223533	0.9596230182737303	0.08494155865690475	ENSG00000155189.12	AGPAT5	False
ENST00000438747	275.74634	5.673628	5.7772794	0.10365152	0.73421997	0.9332857513397641	0.13417380831909184	ENSG00000130305.17	NSUN5	False
ENST00000486588	34.583866	2.3973377	2.5007496	0.10341191	0.9005224	0.9795430635977802	0.04550547463135402	ENSG00000120942.14	UBIAD1	False
ENST00000527424	105.971115	4.3424554	4.4458	0.10334444	0.6888852	0.9182396508388352	0.16185313799396897	ENSG00000120925.16	RNF170	False
ENST00000427826	29.63325	2.062361	2.1656234	0.103262424	0.9263482	0.985094240973058	0.03322573363471495	ENSG00000112511.18	PHF1	True
ENST00000537045	124.4	4.4994206	4.602361	0.10294056	0.73210824	0.9326695814816518	0.13542470781541643	ENSG00000070413.21	DGCR2	False
ENST00000409687	22.5	1.8498974	1.9527075	0.102810144	0.8925429	0.9774122552991641	0.049370901040545555	ENSG00000186193.9	SAPCD2	False
ENST00000262133	662.4233	6.9607415	7.063257	0.1025157	0.69206613	0.9190707643921263	0.15985240289247038	ENSG00000103479.17	RBL2	False
ENST00000379426	121.54297	4.095745	4.198246	0.102500916	0.84373957	0.9646143871601687	0.0737915831356834	ENSG00000205269.6	TMEM170B	False
ENST00000674044	78.714035	3.824525	3.9270225	0.10249734	0.7470223	0.9359070387213771	0.12666645026477574	ENSG00000249481.7	SPATS1	False
ENST00000524678	53.184242	3.2588098	3.3612988	0.102488995	0.841023	0.9640760333298781	0.07519211270193586	ENSG00000060749.17	QSER1	False
ENST00000482587	421.05927	6.2518005	6.354186	0.10238552	0.7859431	0.9475608847910265	0.10460889950266548	ENSG00000169905.13	TOR1AIP2	False
ENST00000456966	164.38638	4.6753597	4.777727	0.1023674	0.8651	0.9706390062635414	0.06293367486454116	ENSG00000157557.13	ETS2	False
ENST00000369535	104.543785	4.107041	4.2092957	0.10225487	0.8345108	0.962643068203717	0.07856803675631345	ENSG00000213281.5	NRAS	False
ENST00000305747	133.47507	4.7419653	4.8441925	0.10222721	0.73285264	0.9328989707216432	0.134983344647122	ENSG00000172292.15	CERS6	False
ENST00000556814	211.43228	4.96216	5.064291	0.10213089	0.8438106	0.9646143871601687	0.07375501406118307	ENSG00000119616.11	FCF1	False
ENST00000641722	15.666748	1.6563668	1.7584906	0.10212374	0.8988336	0.9791452810995616	0.046320714359826674	ENSG00000254737.3	OR10G4	False
ENST00000517490	252.07368	5.379329	5.481311	0.10198164	0.8244368	0.9601797487709928	0.08384263959916449	ENSG00000085719.13	CPNE3	False
ENST00000614862	17.106934	1.7751082	1.8770125	0.10190427	0.8570654	0.9679461824583995	0.0669860474758669	ENSG00000205683.12	DPF3	False
ENST00000282272	287.31964	4.8752227	4.977019	0.10179615	0.93508446	0.987270884346873	0.029149159399287895	ENSG00000065413.20	ANKRD44	False
ENST00000525155	106.18425	4.1790757	4.280711	0.101635456	0.8560202	0.9675263843306977	0.06751598072965942	ENSG00000110721.12	CHKA	False
ENST00000256538	21.114521	1.9444405	2.046003	0.10156262	0.87341434	0.9726684539396364	0.05877968314438646	ENSG00000134146.12	DPH6	False
ENST00000537981	981.77	7.1749682	7.276413	0.10144472	0.8320508	0.9620066277152278	0.07985015733108426	ENSG00000133318.14	RTN3	False
ENST00000682501	9.011677	0.91756916	1.0186758	0.10110664	0.88779557	0.9762929623608356	0.051687027602680236	ENSG00000288701.1	PRRC2B	False
ENST00000228495	178.8486	5.101712	5.2027483	0.10103607	0.82919174	0.9615679820520636	0.08134503051792602	ENSG00000110906.13	KCTD10	False
ENST00000254958	39.934086	2.844558	2.945474	0.10091591	0.82563937	0.9605312221906871	0.0832096077369117	ENSG00000101384.12	JAG1	False
ENST00000368533	4729.911	9.745617	9.846434	0.10081673	0.5843289	0.8819641855083519	0.23334264117410225	ENSG00000143549.22	TPM3	False
ENST00000278187	18.3	1.596633	1.6974325	0.10079956	0.8719843	0.9724547537241448	0.05949133293771743	ENSG00000148935.12	GAS2	False
ENST00000696605	1159.5055	6.972073	7.0726485	0.10057545	0.886507	0.9762529517548046	0.052317843187086724	ENSG00000075391.18	RASAL2	False
ENST00000692684	22.776894	2.197385	2.2978275	0.10044241	0.8519234	0.966826986744672	0.06959944959121796	ENSG00000146282.19	RARS2	False
ENST00000356401	504.2875	6.535555	6.635996	0.10044098	0.6612189	0.9104548772915186	0.17965475331494057	ENSG00000177479.20	ARIH2	False
ENST00000432648	344.55316	5.8750954	5.975497	0.1004014	0.7126347	0.9253601269841094	0.14713304513502926	ENSG00000174574.16	AKIRIN1	False
ENST00000309955	7336.3115	10.211422	10.311718	0.10029602	0.7905046	0.9495309400752145	0.10209561239326279	ENSG00000003402.21	CFLAR	False
ENST00000521442	63.439686	3.6122348	3.7125185	0.10028362	0.7814671	0.9457125277272185	0.10708931223849619	ENSG00000147416.11	ATP6V1B2	True
ENST00000346213	25.851171	2.4784672	2.5785553	0.10008812	0.8059035	0.9552005372235465	0.0937169611441711	ENSG00000108774.15	RAB5C	False
ENST00000532428	64.537094	3.5048618	3.6049118	0.10004997	0.7735971	0.943308155961098	0.11148515504768897	ENSG00000149089.13	APIP	False
ENST00000356861	91.7	4.126638	4.226681	0.1000433	0.7407148	0.934842123475954	0.1303489845337388	ENSG00000105576.16	TNPO2	False
ENST00000589955	21.728199	2.3449376	2.4449134	0.099975824	0.8443913	0.9647067702622658	0.0734562570076653	ENSG00000171791.14	BCL2	False
ENST00000370768	295.21942	5.8703027	5.970257	0.09995413	0.68594676	0.9173021276178854	0.16370958928280663	ENSG00000162613.18	FUBP1	False
ENST00000678650	60.102795	2.5399878	2.639876	0.09988809	0.9434329	0.9900039743590868	0.025288970339593472	ENSG00000165280.18	VCP	False
ENST00000536839	45.75816	2.0351846	2.1350307	0.099846125	0.9255992	0.9849199869814509	0.03357702124791593	ENSG00000077458.13	FAM76B	False
ENST00000233143	737.2	7.034916	7.1344647	0.09954882	0.7887333	0.9488973448629912	0.10306982109702603	ENSG00000034510.6	TMSB10	False
ENST00000644032	2681.468	8.686465	8.785999	0.099534035	0.829228	0.9615679820520636	0.08132605019771665	ENSG00000142347.20	MYO1F	False
ENST00000591519	317.445	5.8695607	5.969062	0.09950113	0.7781395	0.9445515049239985	0.10894255404548728	ENSG00000119541.10	VPS4B	False
ENST00000258281	10.431343	1.4598885	1.5591085	0.09922004	0.89880383	0.9791452810995616	0.046335085554119915	ENSG00000135801.11	TAF5L	False
ENST00000284881	82.1143	3.7446995	3.843556	0.09885645	0.8379854	0.9632952052878833	0.07676354977615522	ENSG00000154642.11	C21orf91	False
ENST00000367602	324.94473	5.7330146	5.831833	0.0988183	0.836298	0.9627884956331257	0.07763894759441616	ENSG00000116260.17	QSOX1	False
ENST00000492891	300.8476	5.7876334	5.8864145	0.09878111	0.8409762	0.9640760333298781	0.07521630578244032	ENSG00000135269.18	TES	True
ENST00000589144	136.91133	4.725982	4.8245497	0.098567486	0.61334884	0.8930687559101305	0.2122924505710034	ENSG00000105705.16	SUGP1	False
ENST00000334100	20.583136	1.2967492	1.3952192	0.09846997	0.922717	0.9842542511459073	0.034931489605416796	ENSG00000163512.14	AZI2	False
ENST00000368122	5.2025557	0.9414267	1.0397536	0.09832686	0.8697512	0.9717053851816388	0.06060495590120159	ENSG00000213088.14	ACKR1	False
ENST00000252744	676.6	6.785913	6.884156	0.09824324	0.7305405	0.932062538788564	0.13635569415076185	ENSG00000130449.6	ZSWIM6	False
ENST00000600335	574.9187	6.354548	6.4527626	0.09821463	0.839426	0.963832447912024	0.07601759308288096	ENSG00000132010.16	ZNF20	False
ENST00000440289	85.36566	3.7764957	3.8747044	0.098208666	0.83758193	0.9632374861020546	0.07697269938170212	ENSG00000149177.15	PTPRJ	False
ENST00000368908	369.8391	6.0260468	6.1242123	0.09816551	0.7016525	0.9220332408747174	0.15387790642995194	ENSG00000163155.12	LYSMD1	False
ENST00000532449	12.52086	1.4485527	1.5465708	0.09801805	0.93368214	0.9868165798799684	0.029800946828612108	ENSG00000149554.15	CHEK1	False
ENST00000408927	75.093704	3.9121158	4.0100703	0.09795451	0.79983616	0.9528853763336255	0.09699896630440782	ENSG00000138698.15	RAP1GDS1	False
ENST00000507656	17.629723	1.4038215	1.5017247	0.09790325	0.8865131	0.9762529517548046	0.0523148356016068	ENSG00000164162.14	ANAPC10	False
ENST00000328631	113.76433	4.298658	4.3965597	0.09790182	0.8100702	0.9562106393972939	0.09147733496771154	ENSG00000068745.15	IP6K2	False
ENST00000237837	1331.3422	7.7466054	7.844352	0.09774637	0.8664128	0.9709615110022777	0.06227513102142543	ENSG00000118972.3	FGF23	False
ENST00000347691	18.374737	1.8267956	1.9244802	0.09768462	0.89168996	0.9771611911582333	0.04978612513407839	ENSG00000182400.15	TRAPPC6B	False
ENST00000483437	122.45339	3.70946	3.8071368	0.097676754	0.9507295	0.9910506596680162	0.02194303511797425	ENSG00000186432.10	KPNA4	False
ENST00000352410	307.27335	5.860731	5.958282	0.09755087	0.7122636	0.9253601269841094	0.14735925923911114	ENSG00000178802.18	MPI	False
ENST00000426726	19.052591	1.8357615	1.933247	0.09748542	0.9242404	0.9845052519568991	0.03421504685523687	ENSG00000108309.14	RUNDC3A	False
ENST00000592416	7.8	1.075472	1.1727972	0.097325206	0.8998386	0.9795430635977802	0.045835368287927704	ENSG00000176624.12	MEX3C	False
ENST00000271638	949.1	7.411039	7.5082173	0.09717846	0.83915126	0.9638007869725905	0.07615974731434887	ENSG00000163191.6	S100A11	True
ENST00000651937	82.872025	3.949351	4.0464697	0.097118616	0.84615195	0.9651793804116239	0.07255164140342134	ENSG00000100578.18	KIAA0586	False
ENST00000451154	13.316312	1.7060467	1.8031236	0.09707689	0.8786172	0.9745354193411873	0.056200285760723466	ENSG00000106346.12	USP42	True
ENST00000375446	252.7	5.542132	5.639164	0.09703207	0.7042678	0.9223572449222427	0.15226216772763282	ENSG00000131669.10	NINJ1	False
ENST00000700115	291.0847	5.0654144	5.162348	0.096933365	0.93686163	0.9879728986860528	0.02832454562986542	ENSG00000146247.15	PHIP	False
ENST00000425700	61.679688	1.4454374	1.5423601	0.096922636	0.9466843	0.9908778616775317	0.02379482483598489	ENSG00000224389.9	C4B	False
ENST00000518321	516.11005	6.2804217	6.377296	0.09687424	0.8298668	0.9616945014374176	0.08099159574649288	ENSG00000175106.17	TVP23C	False
ENST00000505823	177.24168	4.617739	4.7143917	0.09665251	0.8391636	0.9638007869725905	0.07615336186718921	ENSG00000116731.23	PRDM2	False
ENST00000417253	18.9139	1.3139431	1.4105388	0.096595645	0.93669456	0.9879728986860528	0.028402000866624703	ENSG00000198265.12	HELZ	False
ENST00000423140	10.800221	1.1134505	1.2100183	0.09656775	0.91872233	0.9833598525807096	0.03681572703420922	ENSG00000179115.11	FARSA	False
ENST00000409953	13.34939	1.1575421	1.2538385	0.09629643	0.935888	0.9876089955392044	0.02877612476742825	ENSG00000184182.19	UBE2F	True
ENST00000357464	459.0821	6.402859	6.4989533	0.09609413	0.7847388	0.9470173335968161	0.10527488553386827	ENSG00000121274.14	TENT4B	False
ENST00000480229	121.85561	4.2552667	4.3513556	0.096088886	0.83937335	0.963832447912024	0.07604482362748623	ENSG00000147996.17	ZNG1E	False
ENST00000393087	744.5151	6.883268	6.979322	0.09605408	0.8681994	0.9712385662512119	0.061380514602843245	ENSG00000197249.14	SERPINA1	False
ENST00000373006	93.522255	4.0408573	4.1367846	0.09592724	0.75016654	0.9364276242359761	0.12484231345249361	ENSG00000164663.15	USP49	False
ENST00000341470	24.547588	2.0202744	2.1161282	0.095853806	0.917545	0.9827715568544004	0.03737261731030607	ENSG00000100802.15	C14orf93	False
ENST00000356738	19.6492	1.6430386	1.7388917	0.09585309	0.8748372	0.9732060155834779	0.058072748298968684	ENSG00000113108.20	APBB3	False
ENST00000294507	2359.7	8.701316	8.796785	0.095469475	0.72691935	0.9302394203585684	0.13851376862692028	ENSG00000162511.8	LAPTM5	False
ENST00000589296	181.10161	4.987029	5.082485	0.09545612	0.8522116	0.966826986744672	0.0694525613951807	ENSG00000108669.18	CYTH1	False
ENST00000418937	15.808397	1.7479879	1.8433735	0.09538567	0.8707805	0.972045318338562	0.06009129122261316	ENSG00000081760.17	AACS	True
ENST00000371205	413.13068	5.9905066	6.0857887	0.09528208	0.8338658	0.9625210462392724	0.0789038267368691	ENSG00000138185.20	ENTPD1	False
ENST00000520148	239.98184	5.5771885	5.6724596	0.09527111	0.701844	0.9220332408747174	0.153759422727943	ENSG00000104325.7	DECR1	True
ENST00000454828	17.545052	1.3184108	1.4135661	0.09515536	0.9338995	0.9868487932297305	0.02969984696386301	ENSG00000132274.17	TRIM22	False
ENST00000646704	92.0056	3.874499	3.9696417	0.0951426	0.86229897	0.9700337015692152	0.06434213494522517	ENSG00000285000.1	ENSG00000285000	False
ENST00000265229	79.038704	3.3175423	3.4124584	0.094916105	0.92348546	0.9842542511459073	0.03456993899443005	ENSG00000082515.18	MRPL22	False
ENST00000359634	143.21828	4.6597166	4.7545776	0.09486103	0.80549616	0.9552005372235465	0.09393652766972667	ENSG00000196950.14	SLC39A10	False
ENST00000711264	8.288056	1.178186	1.2729801	0.094794035	0.8887066	0.976606022888194	0.05124158254523827	ENSG00000292366.1	VAMP7	False
ENST00000262640	8.288056	1.178186	1.2729801	0.094794035	0.8887066	0.976606022888194	0.05124158254523827	ENSG00000124333.16	VAMP7	False
ENST00000619929	131.21375	4.5127234	4.607503	0.09477949	0.7591389	0.938790070041057	0.11967876397517185	ENSG00000161714.12	PLCD3	False
ENST00000463695	7.21263	1.1630193	1.2576311	0.094611764	0.9045134	0.9799172804063941	0.04358498589311296	ENSG00000163617.11	CCDC191	False
ENST00000360612	55.7	2.916542	3.0111508	0.09460878	0.85059977	0.9664158920783781	0.07027474120995121	ENSG00000198355.5	PIM3	False
ENST00000530398	942.01416	7.4663963	7.560989	0.09459257	0.8791206	0.9746659813132817	0.055951548996297965	ENSG00000177600.9	RPLP2	False
ENST00000512783	247.69003	5.4090843	5.5035715	0.09448719	0.71327555	0.9255966539728171	0.14674266158435173	ENSG00000132570.15	PCBD2	False
ENST00000427704	202.09077	5.096207	5.19065	0.094442844	0.78884465	0.9488973448629912	0.10300851827652306	ENSG00000112419.15	PHACTR2	False
ENST00000590123	11.098715	1.3458344	1.4400666	0.0942322	0.8983127	0.9790856921506778	0.046572466249409125	ENSG00000134440.12	NARS1	True
ENST00000423807	40.454105	2.5466669	2.6408792	0.09421229	0.90295213	0.9799172804063941	0.0443352709778068	ENSG00000187024.15	PTRH1	False
ENST00000324768	56.475994	3.2276154	3.3217196	0.09410429	0.8712975	0.9721955167052022	0.059833542707292124	ENSG00000175874.10	CREG2	False
ENST00000582401	17529.645	11.683473	11.777483	0.09401035	0.78539646	0.9473372535610051	0.10491106236162605	ENSG00000265972.6	TXNIP	False
ENST00000279907	128.2947	4.4235234	4.517503	0.09397936	0.8827921	0.9754367822474176	0.0541415544585414	ENSG00000111647.13	BLTP3B	False
ENST00000508632	126.54307	4.550796	4.6447635	0.09396744	0.74555236	0.935882830083255	0.1275218501320959	ENSG00000145247.12	OCIAD2	False
ENST00000586868	84.28015	4.0264306	4.1203747	0.09394407	0.77529645	0.9440636756093149	0.11053220480394325	ENSG00000105254.12	TBCB	True
ENST00000298454	14.563072	1.1676849	1.2615762	0.09389126	0.922072	0.9842353161448519	0.035235168865642666	ENSG00000165633.13	VSTM4	False
ENST00000677848	48.570824	2.6173935	2.7111592	0.093765736	0.94660217	0.9908778616775317	0.023832506259265588	ENSG00000132002.9	DNAJB1	False
ENST00000512744	13.054878	1.6303177	1.7240274	0.09370971	0.88552856	0.9762529517548046	0.052797425231344425	ENSG00000004399.13	PLXND1	False
ENST00000567430	48.6824	3.2255821	3.3190417	0.093459606	0.8603729	0.9690881056548954	0.0653132769777976	ENSG00000166509.12	CLEC3A	False
ENST00000508116	66.19753	3.020078	3.1135118	0.09343386	0.94777995	0.9908778616775317	0.02329248131417556	ENSG00000109452.13	INPP4B	False
ENST00000532169	270.59845	5.558969	5.652173	0.09320402	0.72998387	0.9319435976116471	0.13668673836082565	ENSG00000110077.15	MS4A6A	False
ENST00000372564	328.8	5.9104524	6.0033493	0.09289694	0.7464906	0.935882830083255	0.12697565797499383	ENSG00000148341.18	SH3GLB2	False
ENST00000583313	624.2453	6.79294	6.8857946	0.0928545	0.72974706	0.9317595755864704	0.13682764782764822	ENSG00000265241.8	RBM8A	False
ENST00000691029	87.19477	4.092074	4.184875	0.092801094	0.78409505	0.946795898683074	0.1056312884473957	ENSG00000140577.17	CRTC3	False
ENST00000413265	9.483119	1.0807831	1.1731074	0.09232426	0.9061482	0.9799172804063941	0.04280077017814069	ENSG00000135218.19	CD36	False
ENST00000699340	109.372536	3.6606472	3.7527618	0.09211469	0.9290485	0.985911074098404	0.031961623529917854	ENSG00000147654.16	EBAG9	False
ENST00000685980	377.40143	6.198551	6.290302	0.09175062	0.82453424	0.960237636889521	0.08379130630377986	ENSG00000177272.10	KCNA3	False
ENST00000254941	69.15023	3.8924034	3.9839706	0.09156728	0.79352397	0.950362321783052	0.10043995146211072	ENSG00000132603.15	NIP7	False
ENST00000652258	124.76211	4.637702	4.729266	0.09156418	0.77074254	0.9426301048560082	0.1130906725920899	ENSG00000078403.17	MLLT10	False
ENST00000399082	488.37213	6.4279823	6.5195193	0.091537	0.90764785	0.9805622461051541	0.042082617645219325	ENSG00000179344.17	HLA-DQB1	False
ENST00000361573	76.7	3.8922768	3.9836526	0.09137583	0.67461544	0.9142632374641173	0.17094372151387902	ENSG00000197818.12	SLC9A8	False
ENST00000537665	56.52942	2.7315676	2.822925	0.09135747	0.9408312	0.98887341859754	0.02648829609060425	ENSG00000134014.18	ELP3	False
ENST00000221975	1583.9744	8.07458	8.165882	0.09130192	0.8298628	0.9616945014374176	0.08099371687013367	ENSG00000105372.8	RPS19	False
ENST00000435817	130.99104	4.4806075	4.57181	0.09120226	0.81585395	0.9577838520661336	0.08838757767498395	ENSG00000197948.11	FCHSD1	False
ENST00000547078	63.82804	1.4111124	1.5022694	0.09115696	0.9450884	0.9906802672234423	0.02452757351222727	ENSG00000087470.21	DNM1L	False
ENST00000446778	53.2	3.1408968	3.2317944	0.09089756	0.80286396	0.9544569723965232	0.09535803925699922	ENSG00000146729.10	NIPSNAP2	False
ENST00000366662	19.83712	1.29822	1.3890287	0.09080863	0.9211144	0.9840764564986135	0.035686435226258	ENSG00000143643.13	TTC13	False
ENST00000477973	1837.2	8.338379	8.429157	0.09077835	0.80378455	0.9551009493725148	0.09486034629764159	ENSG00000163602.12	RYBP	True
ENST00000546272	71.62565	3.590626	3.6812558	0.090629816	0.8665909	0.9709615110022777	0.06218586719350471	ENSG00000157895.11	C12orf43	True
ENST00000595464	1788.0408	8.083431	8.174031	0.090600014	0.83749014	0.9632374861020546	0.07702029660677163	ENSG00000134830.6	C5AR2	False
ENST00000454337	36.88427	2.963477	3.054041	0.09056401	0.8409739	0.9640760333298781	0.07521747545661878	ENSG00000261732.1	ENSG00000261732	False
ENST00000375429	230.77917	5.448503	5.5390434	0.09054041	0.7146235	0.9259194499652	0.14592269977778494	ENSG00000204356.14	NELFE	False
ENST00000562169	18.665386	1.5170368	1.6075736	0.09053683	0.91792506	0.9829150413999719	0.03719277353279886	ENSG00000103342.13	GSPT1	False
ENST00000344138	509.79428	6.6777377	6.7681856	0.0904479	0.7844914	0.9468892894796618	0.10541180205446936	ENSG00000100351.17	GRAP2	False
ENST00000696226	9.800593	1.3690728	1.4594805	0.09040773	0.87748796	0.9742330273766866	0.056758835018181006	ENSG00000093072.19	ADA2	False
ENST00000495021	21.717342	1.5805687	1.6708424	0.09027374	0.9294265	0.985911074098404	0.0317849530705115	ENSG00000143995.20	MEIS1	False
ENST00000683174	62.37272	3.0836535	3.1738527	0.09019923	0.9472211	0.9908778616775317	0.02354863615433565	ENSG00000149311.22	ATM	False
ENST00000338244	68.85237	3.4394248	3.5295568	0.090132	0.85575235	0.9675263843306977	0.06765190012132738	ENSG00000089057.15	SLC23A2	False
ENST00000324762	7.9224	0.8170808	0.90710175	0.090020955	0.89960057	0.9793724215497904	0.04595028026555981	ENSG00000102387.16	TAF7L	False
ENST00000578684	619.911	6.599531	6.6894674	0.08993626	0.8335505	0.9622675552365427	0.07906807698589158	ENSG00000141526.18	SLC16A3	False
ENST00000690944	40.87012	2.0461066	2.136011	0.08990431	0.9388231	0.9882089829638316	0.027416231200770542	ENSG00000133812.18	SBF2	False
ENST00000641760	18.05942	1.7208611	1.8107641	0.089903	0.8593891	0.9685767712777741	0.06581014566890753	ENSG00000181927.4	OR4P4	False
ENST00000395461	261.2541	5.5918903	5.6817207	0.0898304	0.8143163	0.9569937170418915	0.08920688647860876	ENSG00000213658.13	LAT	False
ENST00000646065	64.02864	3.254507	3.34419	0.08968282	0.9049744	0.9799172804063941	0.04336370550519861	ENSG00000133816.19	MICAL2	False
ENST00000342415	369.5253	6.034649	6.124317	0.089668274	0.7720508	0.9429448836126253	0.11235412383661922	ENSG00000168566.13	SNRNP48	False
ENST00000321556	1394.4	7.9867244	8.076258	0.08953333	0.84492195	0.9647067702622658	0.07318340910822212	ENSG00000158828.8	PINK1	False
ENST00000529704	584.8424	6.875586	6.9650664	0.0894804	0.7696607	0.9422918670008684	0.11370068221552528	ENSG00000175482.9	POLD4	True
ENST00000293288	35.542156	2.3215523	2.4108562	0.08930397	0.9229133	0.9842542511459073	0.03483908932295266	ENSG00000087088.21	BAX	False
ENST00000501748	138.86032	4.584021	4.673194	0.08917284	0.7750606	0.9439809014552641	0.11066434311086136	ENSG00000183309.12	ZNF623	False
ENST00000240652	15.292943	1.5706515	1.6597475	0.08909595	0.86247784	0.9700337015692152	0.06425205512618795	ENSG00000121351.8	IAPP	True
ENST00000242804	112.092674	4.447899	4.536993	0.08909416	0.8323259	0.9620066277152278	0.07970660359519102	ENSG00000198342.10	ZNF442	False
ENST00000622223	7.440081	0.72100997	0.81001335	0.089003384	0.9226501	0.9842542511459073	0.03496296741476837	ENSG00000132323.9	ILKAP	False
ENST00000582894	12.6	1.1358293	1.2247863	0.08895695	0.89070964	0.9769919729550091	0.05026384804779888	ENSG00000167281.20	RBFOX3	False
ENST00000308064	23.40761	2.0030925	2.091982	0.08888936	0.8861314	0.9762529517548046	0.05250187112039528	ENSG00000175264.8	CHST1	True
ENST00000374026	146.57861	4.9626164	5.0514755	0.08885908	0.7314226	0.9324883865016633	0.13583162280150068	ENSG00000196821.10	ILRUN	False
ENST00000278412	220.73103	5.496594	5.585253	0.08865881	0.74546427	0.935882830083255	0.12757317009801408	ENSG00000149136.9	SSRP1	False
ENST00000370631	62.7	3.6001418	3.688724	0.08858228	0.8009885	0.9534674228416105	0.09637372167099739	ENSG00000155252.14	PI4K2A	False
ENST00000321919	32.451027	0.9505566	1.0391148	0.08855826	0.9466632	0.9908778616775317	0.023804504657336006	ENSG00000140632.17	GLYR1	False
ENST00000322897	45.084938	2.926451	3.0149393	0.08848834	0.86427045	0.9705231554257557	0.06335033623350035	ENSG00000134265.13	NAPG	False
ENST00000635614	10.936195	1.446843	1.5351235	0.08828044	0.91324455	0.9815902128217565	0.0394129130211181	ENSG00000196352.18	CD55	True
ENST00000225441	26.447409	2.2951157	2.3833857	0.08826995	0.88915336	0.9766784675728976	0.051023325384155285	ENSG00000108309.14	RUNDC3A	False
ENST00000323327	59.248802	3.5455434	3.6337883	0.088244915	0.8279482	0.9615415231466197	0.08199682707403803	ENSG00000179133.15	C10orf67	False
ENST00000360187	377.19452	6.0161653	6.1043725	0.088207245	0.6775264	0.9152017508556867	0.16907376849473865	ENSG00000196458.11	ZNF605	False
ENST00000494282	34.55396	2.699785	2.7879052	0.08812022	0.8490038	0.9659481202504552	0.07109037011166172	ENSG00000146416.19	AIG1	False
ENST00000555082	76.353806	3.7782967	3.8663378	0.08804107	0.8794081	0.9746803280472196	0.055809528099364465	ENSG00000027075.17	PRKCH	False
ENST00000700174	21.710659	1.6242546	1.7122151	0.08796048	0.9221716	0.9842353161448519	0.03518826025396623	ENSG00000100479.14	POLE2	False
ENST00000267115	4746.004	9.771993	9.859886	0.087893486	0.7283664	0.9312383368705125	0.1376501116172054	ENSG00000139644.13	TMBIM6	False
ENST00000272638	1576.5183	8.185943	8.273646	0.087703705	0.67177486	0.9134757264857117	0.1727762501890012	ENSG00000144224.17	UBXN4	False
ENST00000673352	26.29625	1.9596211	2.047167	0.08754599	0.9542229	0.9918878004335824	0.020350157208113822	ENSG00000156110.15	ADK	False
ENST00000577837	30.365046	2.3623216	2.4497528	0.08743119	0.89193517	0.9772701461590283	0.04966671116888902	ENSG00000171634.19	BPTF	True
ENST00000594180	43.63905	2.466373	2.5537696	0.08739662	0.91625684	0.9825587987467518	0.03798276789406483	ENSG00000063127.16	SLC6A16	True
ENST00000514039	70.41939	3.0902328	3.1774874	0.087254524	0.9162038	0.9825543064700357	0.0380079127853509	ENSG00000048342.18	CC2D2A	False
ENST00000515425	195.51535	4.67936	4.7665825	0.087222576	0.8916375	0.9771611911582333	0.04981167249162989	ENSG00000169247.14	SH3TC2	False
ENST00000455785	211.3	5.362034	5.4491405	0.087106705	0.8241629	0.9601797487709928	0.08398693906333392	ENSG00000117632.23	STMN1	False
ENST00000216268	128.0	4.56019	4.6471725	0.08698225	0.7960887	0.9513642159867293	0.09903854302658946	ENSG00000100426.7	ZBED4	False
ENST00000216190	90.313675	4.045419	4.1323977	0.086978436	0.77314806	0.9432727370709886	0.11173732960520592	ENSG00000100353.18	EIF3D	False
ENST00000262126	2278.8652	8.645814	8.732645	0.08683109	0.77051586	0.9426301048560082	0.11321841799620226	ENSG00000101745.17	ANKRD12	False
ENST00000394688	600.8895	6.7384887	6.8251185	0.08662987	0.8164884	0.9578009348644966	0.0880499888565339	ENSG00000166164.17	BRD7	False
ENST00000710357	600.8895	6.7384887	6.8251185	0.08662987	0.8164884	0.9578009348644966	0.0880499888565339	ENSG00000166164.17	BRD7	False
ENST00000542080	13.712033	1.6337539	1.7203338	0.08657992	0.8980528	0.9790856921506778	0.04669812310788459	ENSG00000047621.12	C12orf4	False
ENST00000378380	16.100338	1.8987097	1.9852691	0.086559415	0.8483631	0.9657887474168751	0.07141822885310994	ENSG00000132623.16	ANKEF1	False
ENST00000379562	753.4682	7.0041924	7.0904946	0.08630228	0.77603805	0.9442272701652389	0.11011698391853389	ENSG00000151657.12	KIN	False
ENST00000422358	80.29057	3.7622204	3.8482676	0.08604717	0.8140866	0.9569372134995232	0.08932938520087526	ENSG00000127314.18	RAP1B	True
ENST00000306384	40.6	3.117756	3.2037983	0.086042404	0.8618652	0.9700337015692152	0.06456064336428673	ENSG00000168899.5	VAMP5	False
ENST00000449549	51.35836	3.0295231	3.115554	0.08603096	0.9131606	0.9815902128217565	0.03945282469468283	ENSG00000237172.4	B3GNT9	False
ENST00000679574	17.580175	1.4135356	1.499528	0.085992455	0.94549596	0.9908415763685018	0.02434032108504962	ENSG00000144233.12	AMMECR1L	True
ENST00000448416	51.263813	2.863037	2.9489443	0.08590722	0.8740517	0.9727556672489439	0.05846288308401905	ENSG00000172403.11	SYNPO2	False
ENST00000476058	78.98961	3.4996252	3.5853848	0.08575964	0.9160968	0.982511203280513	0.038058630787740244	ENSG00000089091.17	DZANK1	False
ENST00000713651	55.3368	2.4041364	2.489882	0.08574557	0.9356614	0.9875170705237618	0.028881298003815267	ENSG00000134371.15	CDC73	False
ENST00000703937	154.52441	4.9576526	5.0433846	0.08573198	0.7946886	0.9508949638774769	0.09980302660492589	ENSG00000290315.1	ENSG00000290315	False
ENST00000375251	49.804886	3.1295328	3.2152233	0.0856905	0.8958438	0.9786202452457206	0.047767705767876964	ENSG00000130956.14	HABP4	False
ENST00000588019	9.592203	1.1806425	1.2662737	0.08563125	0.8894478	0.9767266654411044	0.050879530713529436	ENSG00000073536.18	NLE1	False
ENST00000316334	41.360962	2.3490298	2.434631	0.08560133	0.9404746	0.9886257427945475	0.0266529156471057	ENSG00000139517.9	LNX2	False
ENST00000451249	717.29065	6.9104886	6.9960394	0.085550785	0.8411628	0.9640760333298781	0.07511994160785211	ENSG00000108587.16	GOSR1	False
ENST00000540033	248.95671	5.3669553	5.452429	0.08547354	0.79670995	0.9515285182203104	0.09869975637398257	ENSG00000067208.17	EVI5	False
ENST00000392455	201.96469	5.0322375	5.117488	0.08525038	0.7732649	0.9432727370709886	0.11167171130036958	ENSG00000152492.15	CCDC50	False
ENST00000522965	38.98654	1.6193746	1.704534	0.08515942	0.9514926	0.9912122253221287	0.02159458151653684	ENSG00000104312.8	RIPK2	True
ENST00000376352	56.297607	3.4836063	3.5687172	0.0851109	0.79709363	0.9517606517054268	0.09849066162364012	ENSG00000166263.13	STXBP4	False
ENST00000685996	55.658318	3.2487926	3.333639	0.08484626	0.9371977	0.9880227729262042	0.028168792725521318	ENSG00000197535.16	MYO5A	False
ENST00000429242	152.67761	4.2793584	4.3640614	0.08470297	0.8552085	0.9674979331228349	0.06792798309639732	ENSG00000167491.18	GATAD2A	False
ENST00000356790	22.569378	2.0035233	2.0881994	0.08467603	0.8870479	0.9762529517548046	0.05205293435917604	ENSG00000177689.10	MAGEB10	False
ENST00000465139	1010.6	7.387741	7.472379	0.08463812	0.7375605	0.93417747534728	0.13220234367928077	ENSG00000140350.15	ANP32A	True
ENST00000608362	10.678665	0.7660768	0.8507103	0.08463347	0.9043631	0.9799172804063941	0.043657168169500306	ENSG00000122566.22	HNRNPA2B1	False
ENST00000378815	55.20169	3.173478	3.257988	0.08451009	0.9078781	0.9806801320236121	0.04197245948833032	ENSG00000127328.22	RAB3IP	True
ENST00000573150	34.3	2.4552412	2.5396242	0.08438301	0.91073513	0.9809792967613968	0.04060791081018346	ENSG00000181523.13	SGSH	False
ENST00000533871	44.40445	2.869054	2.9531858	0.08413172	0.9095056	0.9809269981133781	0.041194619837390235	ENSG00000080854.16	IGSF9B	False
ENST00000337331	210.42513	5.171684	5.2556834	0.083999634	0.80857867	0.9558782084971594	0.09227771936232446	ENSG00000113971.21	NPHP3	False
ENST00000530712	13.4	1.524367	1.608228	0.08386099	0.9190277	0.9834605563857131	0.036671405101781386	ENSG00000166483.12	WEE1	False
ENST00000491535	12.826538	1.3099339	1.3937258	0.08379185	0.90089	0.9795933271878859	0.045328237294097615	ENSG00000171262.11	FAM98B	False
ENST00000379719	329.1	5.8963637	5.9801016	0.08373785	0.8250321	0.9603060401966621	0.08352914588853234	ENSG00000205339.10	IPO7	False
ENST00000396161	60.60359	3.4207528	3.504488	0.08373523	0.86306673	0.9701164326970539	0.06395562305353486	ENSG00000213762.12	ZNF134	False
ENST00000646640	158.22495	4.2587895	4.342434	0.08364439	0.93430394	0.98706867455622	0.029511820015559853	ENSG00000101849.18	TBL1X	False
ENST00000244227	127.63472	3.8931315	3.9766855	0.08355403	0.93253756	0.9865976644920984	0.030333669007223084	ENSG00000124380.11	SNRNP27	False
ENST00000568294	20.26756	1.8981441	1.9816827	0.08353853	0.90085024	0.9795933271878859	0.04534740314341847	ENSG00000166503.10	HDGFL3	False
ENST00000237283	152.68597	4.6764846	4.759947	0.08346224	0.7893098	0.9492023869906075	0.10275250518057782	ENSG00000189007.16	ADAT2	False
ENST00000558166	12.378275	1.5661944	1.649406	0.08321154	0.91643596	0.9825950872097442	0.03789787932466392	ENSG00000170776.22	AKAP13	False
ENST00000611749	412.9168	6.2649612	6.3481655	0.08320427	0.8012499	0.9535528416252091	0.09623200011834283	ENSG00000147853.17	AK3	False
ENST00000368814	400.1822	6.089817	6.1728067	0.08298969	0.749892	0.936236640367669	0.12500128161126442	ENSG00000159445.13	THEM4	False
ENST00000371281	90.281654	4.2001247	4.282967	0.08284235	0.81688046	0.9579814638545359	0.08784148983573203	ENSG00000243725.7	TTC4	False
ENST00000531909	53.795006	2.0893822	2.1722023	0.08282018	0.9468009	0.9908778616775317	0.023741343610560704	ENSG00000150433.10	TMEM218	False
ENST00000519533	9.15462	0.89197844	0.9746543	0.082675874	0.91658336	0.9825950872097442	0.03782803172487918	ENSG00000104472.10	CHRAC1	False
ENST00000693328	51.49593	3.2110584	3.2935824	0.08252406	0.90703326	0.9801944732038228	0.042376785284583315	ENSG00000172992.13	DCAKD	False
ENST00000260956	345.87167	5.9323926	6.014864	0.08247137	0.8039155	0.9551009493725148	0.0947895974380729	ENSG00000138385.16	SSB	False
ENST00000251871	78.87029	3.488351	3.5706959	0.08234477	0.91584885	0.9824356109089881	0.0381761950052395	ENSG00000042429.12	MED17	False
ENST00000381209	102.33908	4.241443	4.323739	0.082295895	0.8399416	0.9640539361853165	0.07575089802607586	ENSG00000129197.15	RPAIN	False
ENST00000261435	22.91459	1.3727745	1.4548844	0.08210993	0.9527105	0.9914318518467449	0.02103904407607285	ENSG00000078177.15	N4BP2	False
ENST00000485211	19.88491	2.0122404	2.094333	0.08209252	0.9358639	0.9876089955392044	0.02878729925180034	ENSG00000204655.12	MOG	True
ENST00000542678	44.338882	3.038186	3.120229	0.08204293	0.8398154	0.964021191585281	0.07581617708851267	ENSG00000150967.19	ABCB9	False
ENST00000399277	102.64105	4.225208	4.3072133	0.0820055	0.8646854	0.9705666349144022	0.0631418657704023	ENSG00000214941.8	ZSWIM7	False
ENST00000556314	843.78204	7.1917806	7.2736845	0.081903934	0.8462554	0.9651793804116239	0.07249853593736227	ENSG00000198604.11	BAZ1A	False
ENST00000374142	1239.4	7.6302733	7.7121143	0.08184099	0.85899895	0.9684663890382288	0.06600736485758733	ENSG00000204160.12	ZDHHC18	False
ENST00000460845	85.153	3.7805521	3.8622189	0.08166671	0.8966027	0.9787719363421314	0.04739996238535538	ENSG00000105939.14	ZC3HAV1	True
ENST00000243673	91.45765	3.9767144	4.058287	0.08157277	0.8528935	0.9670574250954352	0.06910520978707148	ENSG00000123901.9	GPR83	False
ENST00000546530	23.7	2.3140166	2.39553	0.081513405	0.87513226	0.9732060155834779	0.057926305123023165	ENSG00000111344.12	RASAL1	False
ENST00000413017	16.88591	1.6060567	1.6874712	0.08141446	0.9122803	0.9814346149760687	0.039871693239508295	ENSG00000205758.12	CRYZL1	False
ENST00000581973	52.28045	2.230489	2.3115573	0.08106828	0.9523866	0.9913789709250717	0.021186715657983322	ENSG00000128487.19	SPECC1	False
ENST00000271526	23.54473	2.2051969	2.2860906	0.080893755	0.8861016	0.9762529517548046	0.05251647753399203	ENSG00000143294.15	PRCC	False
ENST00000434724	1646.988	8.351085	8.431972	0.08088684	0.8707393	0.972045318338562	0.06011186301282973	ENSG00000103342.13	GSPT1	False
ENST00000326621	58.395256	2.5847614	2.6654143	0.08065295	0.9375385	0.9880227729262042	0.028010886808628673	ENSG00000019102.12	VSIG2	False
ENST00000528993	92.69139	4.018382	4.0990167	0.080634594	0.9020696	0.9798776970139408	0.04475993918447262	ENSG00000137492.9	THAP12	False
ENST00000371335	416.52325	5.9674115	6.0480123	0.08060074	0.85262406	0.9669913459773423	0.06924241691124249	ENSG00000005893.17	LAMP2	False
ENST00000253801	54.84791	3.276891	3.3574116	0.08052063	0.861621	0.9700337015692152	0.06468371346507971	ENSG00000131482.10	G6PC1	False
ENST00000339497	795.82983	6.776035	6.8565483	0.08051348	0.88786507	0.9762929623608356	0.05165303119762406	ENSG00000108100.18	CCNY	False
ENST00000261483	176.9	4.9745317	5.054961	0.080429554	0.81935436	0.958526645353252	0.08652823342434862	ENSG00000112893.10	MAN2A1	False
ENST00000393437	123.23839	4.123908	4.204175	0.08026695	0.9061651	0.9799172804063941	0.04279265721563079	ENSG00000170500.13	LONRF2	False
ENST00000276585	19.25477	1.0512496	1.131511	0.08026135	0.93870205	0.9881861978180526	0.027472235139479554	ENSG00000147586.10	MRPS28	False
ENST00000356289	3602.7817	9.301742	9.381906	0.080163956	0.84536886	0.9647409632698007	0.07295375277452737	ENSG00000160593.20	JAML	False
ENST00000541300	167.5564	4.598438	4.6785703	0.080132484	0.8999771	0.9795430635977802	0.04576854688610271	ENSG00000170632.14	ARMC10	False
ENST00000520710	16.645681	1.6405593	1.7205269	0.07996762	0.9220489	0.9842353161448519	0.03524603352167905	ENSG00000147536.12	GINS4	True
ENST00000247970	40.48721	3.1455867	3.2255306	0.079943895	0.8071379	0.9552562251865906	0.09305225593785144	ENSG00000127445.14	PIN1	False
ENST00000333916	21.276646	1.7164341	1.7962091	0.079774976	0.95317	0.9914318518467449	0.020829634375383578	ENSG00000120159.13	CAAP1	False
ENST00000264870	219.52519	5.0826583	5.1624274	0.079769135	0.9029305	0.9799172804063941	0.044345677641374995	ENSG00000124491.16	F13A1	False
ENST00000320776	184.47054	5.186809	5.2664833	0.079674244	0.7384485	0.9345533232895651	0.13167978697449007	ENSG00000186222.5	BLOC1S4	False
ENST00000351137	138.61523	3.8514252	3.9310222	0.079597	0.9338744	0.9868487932297305	0.029711516462373286	ENSG00000217555.13	CKLF	False
ENST00000614851	53.57328	2.954835	3.0343213	0.07948637	0.920659	0.9840268355880356	0.03590119433071611	ENSG00000262919.8	CCNQ	False
ENST00000506731	198.31755	5.4030056	5.482479	0.079473495	0.8559512	0.9675263843306977	0.06755099994936702	ENSG00000138758.12	SEPTIN11	False
ENST00000513496	42.941	3.137558	3.2170107	0.07945275	0.8326719	0.9620384513941439	0.07952610119188629	ENSG00000151876.13	FBXO4	True
ENST00000523161	22.795181	1.2561655	1.3356167	0.0794512	0.94472086	0.9905284974448251	0.02469649308187584	ENSG00000164463.12	CREBRF	False
ENST00000409645	71.36818	3.8010986	3.8805337	0.07943511	0.7867389	0.9480087918113494	0.10416939094264745	ENSG00000152127.9	MGAT5	False
ENST00000583320	71.318794	3.2043707	3.2837853	0.079414606	0.9200586	0.9839073973936909	0.036184507062893896	ENSG00000002919.15	SNX11	True
ENST00000268607	315.9746	5.724072	5.8032413	0.07916927	0.87130183	0.9721955167052022	0.059831373906147435	ENSG00000140941.14	MAP1LC3B	False
ENST00000412830	350.71436	6.0049396	6.084008	0.07906866	0.8544683	0.9673135122840025	0.0683040516729493	ENSG00000136045.12	PWP1	False
ENST00000295628	566.8415	6.730818	6.80988	0.079061985	0.6205181	0.8963672800698408	0.20724555412966783	ENSG00000163428.4	LRRC58	False
ENST00000430710	124.90678	4.550238	4.6291957	0.07895756	0.8719642	0.9724547537241448	0.059501337328590934	ENSG00000100888.15	CHD8	False
ENST00000615384	28.49142	1.5960084	1.6749225	0.07891405	0.93699616	0.9879924924794159	0.028262188037180103	ENSG00000253953.3	PCDHGB4	False
ENST00000274063	25.4	2.4105566	2.4893706	0.07881403	0.9248541	0.9846904239306189	0.03392677393227507	ENSG00000145423.5	SFRP2	False
ENST00000522608	26.76478	2.0198696	2.0986834	0.07881379	0.9031958	0.9799172804063941	0.04421809138558459	ENSG00000183137.16	CEP57L1	False
ENST00000380749	463.5188	6.443006	6.521407	0.07840109	0.8464596	0.9652567679056677	0.07239375122718444	ENSG00000205581.11	HMGN1	False
ENST00000332496	47.837894	2.5633993	2.6417432	0.07834387	0.9124876	0.981500115553232	0.03977301614651278	ENSG00000185033.15	SEMA4B	False
ENST00000431736	133.5969	4.52366	4.6018715	0.07821131	0.82496595	0.9603060401966621	0.08356397432305686	ENSG00000110344.10	UBE4A	False
ENST00000546087	75.55898	3.4891837	3.5672984	0.07811475	0.87028074	0.9719420846130337	0.06034062633109016	ENSG00000291237.1	SOD2	False
ENST00000326925	401.0	6.2390933	6.3171644	0.07807112	0.6015512	0.888250341980818	0.2207274204841594	ENSG00000178057.15	NDUFAF3	False
ENST00000332859	418.5	6.157574	6.2355433	0.077969074	0.83335006	0.9622308638046718	0.0791725277410031	ENSG00000184900.16	SUMO3	False
ENST00000443070	33.43888	2.615464	2.6934073	0.077943325	0.87217194	0.9724547537241448	0.05939789058816616	ENSG00000144048.11	DUSP11	False
ENST00000504176	437.33047	6.0216107	6.0994663	0.07785559	0.89111537	0.9771611911582333	0.05006606679675862	ENSG00000073331.18	ALPK1	False
ENST00000361227	3189.7	9.245079	9.322747	0.07766819	0.8069893	0.9552005372235465	0.09313221706911776	ENSG00000198840.2	MT-ND3	False
ENST00000588408	606.0821	6.7803273	6.857943	0.07761574	0.6696467	0.9129275806345671	0.1741542797549408	ENSG00000176563.10	CNTD1	False
ENST00000349048	22.078674	2.3778975	2.4554873	0.07758975	0.8935204	0.9778881927736762	0.04889552044271392	ENSG00000141959.17	PFKL	False
ENST00000397637	478.87225	6.3821273	6.4596763	0.07754898	0.8128523	0.9569372134995232	0.08998834875748965	ENSG00000160310.19	PRMT2	False
ENST00000509052	29.168375	2.7040243	2.781562	0.077537775	0.88050807	0.9748949618261566	0.05526666165456495	ENSG00000086598.11	TMED2	False
ENST00000308330	142.1	4.7076597	4.7850924	0.07743263	0.84861696	0.9657887474168751	0.07128829410306915	ENSG00000174106.3	LEMD3	False
ENST00000382581	294.77484	5.7205353	5.797875	0.07733965	0.81604064	0.9578009348644966	0.08828821481942918	ENSG00000179010.16	MRFAP1	False
ENST00000691720	83.49166	3.9873903	4.06468	0.07728982	0.87152714	0.9722812046007222	0.059719086398014556	ENSG00000149483.13	TMEM138	True
ENST00000430157	41.026997	2.9033916	2.9806523	0.07726073	0.8871707	0.9762529517548046	0.05199282328148555	ENSG00000221983.8	UBA52	False
ENST00000594765	201.15002	5.361913	5.439085	0.0771718	0.76699245	0.9412919837748902	0.1152089112055412	ENSG00000189430.13	NCR1	False
ENST00000596677	44.409332	2.662611	2.7397437	0.0771327	0.9111377	0.9812113632165093	0.040415983217901325	ENSG00000198131.15	ZNF544	False
ENST00000687246	8.0	1.1339946	1.2111111	0.07711649	0.91927415	0.9835392202144227	0.03655495145149224	ENSG00000157404.17	KIT	False
ENST00000382252	298.73642	5.87781	5.954911	0.07710123	0.80241793	0.9540959410838554	0.09559937345158608	ENSG00000205903.7	ZNF316	False
ENST00000340855	1030.5459	7.4551473	7.5322456	0.07709837	0.8389936	0.9638007869725905	0.07624134740448076	ENSG00000010404.18	IDS	False
ENST00000357172	214.00122	5.2665305	5.343601	0.07707071	0.820154	0.9588860764100686	0.08610458669509537	ENSG00000134255.16	CEPT1	False
ENST00000507668	148.4007	4.6952577	4.7721534	0.076895714	0.83848584	0.9635950729597486	0.07650426874328199	ENSG00000164300.17	SERINC5	False
ENST00000461831	29.9	2.405902	2.482787	0.076884985	0.90144295	0.9796827936525487	0.04506175585703351	ENSG00000187595.18	ZNF385C	False
ENST00000458275	24.854969	1.9282255	2.00493	0.0767045	0.9134244	0.981615141049256	0.03932740440387086	ENSG00000181240.14	SLC25A41	False
ENST00000447544	283.42093	5.7125487	5.7890825	0.076533794	0.8576797	0.9680871278606209	0.06667485640001904	ENSG00000135218.19	CD36	False
ENST00000262043	247.09785	5.205095	5.2816277	0.07653284	0.8544018	0.9673135122840025	0.0683378317179925	ENSG00000118482.12	PHF3	False
ENST00000510085	23.620564	2.1174212	2.1938856	0.076464415	0.9118788	0.9812898456425189	0.04006286941607712	ENSG00000152348.16	ATG10	False
ENST00000551765	1068.6195	7.6018524	7.6782656	0.076413155	0.6953056	0.9205726868545954	0.1578242816183337	ENSG00000257218.6	GATC	False
ENST00000692585	48.922676	3.2006123	3.2770233	0.07641101	0.7858648	0.9475608847910265	0.10465217980840742	ENSG00000287725.2	ENSG00000287725	False
ENST00000637084	48.922676	3.2006123	3.2770233	0.07641101	0.7858648	0.9475608847910265	0.10465217980840742	ENSG00000287725.2	ENSG00000287725	False
ENST00000361143	31.2	2.8246	2.9008777	0.07627773	0.8809509	0.9750018993383772	0.05504828274316019	ENSG00000114779.20	ABHD14B	False
ENST00000287482	102.1	4.2484574	4.3246417	0.07618427	0.8448246	0.9647067702622658	0.07323344239410084	ENSG00000156876.10	SASS6	False
ENST00000383180	8.193294	0.90123004	0.9771463	0.07591629	0.9485431	0.9909317823722509	0.0229429437449906	ENSG00000181322.15	NME9	False
ENST00000298767	299.92798	5.7966475	5.8725605	0.07591295	0.6551048	0.9081242054838492	0.18368920786902967	ENSG00000062650.20	WAPL	False
ENST00000706854	27.490772	2.3346882	2.4103765	0.07568836	0.91524005	0.9821535348192515	0.03846498414059956	ENSG00000164506.16	STXBP5	False
ENST00000466678	215.15552	5.464283	5.53991	0.07562685	0.86488914	0.9705870928508895	0.06303955362714816	ENSG00000069849.11	ATP1B3	True
ENST00000265304	134.35147	4.1917305	4.267254	0.07552338	0.87128127	0.9721955167052022	0.05984162381513804	ENSG00000106028.11	SSBP1	False
ENST00000484471	304.6365	5.8314795	5.906996	0.075516224	0.7864082	0.9479270330289515	0.10435197445076848	ENSG00000196642.19	RABL6	False
ENST00000265080	36.100735	2.4453866	2.5208535	0.07546687	0.9228597	0.9842542511459073	0.034864305300223684	ENSG00000113319.13	RASGRF2	False
ENST00000260276	159.35675	4.8996663	4.9750204	0.0753541	0.785679	0.9474696775482382	0.104754864271978	ENSG00000137720.8	CFAP68	True
ENST00000682195	10.7112	0.99705887	1.0724072	0.07534838	0.9546535	0.9918878004335824	0.020154230183755333	ENSG00000023041.12	ZDHHC6	False
ENST00000556794	102.18825	4.3137245	4.3889866	0.07526207	0.88182056	0.9751669756160649	0.05461977988707441	ENSG00000156050.10	FAM161B	False
ENST00000369649	15.2	1.4332649	1.5084068	0.07514191	0.9115201	0.9812113632165093	0.040233739054413825	ENSG00000126903.16	SLC10A3	False
ENST00000322347	493.996	6.492204	6.567092	0.07488775	0.78981555	0.9493683003800718	0.10247432276846011	ENSG00000178741.12	COX5A	False
ENST00000497989	70.18454	2.9867506	3.0614815	0.07473087	0.9593489	0.993589312674561	0.018023410377548125	ENSG00000102786.15	INTS6	False
ENST00000315588	247.5054	5.535358	5.6098175	0.07445955	0.8199727	0.9587563739016178	0.08620060990562828	ENSG00000063322.15	MED29	False
ENST00000436063	497.35922	6.3411803	6.415541	0.07436085	0.81986886	0.9586982370975586	0.08625560711764144	ENSG00000067334.14	DNTTIP2	False
ENST00000280614	134.63528	4.0179124	4.091936	0.07402372	0.9180065	0.9829150413999719	0.03715425332440411	ENSG00000151014.6	NOCT	False
ENST00000433355	316.01715	5.77517	5.8491607	0.07399082	0.8156365	0.9576954708393369	0.0885033393233569	ENSG00000146414.17	SHPRH	False
ENST00000690666	45.930504	2.7073953	2.7811692	0.07377386	0.9499266	0.9910506596680162	0.022309944221923835	ENSG00000173852.16	DPY19L1	False
ENST00000599618	129.9318	3.9434214	4.017172	0.073750496	0.93123513	0.9862569881481195	0.0309406468740161	ENSG00000196267.14	ZNF836	True
ENST00000406043	11.9	1.104411	1.1780632	0.07365215	0.9052656	0.9799172804063941	0.043223968409349396	ENSG00000165506.15	DNAAF2	False
ENST00000547125	44.94628	2.9051285	2.9787197	0.07359123	0.9170711	0.9827239322494694	0.03759699050308592	ENSG00000181929.13	PRKAG1	True
ENST00000303277	37.2	2.2572582	2.3307934	0.073535204	0.923969	0.9844227310257047	0.03434261324656692	ENSG00000168936.12	TMEM129	False
ENST00000548537	11.595004	1.5322453	1.6057328	0.07348752	0.82186127	0.9596230182737303	0.08520148662337082	ENSG00000120833.14	SOCS2	False
ENST00000229214	430.27252	6.2201576	6.293277	0.07311916	0.7623337	0.939913304152022	0.11785488628501357	ENSG00000111615.14	KRR1	False
ENST00000294008	69.24754	3.7357213	3.808676	0.072954655	0.8369169	0.96299534456408	0.07731765006674195	ENSG00000188827.12	SLX4	False
ENST00000207549	34.045227	2.2741406	2.3469732	0.072832584	0.94924927	0.9910506596680162	0.022619729281029517	ENSG00000092929.13	UNC13D	False
ENST00000328257	74.602806	3.9199507	3.992724	0.07277322	0.85002476	0.9659481202504552	0.07056842384496537	ENSG00000214517.10	PPME1	False
ENST00000238831	2300.3098	8.628255	8.700976	0.07272148	0.7933354	0.9503201367047278	0.10054317825961007	ENSG00000119820.11	YIPF4	False
ENST00000706571	74.01925	3.8658435	3.9384503	0.0726068	0.8453988	0.9647409632698007	0.07293838134708033	ENSG00000114302.17	PRKAR2A	False
ENST00000509562	42.668022	2.5806127	2.6531806	0.07256794	0.9115883	0.9812113632165093	0.040201252179567964	ENSG00000039319.17	ZFYVE16	True
ENST00000631654	28.165218	1.8676533	1.9400345	0.07238126	0.94779927	0.9908778616775317	0.023283632247195853	ENSG00000114120.14	SLC25A36	False
ENST00000693572	1929.5	8.146619	8.218954	0.07233524	0.88786066	0.9762929623608356	0.05165518869484533	ENSG00000113719.17	ERGIC1	False
ENST00000373830	108.3	4.3845344	4.456861	0.07232666	0.71511644	0.9260445005342566	0.1456232369752095	ENSG00000180098.9	TRNAU1AP	False
ENST00000419735	274.54816	5.7203965	5.792719	0.07232237	0.783916	0.946795898683074	0.10573047327061731	ENSG00000146776.15	ATXN7L1	False
ENST00000357275	12.8	1.5585208	1.6308358	0.07231498	0.8992227	0.9792260753577161	0.046132751826033665	ENSG00000244274.9	DBNDD2	False
ENST00000700617	118.76228	4.107449	4.1797075	0.07225847	0.87672913	0.9737462252016386	0.0571345630685713	ENSG00000105223.21	PLD3	False
ENST00000246548	298.4118	5.6773896	5.749624	0.072234154	0.7596631	0.9388412636289906	0.11937896571002116	ENSG00000126261.13	UBA2	False
ENST00000272091	144.9285	4.8011065	4.873307	0.072200775	0.8621129	0.9700337015692152	0.06443586660641601	ENSG00000143751.10	SDE2	True
ENST00000408938	11.5409	0.70713	0.7792843	0.07215428	0.9324871	0.9865976644920984	0.03035718120632783	ENSG00000221909.3	FAM200A	False
ENST00000336308	376.5	5.896256	5.9683323	0.07207632	0.8494272	0.9659481202504552	0.07087382446318734	ENSG00000131748.16	STARD3	False
ENST00000312938	222.35825	5.1457753	5.2178116	0.07203627	0.90403444	0.9799172804063941	0.04381502641516881	ENSG00000066422.7	ZBTB11	False
ENST00000533854	56.123066	3.2805948	3.3526132	0.072018385	0.85922027	0.9684950146371224	0.0658954878633648	ENSG00000075429.9	CACNG5	False
ENST00000507458	58.93081	3.3036184	3.375472	0.07185364	0.90255785	0.9799172804063941	0.04452495221428969	ENSG00000205571.15	SMN2	True
ENST00000684769	40.158516	2.2310126	2.302572	0.07155943	0.9235022	0.9842542511459073	0.03456206243170292	ENSG00000136492.10	BRIP1	False
ENST00000647941	26.82995	2.0745728	2.1460314	0.07145858	0.9203044	0.9840132836101918	0.03606849328462844	ENSG00000080819.9	CPOX	False
ENST00000311481	84.9	3.7625818	3.8340092	0.071427345	0.9179898	0.9829150413999719	0.03716214884276438	ENSG00000174903.16	RAB1B	False
ENST00000634671	26.383083	2.2845247	2.3559303	0.07140565	0.87505853	0.9732060155834779	0.05796289649687128	ENSG00000196998.19	WDR45	True
ENST00000510156	82.6509	3.1483002	3.219634	0.071333885	0.9628582	0.9941551412400279	0.016437666624328353	ENSG00000153113.24	CAST	False
ENST00000308742	135.82816	4.698382	4.769516	0.07113409	0.68845457	0.9179089949110937	0.16212471386782376	ENSG00000175548.9	ALG10B	False
ENST00000296564	124.46523	4.5460496	4.6170616	0.07101202	0.87833744	0.9745253108727094	0.05633860320101657	ENSG00000164151.12	ICE1	False
ENST00000534548	40.910835	2.8861456	2.956975	0.07082939	0.9133925	0.981615141049256	0.03934256628832745	ENSG00000151503.14	NCAPD3	False
ENST00000305364	65.30335	3.4252923	3.4960952	0.07080293	0.88809973	0.9763659288540153	0.05153826196562776	ENSG00000104228.13	TRIM35	False
ENST00000508798	604.1667	6.960422	7.031031	0.07060909	0.91418904	0.9818836633608401	0.03896398935717102	ENSG00000168785.8	TSPAN5	False
ENST00000344519	2727.7913	8.756079	8.826679	0.07060051	0.8173433	0.9580175559429005	0.08759549592178469	ENSG00000160229.13	ZNF66	False
ENST00000427521	50.6	2.6881006	2.758676	0.070575476	0.9321552	0.9865088363896294	0.03051177715863394	ENSG00000106484.16	MEST	False
ENST00000397457	121.87638	4.4526505	4.5231714	0.07052088	0.818474	0.9580175559429005	0.0869951148150862	ENSG00000188428.20	BLOC1S5	False
ENST00000274134	9.8	1.1253163	1.1957794	0.07046318	0.9370617	0.9880098217854819	0.028231799898870272	ENSG00000145491.12	ROPN1L	False
ENST00000255198	92.4	3.626416	3.696614	0.07019806	0.922921	0.9842542511459073	0.03483547113264521	ENSG00000132846.6	ZBED3	False
ENST00000509973	83.39804	3.5124302	3.5826242	0.070194006	0.94453627	0.9904382294180843	0.024781361195111432	ENSG00000145287.11	PLAC8	False
ENST00000338758	366.49753	6.004383	6.074209	0.069826126	0.8432389	0.9644278042051889	0.07404937201150569	ENSG00000188677.15	PARVB	False
ENST00000323534	597.5244	6.8025966	6.8721714	0.06957483	0.7713177	0.9427581205561061	0.11276669095140246	ENSG00000181467.5	RAP2B	False
ENST00000308595	84.5	3.6924314	3.7618096	0.06937814	0.90535116	0.9799172804063941	0.04318293668496807	ENSG00000173020.11	GRK2	False
ENST00000649217	435.952	6.3594513	6.428594	0.06914282	0.81342775	0.9569372134995232	0.08968101774690088	ENSG00000172175.16	MALT1	False
ENST00000339834	253.05193	5.5515094	5.6205587	0.06904936	0.8098149	0.9561147010173113	0.09161425269119448	ENSG00000166275.16	BORCS7	True
ENST00000520965	139.85814	4.7993965	4.8683786	0.068982124	0.77604264	0.9442272701652389	0.11011441547016323	ENSG00000185869.15	ZNF829	False
ENST00000280258	126.9	4.550471	4.6194224	0.06895161	0.91223663	0.9814346149760687	0.03989249262398349	ENSG00000150687.12	PRSS23	False
ENST00000369541	38.2	2.512437	2.5809608	0.068523645	0.9283765	0.9857371855121982	0.03227586332275768	ENSG00000116752.6	BCAS2	True
ENST00000389851	236.90298	5.479367	5.5478334	0.06846666	0.8868163	0.9762529517548046	0.05216632182925868	ENSG00000163945.19	UVSSA	False
ENST00000588454	304.2012	5.8892937	5.957755	0.06846142	0.8703891	0.9719420846130337	0.06028655439945599	ENSG00000179218.15	CALR	False
ENST00000636090	37.212875	2.8685465	2.9367752	0.06822872	0.94747037	0.9908778616775317	0.023434364124281848	ENSG00000166689.18	PLEKHA7	False
ENST00000548058	9.820042	1.1301275	1.1982734	0.06814587	0.8978197	0.9790856921506778	0.046810870557539956	ENSG00000111058.8	ACSS3	False
ENST00000468200	7.9239473	0.96911556	1.0370034	0.06788784	0.92613435	0.9850909987099742	0.03332600864608846	ENSG00000180116.15	REDIC1	False
ENST00000533709	171.98972	4.813025	4.880889	0.06786394	0.87262684	0.9725407766505689	0.05917143271000781	ENSG00000109943.9	CRTAM	False
ENST00000340487	27.6	2.068015	2.1358123	0.067797184	0.932956	0.9865976644920984	0.03013884710389321	ENSG00000196812.6	ZSCAN16	False
ENST00000412585	10038.305	10.433751	10.501542	0.067790985	0.9256093	0.9849199869814509	0.033572294899017384	ENSG00000234745.14	HLA-B	False
ENST00000318348	400.0463	6.082049	6.1497965	0.06774759	0.8518443	0.966826986744672	0.06963977278744621	ENSG00000139433.11	GLTP	False
ENST00000590828	46.793205	2.825607	2.8933542	0.067747116	0.8933126	0.9778203707672584	0.04899655324492655	ENSG00000167604.16	NFKBID	True
ENST00000704530	5.8897314	0.91114664	0.97883344	0.067686796	0.90845305	0.9806896596019142	0.04169751396528943	ENSG00000144815.18	NXPE3	False
ENST00000695803	12.944366	1.5792322	1.6468606	0.06762838	0.926373	0.985094240973058	0.033214109044097204	ENSG00000100320.24	RBFOX2	False
ENST00000497513	13.896344	1.3504776	1.4180808	0.06760323	0.91385496	0.9818155346600492	0.039122728265287045	ENSG00000114450.11	GNB4	False
ENST00000539517	35.666473	2.741711	2.8091838	0.067472935	0.90149814	0.9796827936525487	0.045035165518738624	ENSG00000139910.20	NOVA1	False
ENST00000372836	125.7	4.6253843	4.6928506	0.06746626	0.8704947	0.9719420846130337	0.0602338571025939	ENSG00000137161.18	CNPY3	False
ENST00000594199	53.80047	3.3951118	3.4625418	0.06743002	0.801539	0.953647070306486	0.0960753395053947	ENSG00000269743.3	SLC25A53	False
ENST00000262843	33.1129	2.4438927	2.5112576	0.06736493	0.92320806	0.9842542511459073	0.034700413592890805	ENSG00000080561.14	MID2	False
ENST00000390687	518.62726	6.633381	6.7006335	0.067252636	0.7777101	0.9443932203025419	0.10918227197999625	ENSG00000128739.23	SNRPN	False
ENST00000380842	444.65283	5.5654855	5.632576	0.06709051	0.96204734	0.9939261226276797	0.01680355754918128	ENSG00000132963.9	POMP	True
ENST00000320717	238.71371	5.0171337	5.0840263	0.066892624	0.91242236	0.981500115553232	0.039804080840723864	ENSG00000115419.14	GLS	False
ENST00000504687	49.6437	2.9307346	2.9975605	0.06682587	0.94348794	0.9900100452919216	0.025263645749510396	ENSG00000160789.25	LMNA	False
ENST00000407816	76.360306	3.6926196	3.7592938	0.06667423	0.8986561	0.9791452810995616	0.046406487776334326	ENSG00000163001.12	CFAP36	False
ENST00000381962	74.0	3.7251186	3.7917492	0.0666306	0.90438277	0.9799172804063941	0.043647722542305846	ENSG00000271303.2	SRXN1	False
ENST00000287647	8.550963	1.1091466	1.1756815	0.06653488	0.9332203	0.9865976644920984	0.030015810207720192	ENSG00000144554.13	FANCD2	False
ENST00000504691	44.275845	2.4671447	2.5336576	0.06651282	0.94069403	0.9887809442683739	0.0265516102706414	ENSG00000145730.21	PAM	False
ENST00000398213	11.5	1.446567	1.5130715	0.06650448	0.9398098	0.9884169279136201	0.026960030994445643	ENSG00000170473.17	PYM1	False
ENST00000679922	75.37372	2.2170389	2.2835345	0.06649566	0.9692431	0.9951015096561824	0.013567277899461334	ENSG00000124523.17	SIRT5	False
ENST00000426154	23.07096	1.89368	1.960086	0.06640601	0.9592987	0.993589312674561	0.018046157516152087	ENSG00000136193.17	SCRN1	False
ENST00000696179	19.65333	1.9511288	2.01751	0.0663811	0.84875983	0.9658083343271138	0.07121518285674507	ENSG00000012232.10	EXTL3	False
ENST00000258198	276.49728	5.72448	5.7908583	0.06637812	0.87238246	0.9724970867654965	0.0592930738618629	ENSG00000135720.13	DYNC1LI2	False
ENST00000261813	114.51406	4.3406563	4.407034	0.06637764	0.86470854	0.9705666349144022	0.06313025042312194	ENSG00000113068.10	PFDN1	False
ENST00000294360	123.3	4.364507	4.430655	0.066147804	0.8682782	0.9712385662512119	0.06134110004330063	ENSG00000162384.14	CZIB	False
ENST00000689548	357.4323	6.1850076	6.251052	0.06604433	0.8668759	0.9710546236986305	0.0620430772475148	ENSG00000112137.19	PHACTR1	False
ENST00000231198	82.01518	3.8801613	3.9461846	0.06602335	0.80863583	0.9558782084971594	0.09224701886635807	ENSG00000113272.14	THG1L	False
ENST00000428468	237.75476	5.5327067	5.598675	0.06596804	0.6305409	0.8998400021113475	0.20028673260496155	ENSG00000117859.19	OSBPL9	False
ENST00000621592	58.563988	3.3280938	3.3938255	0.065731764	0.8915907	0.9771611911582333	0.04983446316410333	ENSG00000136997.22	MYC	False
ENST00000681518	118.9525	4.517424	4.5830517	0.065627575	0.8139405	0.9569372134995232	0.08940732801512623	ENSG00000147852.17	VLDLR	False
ENST00000375400	344.30905	5.7687874	5.8343616	0.06557417	0.92820466	0.9857061144139414	0.032356257596743515	ENSG00000197321.16	SVIL	False
ENST00000356828	155.09012	4.2032657	4.2686744	0.06540871	0.95061976	0.9910506596680162	0.02199316380192954	ENSG00000111647.13	BLTP3B	False
ENST00000574444	15.912004	1.6915168	1.756705	0.06518829	0.94756484	0.9908778616775317	0.0233910622798976	ENSG00000108561.8	C1QBP	False
ENST00000521580	334.79364	5.9808674	6.045776	0.064908504	0.85567987	0.9675263843306977	0.06768868491146615	ENSG00000163866.9	SMIM12	False
ENST00000292330	31.6	2.557232	2.622126	0.0648942	0.90459555	0.9799172804063941	0.04354555116042064	ENSG00000160813.7	PPP1R35	False
ENST00000250092	57.138775	3.3227894	3.3876603	0.064870834	0.924114	0.9844227310257047	0.03427445552591139	ENSG00000129226.14	CD68	False
ENST00000467634	19.486872	1.9257134	1.990345	0.06463158	0.9127295	0.9815474135482289	0.03965791174773781	ENSG00000114126.18	TFDP2	True
ENST00000504986	765.13043	7.081778	7.146397	0.064619064	0.81580055	0.9577838520661336	0.0884160075020226	ENSG00000109133.14	TMEM33	False
ENST00000594729	14.192474	1.2063212	1.2708994	0.064578176	0.9391603	0.9884169279136201	0.02726027995535562	ENSG00000196235.14	SUPT5H	True
ENST00000366654	30.1	2.3561904	2.420691	0.06450057	0.9277771	0.9855059007434193	0.03255634582750102	ENSG00000182118.8	FAM89A	False
ENST00000499247	84.1	4.077829	4.1422997	0.06447077	0.8780028	0.9744280771769698	0.05650408802282473	ENSG00000141232.5	TOB1	False
ENST00000395323	70.88678	3.8372395	3.9016347	0.06439519	0.68160003	0.9165294746754324	0.16647039642665584	ENSG00000213626.13	LBH	False
ENST00000264720	22.166147	2.0676305	2.1319602	0.064329624	0.9401257	0.9884169279136201	0.026814073185598176	ENSG00000115207.15	GTF3C2	False
ENST00000394409	27.6958	1.5197285	1.5840017	0.06427312	0.9571764	0.9926675854161552	0.0190080235849749	ENSG00000156475.19	PPP2R2B	False
ENST00000545675	69.69519	3.2314003	3.295579	0.064178705	0.9455122	0.9908415763685018	0.02433287428115729	ENSG00000086475.15	SEPHS1	False
ENST00000510573	164.509	4.95765	5.0218015	0.06415129	0.8566112	0.9677781503187136	0.06721625554017847	ENSG00000065882.18	TBC1D1	False
ENST00000503617	164.95593	4.735281	4.7994275	0.06414652	0.9232126	0.9842542511459073	0.034698282622792495	ENSG00000237765.8	FAM200B	False
ENST00000681535	78.15781	3.370201	3.4342017	0.06400061	0.93758583	0.9880227729262042	0.027988964572897387	ENSG00000119682.18	AREL1	False
ENST00000297534	58.5118	3.222214	3.2861402	0.06392622	0.92728907	0.9852153476557906	0.03278485984577982	ENSG00000164898.13	FMC1	False
ENST00000219320	53.05001	3.3505228	3.4143214	0.063798666	0.8243965	0.9601797487709928	0.08386386541363099	ENSG00000103042.9	SLC38A7	False
ENST00000443120	59.081768	3.376652	3.44039	0.06373811	0.8768073	0.9737462252016386	0.057095856709888634	ENSG00000213337.9	ANKRD39	False
ENST00000469360	24.519585	1.7229861	1.7866027	0.06361663	0.9632673	0.9941997234701915	0.016253170560292275	ENSG00000065150.21	IPO5	False
ENST00000632897	14.364757	1.4994799	1.562771	0.06329107	0.89813524	0.9790856921506778	0.04665826058448656	ENSG00000256671.7	LIMS4	False
ENST00000377107	98.1	4.275695	4.3389792	0.0632844	0.8493055	0.9659481202504552	0.0709360580875286	ENSG00000102226.10	USP11	False
ENST00000504480	51.06028	3.1338975	3.1970496	0.063152075	0.89653736	0.9787719363421314	0.04743160634003018	ENSG00000145439.12	CBR4	False
ENST00000577226	329.9283	5.576018	5.6391535	0.063135624	0.9021112	0.9798776970139408	0.04473993839528973	ENSG00000109118.14	PHF12	False
ENST00000535391	830.47107	7.288304	7.3513193	0.06301546	0.6617952	0.9104548772915186	0.17927638781268496	ENSG00000104131.13	EIF3J	False
ENST00000529588	597.8538	6.6814117	6.744228	0.06281614	0.9130941	0.9815902128217565	0.039484461837363066	ENSG00000149311.22	ATM	False
ENST00000531120	224.86653	5.324043	5.3866735	0.06263065	0.86543334	0.9707935622551248	0.06276638038773871	ENSG00000149100.13	EIF3M	False
ENST00000261716	909.79865	7.439613	7.502242	0.06262922	0.7371314	0.9341176788838464	0.13245507862376762	ENSG00000160551.12	TAOK1	False
ENST00000614067	21.8	1.6810385	1.7436366	0.06259811	0.92935073	0.985911074098404	0.03182035383324126	ENSG00000164081.13	TEX264	False
ENST00000290079	18.2	1.8178825	1.880394	0.062511444	0.9267743	0.9851102616776123	0.03302600718645102	ENSG00000244187.8	TMEM141	False
ENST00000381883	21.9	1.5609347	1.6234441	0.06250942	0.9470603	0.9908778616775317	0.02362237424115532	ENSG00000205808.7	PLPP6	False
ENST00000509563	234.06686	5.6067924	5.6691895	0.062397003	0.83497614	0.962643068203717	0.07832593631804027	ENSG00000127022.16	CANX	False
ENST00000258398	104.6	4.130413	4.192733	0.062319756	0.89271235	0.9774122552991641	0.049288454781924416	ENSG00000135912.11	TTLL4	False
ENST00000561029	99.11355	3.861491	3.9236996	0.062208652	0.9664693	0.9949676143704436	0.01481194227640696	ENSG00000132466.20	ANKRD17	False
ENST00000370902	101.284996	4.292314	4.354262	0.061947823	0.90297604	0.9799172804063941	0.04432377520132338	ENSG00000171311.13	EXOSC1	False
ENST00000433723	5.1885843	0.9796038	1.04147	0.061866224	0.9366312	0.9879702851430281	0.0284313783351341	ENSG00000177842.12	ZNF620	False
ENST00000442925	59.743835	3.5810862	3.6428409	0.061754704	0.8984768	0.9791452810995616	0.046493142464087055	ENSG00000144648.16	ACKR2	False
ENST00000233055	114.78047	4.4709787	4.532584	0.061605453	0.8640608	0.9704156748065865	0.06345568750814132	ENSG00000085449.15	WDFY1	False
ENST00000483043	19.872204	2.1571233	2.2184181	0.061294794	0.8673481	0.9710997026003259	0.061806581096353244	ENSG00000002726.21	AOC1	False
ENST00000652536	99.313515	3.7124188	3.7737122	0.061293364	0.94790745	0.9908778616775317	0.023234064418767696	ENSG00000085377.15	PREP	False
ENST00000264552	85.7	4.0763226	4.13754	0.061217308	0.77840537	0.9445930724984782	0.1087941775865326	ENSG00000108106.14	UBE2S	False
ENST00000432020	374.3963	6.176974	6.2381353	0.061161518	0.67854095	0.9156795930024131	0.16842394067322286	ENSG00000146701.12	MDH2	False
ENST00000522684	14.471738	1.852085	1.9130303	0.060945272	0.95710754	0.9926473805435913	0.019039260637050984	ENSG00000169398.20	PTK2	False
ENST00000513585	76.87105	3.6380959	3.699038	0.060942173	0.92731756	0.9852153476557906	0.03277151632304117	ENSG00000172795.17	DCP2	False
ENST00000679434	37.623516	2.600401	2.6612413	0.06084037	0.9664385	0.9949676143704436	0.014825789854547461	ENSG00000135541.22	AHI1	False
ENST00000381031	39.47129	2.798859	2.8596926	0.060833693	0.9027598	0.9799172804063941	0.044427792956459475	ENSG00000075234.17	TTC38	False
ENST00000674295	13.9	1.2382079	1.2990382	0.060830235	0.9336238	0.9868165798799684	0.029828090064787805	ENSG00000164683.19	HEY1	False
ENST00000464950	52.295837	3.25142	3.3122292	0.060809135	0.9188131	0.9833598525807096	0.03677281702669793	ENSG00000058799.15	YIPF1	False
ENST00000268379	496.1041	6.591924	6.6526575	0.06073332	0.763547	0.9401057048805548	0.1171642230055703	ENSG00000140740.11	UQCRC2	False
ENST00000478770	19.39068	1.4111558	1.4718248	0.060668945	0.94218284	0.989380941703704	0.025864810341492336	ENSG00000067606.17	PRKCZ	False
ENST00000423778	28.910053	1.7054464	1.7661144	0.06066799	0.9451285	0.9906802672234423	0.024509140435258172	ENSG00000174611.12	KY	False
ENST00000249647	357.82587	5.8517213	5.9123178	0.060596466	0.86023587	0.9690423114148058	0.06538245230958233	ENSG00000092531.10	SNAP23	False
ENST00000412997	36.56961	1.8955402	1.9561229	0.060582638	0.9611417	0.9938315911280772	0.01721257759115806	ENSG00000129810.15	SGO1	False
ENST00000443940	43.788124	2.9808712	3.041428	0.06055689	0.9368898	0.9879728986860528	0.02831147659347649	ENSG00000132749.11	TESMIN	False
ENST00000577040	306.44876	5.8108315	5.8713455	0.060513973	0.8705509	0.9719508113316793	0.06020584567974712	ENSG00000132522.16	GPS2	False
ENST00000419113	175.44199	4.427857	4.488163	0.060306072	0.95077866	0.9910506596680162	0.021920573027719943	ENSG00000170906.16	NDUFA3	True
ENST00000641895	518.2747	6.4830317	6.5432496	0.060217857	0.86384326	0.9703678487233361	0.06356504981116935	ENSG00000204695.4	OR14J1	False
ENST00000651981	23.529293	2.4643824	2.5245724	0.060189962	0.9229761	0.9842542511459073	0.0348095556739614	ENSG00000187187.14	ZNF546	False
ENST00000540616	11.493582	1.3163911	1.3765279	0.060136795	0.94105065	0.9889998249273535	0.02638700159472512	ENSG00000165275.10	TRMT10B	True
ENST00000274008	184.9853	4.994665	5.0547495	0.060084343	0.87175137	0.9724273358886829	0.059607362409939704	ENSG00000145375.9	AFG2A	False
ENST00000535669	63.277428	3.729954	3.7900372	0.06008315	0.8163945	0.9578009348644966	0.08809992556702836	ENSG00000104894.12	CD37	False
ENST00000412716	3675.9438	9.394259	9.454193	0.059933662	0.7445226	0.935882830083255	0.12812213128053998	ENSG00000183283.16	DAZAP2	False
ENST00000361124	137.73329	4.7250447	4.784824	0.059779167	0.855933	0.9675263843306977	0.06756022396152367	ENSG00000198885.10	ITPRIPL1	False
ENST00000318445	1237.9797	7.6751933	7.734844	0.059650898	0.8793452	0.9746803280472196	0.0558406132806277	ENSG00000176463.14	SLCO3A1	False
ENST00000711199	31.996525	2.3058002	2.3652902	0.059489965	0.91772586	0.9827715568544004	0.03728702991399577	ENSG00000292338.1	DHRSX	False
ENST00000478825	31.996525	2.3058002	2.3652902	0.059489965	0.91772586	0.9827715568544004	0.03728702991399577	ENSG00000169084.15	DHRSX	False
ENST00000392870	179.62033	5.0218196	5.0811377	0.059318066	0.8453564	0.9647409632698007	0.07296015259297825	ENSG00000198873.12	GRK5	False
ENST00000261401	293.51117	5.596262	5.6552596	0.05899763	0.845803	0.96500049813657	0.07273076728248841	ENSG00000110880.11	CORO1C	False
ENST00000303660	12.675619	1.1556633	1.2146416	0.05897832	0.96841085	0.9951015096561824	0.013940353593666627	ENSG00000169554.23	ZEB2	False
ENST00000367928	65.4	3.1722183	3.2311738	0.05895543	0.9421144	0.989380941703704	0.025896352171338562	ENSG00000112299.8	VNN1	False
ENST00000340273	34.766445	1.892703	1.9515927	0.058889627	0.9489396	0.991029709354693	0.02276141971805796	ENSG00000137745.13	MMP13	False
ENST00000319074	417.26886	6.2393746	6.298116	0.05874157	0.8349359	0.962643068203717	0.07834686320304929	ENSG00000179933.6	C14orf119	False
ENST00000522447	32.311775	2.8940923	2.9528153	0.058722973	0.8847919	0.9759503135481337	0.05315885662803575	ENSG00000147592.9	LACTB2	False
ENST00000529984	28.563534	2.1122808	2.1709588	0.05867791	0.9527327	0.9914318518467449	0.021028936632031547	ENSG00000132781.22	MUTYH	False
ENST00000370272	855.18787	7.140642	7.1992073	0.05856514	0.8598894	0.9688193122240881	0.06555741065658914	ENSG00000117505.13	DR1	False
ENST00000398734	595.2326	6.6397233	6.6981993	0.05847597	0.9298131	0.9859745741870203	0.03160434547704265	ENSG00000131508.17	UBE2D2	False
ENST00000375826	205.57553	5.270003	5.3284626	0.05845976	0.8003589	0.9531429818886921	0.09671522595635079	ENSG00000116771.6	AGMAT	False
ENST00000231524	180.8931	4.8809056	4.9393063	0.05840063	0.9031231	0.9799172804063941	0.04425305850211592	ENSG00000113595.15	TRIM23	False
ENST00000312423	120.810104	4.592607	4.650924	0.058317184	0.799312	0.952655972834198	0.09728366939832402	ENSG00000173928.4	SWSAP1	False
ENST00000372890	502.7019	6.587232	6.645504	0.058271885	0.8221029	0.9596230182737303	0.08507381751943634	ENSG00000167112.10	TRUB2	False
ENST00000415452	13.548245	1.6286196	1.6868374	0.058217883	0.9353411	0.9873345188441023	0.02902997264161114	ENSG00000145016.17	RUBCN	False
ENST00000442421	159.75821	4.969098	5.02722	0.05812168	0.8902034	0.97688540448899	0.05051074335160672	ENSG00000204977.10	TRIM13	False
ENST00000322002	42.11476	2.7492626	2.807154	0.05789137	0.92483515	0.9846904239306189	0.033935674603507125	ENSG00000176887.7	SOX11	False
ENST00000619952	151.4968	4.6808114	4.7386327	0.057821274	0.8554807	0.9675263843306977	0.06778979863454526	ENSG00000170421.13	KRT8	True
ENST00000277480	79.3	3.6851876	3.742952	0.05776453	0.9538406	0.9916992990034957	0.020524189781292678	ENSG00000148346.12	LCN2	False
ENST00000500576	52.187492	3.0198402	3.076989	0.057148695	0.91765434	0.9827715568544004	0.03732087920806559	ENSG00000214113.11	LYRM4	False
ENST00000278919	5.788431	0.8819906	0.9390146	0.057024002	0.9597775	0.9935911670185329	0.017829447003212647	ENSG00000149557.14	FEZ1	False
ENST00000375980	816.14856	7.2295456	7.286536	0.056990623	0.8306956	0.9617724706824102	0.08055807466069807	ENSG00000142634.13	EFHD2	False
ENST00000344951	262.73862	5.397524	5.454513	0.056989193	0.8802971	0.9748224213325505	0.055370716825312444	ENSG00000036257.14	CUL3	False
ENST00000366847	392.41098	6.0719314	6.1288233	0.05689192	0.8356918	0.9627594456463211	0.07795385419204698	ENSG00000213066.14	CEP43	False
ENST00000278903	544.21533	6.5793014	6.6360993	0.05679798	0.90053344	0.9795430635977802	0.04550015674613318	ENSG00000149547.15	EI24	False
ENST00000533645	59.243366	2.6941326	2.7508357	0.05670309	0.9631069	0.9941951459211168	0.016325518940987594	ENSG00000011405.14	PIK3C2A	False
ENST00000007390	146.0899	4.9158297	4.9723835	0.05655384	0.85758233	0.9680871278606209	0.06672417559547388	ENSG00000007520.4	TSR3	False
ENST00000356000	11.1463	1.0027252	1.0591558	0.05643058	0.96527344	0.9946643816068332	0.015349643535813438	ENSG00000133318.14	RTN3	False
ENST00000454189	89.54436	3.7789257	3.835328	0.056402445	0.928078	0.9856693158213936	0.03241552409123657	ENSG00000046653.15	GPM6B	False
ENST00000699053	224.66194	4.9816136	5.037865	0.056251526	0.9104645	0.9809505278451686	0.040736971121268645	ENSG00000132274.17	TRIM22	False
ENST00000672352	124.71631	4.1165886	4.1727843	0.056195736	0.9507602	0.9910506596680162	0.021929013192047625	ENSG00000112294.14	ALDH5A1	False
ENST00000447176	11.9	0.90444857	0.9605819	0.05613333	0.9401708	0.9884169279136201	0.026793230007165426	ENSG00000148803.12	FUOM	False
ENST00000550164	258.67062	5.53355	5.5895996	0.056049824	0.9057013	0.9799172804063941	0.04301501865418792	ENSG00000139613.12	SMARCC2	False
ENST00000440781	57.361847	2.57569	2.631642	0.055952072	0.96708685	0.9949740196167494	0.014534521288800834	ENSG00000198001.16	IRAK4	False
ENST00000253122	337.3	5.8743024	5.9300704	0.055768013	0.94296277	0.9897171825730477	0.02550545569643207	ENSG00000130821.17	SLC6A8	False
ENST00000367495	60.6	3.2145317	3.2702715	0.05573988	0.92287713	0.9842542511459073	0.03485611485562787	ENSG00000118508.5	RAB32	False
ENST00000251108	46.19537	2.67755	2.7332659	0.0557158	0.9474441	0.9908778616775317	0.02344641291312411	ENSG00000102543.14	CDADC1	False
ENST00000375896	222.36282	5.1696396	5.224961	0.055321217	0.9286334	0.9857915693617149	0.032155704001132365	ENSG00000204438.11	GPANK1	False
ENST00000416373	428.8501	6.245773	6.3010106	0.05523777	0.8662646	0.9709615110022777	0.06234944191550082	ENSG00000119318.13	RAD23B	False
ENST00000609812	14.3594	1.7514657	1.8066325	0.05516684	0.92902595	0.985911074098404	0.03197215582710224	ENSG00000273111.6	LYPD4	False
ENST00000335255	126.959694	4.33042	4.3855023	0.05508232	0.92344326	0.9842542511459073	0.034589785202265945	ENSG00000141568.21	FOXK2	False
ENST00000382159	160.10844	4.583033	4.6379533	0.054920197	0.916784	0.9826524895132891	0.037732980212341526	ENSG00000176533.13	GNG7	False
ENST00000557821	984.765	7.3099976	7.364914	0.05491638	0.8665537	0.9709615110022777	0.06220450711986037	ENSG00000137841.12	PLCB2	False
ENST00000544848	15.411438	1.2897447	1.344523	0.05477822	0.9583928	0.9932120167941846	0.018456458111567247	ENSG00000246705.5	H2AJ	False
ENST00000356577	1296.7054	7.860981	7.9157243	0.05474329	0.9427427	0.989641165343793	0.02560681934727318	ENSG00000159140.23	SON	False
ENST00000329858	33.398632	2.9261425	2.9808316	0.05468917	0.8959994	0.9786837961560944	0.047692294729233975	ENSG00000184574.10	LPAR5	False
ENST00000585434	13.20226	1.4842557	1.5389411	0.054685473	0.93275654	0.9865976644920984	0.030231695760098674	ENSG00000104892.17	KLC3	False
ENST00000301678	14.625539	1.4618044	1.5164342	0.054629803	0.94808203	0.9908778616775317	0.023154085070439978	ENSG00000167930.17	FAM234A	False
ENST00000359511	168.66116	4.737539	4.7921386	0.054599762	0.91209656	0.9813698161745982	0.03995918222430266	ENSG00000160785.14	SLC25A44	False
ENST00000373840	747.8218	6.98754	7.0420747	0.054534912	0.853732	0.9672304130561934	0.06867844499321042	ENSG00000119396.12	RAB14	False
ENST00000164227	87.7	3.8006756	3.8552012	0.054525614	0.9347468	0.9872339199749246	0.029306012068251817	ENSG00000069399.15	BCL3	False
ENST00000375442	27.292377	1.9179167	1.9724076	0.054490924	0.95343214	0.9916483263714171	0.020710210939571004	ENSG00000184205.14	TSPYL2	False
ENST00000674770	181.36209	5.1203017	5.174566	0.05426407	0.8775412	0.9742383360270437	0.0567324922422504	ENSG00000196704.14	AMZ2	False
ENST00000381858	24.641724	1.8715125	1.9256678	0.05415523	0.9518013	0.9912851076690629	0.021453706341582956	ENSG00000106993.12	CDC37L1	False
ENST00000330689	83.195724	3.7029676	3.757065	0.054097414	0.89792556	0.9790856921506778	0.04675966788310551	ENSG00000196981.4	WDR5B	False
ENST00000503026	57.968323	2.3650525	2.4190686	0.054016113	0.970455	0.9952953018106013	0.013024602133190944	ENSG00000150753.12	CCT5	False
ENST00000416618	66.40865	3.2855504	3.339472	0.0539217	0.9512558	0.9912122253221287	0.02170268298949315	ENSG00000125676.20	THOC2	False
ENST00000278949	151.47388	4.7655063	4.8193355	0.053829193	0.90826464	0.980681978520131	0.04178759460562993	ENSG00000160588.10	MPZL3	False
ENST00000569637	14.805165	1.6457325	1.6994541	0.053721547	0.94020027	0.9884169279136201	0.026779628789411657	ENSG00000132603.15	NIP7	False
ENST00000259512	264.60284	5.5869937	5.640675	0.053681374	0.8837285	0.9756673191917686	0.053681136848965784	ENSG00000136986.10	DERL1	False
ENST00000679584	10.38562	1.1217031	1.1753768	0.053673625	0.95385295	0.9916992990034957	0.020518572112353292	ENSG00000172543.9	CTSW	False
ENST00000487103	91.91999	2.9427786	2.99643	0.053651333	0.97013515	0.9951753679634818	0.013167758695908463	ENSG00000095951.18	HIVEP1	False
ENST00000306270	278.56808	5.5459075	5.5993094	0.053401947	0.8965682	0.9787719363421314	0.047416679114269875	ENSG00000005700.15	IBTK	False
ENST00000382374	158.7	4.610863	4.664263	0.053399563	0.91912705	0.9834605563857131	0.03662445376688509	ENSG00000165487.14	MICU2	False
ENST00000499666	131.22958	4.5564375	4.6096997	0.053262234	0.886186	0.9762529517548046	0.052475113444977864	ENSG00000109270.13	LAMTOR3	False
ENST00000531115	14.407206	0.9427881	0.9959866	0.053198457	0.94676435	0.9908778616775317	0.02375810363368404	ENSG00000172500.13	FIBP	False
ENST00000543139	237.41763	5.3894706	5.4426217	0.05315113	0.84131426	0.9641238041865302	0.07504175183948604	ENSG00000130921.9	MTRFR	False
ENST00000696693	49.9578	1.5471373	1.6001741	0.05303681	0.97007424	0.9951753679634818	0.013195029422240536	ENSG00000027697.16	IFNGR1	False
ENST00000261739	1149.093	7.6760764	7.729054	0.052977562	0.84183407	0.9642057731152803	0.07477350270941638	ENSG00000076513.17	ANKRD13A	False
ENST00000591340	55.97509	2.959608	3.0125592	0.052951097	0.967818	0.9949740196167494	0.014206295138887404	ENSG00000186020.13	ZNF529	False
ENST00000293471	25.509565	1.5148557	1.5677557	0.052899957	0.960022	0.9935911670185329	0.017718826862350993	ENSG00000176024.18	ZNF613	True
ENST00000486975	19.469189	1.598566	1.6514306	0.05286455	0.9326999	0.9865976644920984	0.030258061071126184	ENSG00000285218.1	ENSG00000285218	False
ENST00000196482	110.653305	4.375487	4.4281883	0.052701473	0.86335486	0.9702188471370184	0.06381066104376955	ENSG00000083812.13	ZNF324	False
ENST00000566029	283.28726	5.680378	5.733072	0.052693844	0.88152915	0.9751664698074751	0.054763320898166476	ENSG00000177200.18	CHD9	False
ENST00000520220	5483.104	9.855203	9.907732	0.052529335	0.9090436	0.980874875715565	0.04141528160781234	ENSG00000254087.8	LYN	False
ENST00000377767	454.93863	6.3692226	6.4217424	0.0525198	0.8014965	0.953647070306486	0.09609836668764657	ENSG00000083520.15	DIS3	False
ENST00000460623	28.957748	2.3585865	2.41101	0.052423477	0.9378546	0.9880687219886248	0.027864492656011406	ENSG00000147813.16	NAPRT	False
ENST00000234170	249.0575	5.3152986	5.3676662	0.052367687	0.9027932	0.9799172804063941	0.0444117069948987	ENSG00000115816.15	CEBPZ	False
ENST00000313056	155.43712	4.8690734	4.921425	0.052351475	0.8350725	0.962643068203717	0.07827580890322454	ENSG00000181396.13	OGFOD3	False
ENST00000505251	55.50937	3.430312	3.4825265	0.052214622	0.9023131	0.9799172804063941	0.044642731034774674	ENSG00000083896.13	YTHDC1	False
ENST00000686204	63.232616	3.492656	3.5448322	0.052176237	0.8721413	0.9724547537241448	0.05941314632023681	ENSG00000174405.15	LIG4	False
ENST00000361605	64.388626	3.139823	3.1918292	0.052006245	0.9683193	0.9950892257851252	0.013981413363862879	ENSG00000198912.12	C1orf174	False
ENST00000257897	162.71234	4.8442025	4.896002	0.051799297	0.910532	0.9809706671680143	0.04070478773619889	ENSG00000135439.12	AGAP2	False
ENST00000396062	176.79016	4.913732	4.965511	0.051778793	0.89176315	0.9771881517227463	0.04975047746945033	ENSG00000100442.11	FKBP3	False
ENST00000553081	567.4313	6.746487	6.798129	0.05164194	0.8628019	0.9700337015692152	0.0640889024414736	ENSG00000058272.19	PPP1R12A	True
ENST00000299166	139.33119	4.765768	4.817316	0.051548004	0.8146455	0.9570347928516162	0.0890313217835711	ENSG00000166136.16	NDUFB8	False
ENST00000335503	292.4833	5.7574234	5.80893	0.05150652	0.9336761	0.9868165798799684	0.029803747022711203	ENSG00000146731.11	CCT6A	False
ENST00000392027	6.7684984	0.6279295	0.67935073	0.051421225	0.9294852	0.985911074098404	0.031757520160276866	ENSG00000163283.7	ALPP	False
ENST00000694866	22.29488	1.7998792	1.8512758	0.05139661	0.9545176	0.9918878004335824	0.02021605807098482	ENSG00000030066.14	NUP160	False
ENST00000293925	49.159355	3.163745	3.2150931	0.05134821	0.91471696	0.9821535348192515	0.03871326895072474	ENSG00000007545.16	CRAMP1	False
ENST00000381799	342.88852	5.948292	5.9996395	0.051347733	0.8559258	0.9675263843306977	0.06756388337800182	ENSG00000168421.14	RHOH	False
ENST00000379090	252.45113	5.3240504	5.375377	0.05132675	0.90053666	0.9795430635977802	0.04549860451083268	ENSG00000196391.11	ZNF774	False
ENST00000441290	7.477192	1.1839219	1.2352349	0.051312923	0.93797225	0.9880890675034657	0.027810011186225912	ENSG00000128573.28	FOXP2	False
ENST00000259229	215.88335	5.388309	5.439596	0.051287174	0.8355727	0.9627594456463211	0.07801574764325102	ENSG00000136710.10	CCDC115	False
ENST00000318507	6463.1846	10.03506	10.08628	0.05121994	0.90811205	0.9806801320236121	0.04186056193621378	ENSG00000180871.8	CXCR2	False
ENST00000361648	190.54976	4.0244594	4.0756264	0.05116701	0.97914296	0.9967971376038794	0.009153892574846828	ENSG00000101974.15	ATP11C	False
ENST00000360067	15.2	1.7972578	1.8484037	0.05114591	0.91952324	0.9835440848369649	0.03643729035099309	ENSG00000104921.15	FCER2	False
ENST00000350667	6.67734	0.93347454	0.98451245	0.051037908	0.9415957	0.9892384294880157	0.026135545654064066	ENSG00000172322.14	CLEC12A	False
ENST00000276440	647.8571	6.5580616	6.6090264	0.050964832	0.90285313	0.9799172804063941	0.0443828913876454	ENSG00000147459.18	DOCK5	False
ENST00000286364	434.7	6.275904	6.3267527	0.050848484	0.84800225	0.9657860661311792	0.07160299288874435	ENSG00000155903.14	RASA2	False
ENST00000509448	36.486084	2.6129477	2.6637955	0.05084777	0.93487304	0.9872339199749246	0.029247362197695494	ENSG00000243317.8	STMP1	True
ENST00000347869	875.4951	7.2650514	7.315632	0.0505805	0.8389612	0.9638007869725905	0.07625813208405345	ENSG00000003756.17	RBM5	False
ENST00000704284	259.72293	5.6366444	5.687135	0.050490856	0.8765265	0.9737462252016386	0.05723496176959347	ENSG00000114391.14	RPL24	False
ENST00000426005	34.335308	1.5307175	1.5811508	0.050433278	0.9707402	0.9952953018106013	0.012896985539092664	ENSG00000161911.12	TREML1	False
ENST00000647496	22.001497	1.5366787	1.587107	0.05042827	0.9548247	0.9918878004335824	0.020076361264692984	ENSG00000163161.14	ERCC3	False
ENST00000297290	1106.3978	7.571175	7.621547	0.050372124	0.8295018	0.9615679820520636	0.08118266320346398	ENSG00000164713.10	BRI3	False
ENST00000262525	15.5	1.5888721	1.6391519	0.050279856	0.93641156	0.9878548702575575	0.028533233771244722	ENSG00000102870.6	ZNF629	False
ENST00000617601	157.43091	4.716785	4.7670536	0.05026865	0.91537684	0.9821912438939951	0.038400078919098975	ENSG00000188158.17	NHS	False
ENST00000366175	17.488756	1.886851	1.9370294	0.05017841	0.9115619	0.9812113632165093	0.04021383203596932	ENSG00000204941.14	PSG5	False
ENST00000293618	34.11817	2.2638106	2.31392	0.050109386	0.961356	0.993836735654517	0.017115765972606327	ENSG00000161813.23	LARP4	False
ENST00000416382	1183.0647	7.3036485	7.3536654	0.05001688	0.93315005	0.9865976644920984	0.03004851492377661	ENSG00000048740.19	CELF2	False
ENST00000457761	85.56492	4.042206	4.0920095	0.049803734	0.8582674	0.968375365271549	0.06637736978167383	ENSG00000128708.13	HAT1	False
ENST00000598766	53.325813	3.2801247	3.3299065	0.0497818	0.94190276	0.989333493140383	0.02599393203991572	ENSG00000167619.13	TMEM145	False
ENST00000354611	369.11792	6.074493	6.124009	0.0495162	0.887637	0.9762929623608356	0.051764593685938914	ENSG00000162971.11	TYW5	False
ENST00000557945	12.27877	1.5757056	1.6252217	0.04951608	0.9553928	0.9921481416972145	0.01981804599326254	ENSG00000166734.20	GOLM2	False
ENST00000393493	111.30516	4.157588	4.2070127	0.04942465	0.92711073	0.9851102616776123	0.032868391797675964	ENSG00000115446.12	UNC50	False
ENST00000313624	286.6056	5.3869834	5.4363866	0.04940319	0.964657	0.9944714493369724	0.015627076013954036	ENSG00000133106.15	EPSTI1	False
ENST00000233099	119.691895	4.461557	4.5109444	0.049387455	0.91572547	0.9823556595241376	0.03823470636773106	ENSG00000008869.12	HEATR5B	False
ENST00000579520	25.2	1.9795132	2.0287607	0.049247503	0.94815826	0.9908778616775317	0.023119165283526394	ENSG00000169689.15	CENPX	True
ENST00000413464	48.40629	3.0449054	3.0941265	0.04922104	0.9424366	0.9894231031657322	0.02574786729511831	ENSG00000148840.11	PPRC1	False
ENST00000600659	16905.1	11.605381	11.654587	0.04920578	0.8925679	0.9774122552991641	0.04935874916638767	ENSG00000233927.5	RPS28	False
ENST00000330432	186.1022	5.083608	5.132716	0.04910803	0.83013153	0.9617724706824102	0.08085309008377818	ENSG00000112038.18	OPRM1	False
ENST00000343455	101.80758	1.8824483	1.9313774	0.048929095	0.9802234	0.9970770151141867	0.008674926517411927	ENSG00000100697.17	DICER1	False
ENST00000372853	283.2	5.8012624	5.84997	0.048707485	0.8853542	0.9762529517548046	0.05288293790131153	ENSG00000167118.11	URM1	True
ENST00000597111	27.839062	1.556599	1.6051432	0.04854417	0.9597842	0.9935911670185329	0.0178263993132691	ENSG00000182986.15	ZNF320	False
ENST00000366382	86.36543	3.6823823	3.730896	0.04851365	0.91413033	0.9818836633608401	0.038991881288103505	ENSG00000011478.13	QPCTL	False
ENST00000336418	470.94662	6.276546	6.3249907	0.048444748	0.86358833	0.9702966159146235	0.06369323351189068	ENSG00000157823.17	AP3S2	False
ENST00000333449	55.736916	3.114988	3.1633873	0.04839921	0.93319947	0.9865976644920984	0.030025518729834	ENSG00000185475.11	TMEM179B	False
ENST00000260327	215.79912	5.27145	5.3196645	0.048214436	0.8399909	0.9640539361853165	0.07572541165044337	ENSG00000137770.14	CTDSPL2	False
ENST00000680422	322.76965	5.670936	5.7190523	0.048116207	0.93091017	0.9861253434615551	0.031092225056844464	ENSG00000188906.17	LRRK2	False
ENST00000682826	11.273499	1.1297913	1.1778462	0.048054934	0.9551032	0.99189866376524	0.01994969142492218	ENSG00000175595.16	ERCC4	False
ENST00000520099	204.7309	5.2844896	5.3325334	0.048043728	0.88911486	0.9766784675728976	0.05104213282317806	ENSG00000214954.9	LRRC69	True
ENST00000540766	87.928535	4.005113	4.0530715	0.047958374	0.92132694	0.9840764564986135	0.035586231911860035	ENSG00000134759.14	ELP2	True
ENST00000369278	321.4	5.713267	5.7612114	0.047944546	0.90976894	0.9809269981133781	0.041068894768376996	ENSG00000014123.10	UFL1	False
ENST00000263102	111.5	4.5164523	4.5643926	0.047940254	0.8801575	0.9748224213325505	0.05543962041882095	ENSG00000108091.11	CCDC6	False
ENST00000439761	42.84423	3.2434647	3.291403	0.047938347	0.8628508	0.9700337015692152	0.06406430132203086	ENSG00000106258.16	CYP3A5	False
ENST00000338167	94.48423	2.884795	2.9326265	0.047831535	0.9609832	0.993796795695502	0.017284197067213812	ENSG00000084234.18	APLP2	False
ENST00000362042	185.2817	5.1941166	5.241908	0.04779148	0.8378679	0.9632374861020546	0.07682443964435542	ENSG00000082641.16	NFE2L1	False
ENST00000679709	73.079384	3.8902495	3.9380357	0.047786236	0.9369137	0.9879728986860528	0.02830039723218001	ENSG00000117054.15	ACADM	True
ENST00000695044	1145.8868	7.7847786	7.8325233	0.04774475	0.8821648	0.9752783780703216	0.054450287016675335	ENSG00000137409.21	MTCH1	False
ENST00000317897	12.3	1.4013475	1.4488654	0.047517896	0.95021445	0.9910506596680162	0.022178371524938192	ENSG00000177383.5	MAGEF1	False
ENST00000431651	10.7	1.2078309	1.2551196	0.047288656	0.9093814	0.9808871350148235	0.041253937824934646	ENSG00000106603.20	COA1	True
ENST00000312916	168.2745	4.8553486	4.9023547	0.04700613	0.89589363	0.9786214539371451	0.04774354969559463	ENSG00000164252.13	AGGF1	False
ENST00000680468	142.9976	3.85013	3.8967302	0.046600103	0.965312	0.9946643816068332	0.01533229312891103	ENSG00000105835.13	NAMPT	False
ENST00000306984	738.57074	7.152418	7.198926	0.046507835	0.7527197	0.9367761286654671	0.12336671737152984	ENSG00000168303.9	MPLKIP	False
ENST00000216034	387.8	6.184717	6.231166	0.046448708	0.85484654	0.967461891822817	0.06811184324483954	ENSG00000100216.6	TOMM22	False
ENST00000679223	93.807884	3.7107172	3.7570682	0.046350956	0.9567108	0.9924777513636065	0.01921931639497971	ENSG00000132002.9	DNAJB1	False
ENST00000674263	40.330284	1.87213	1.9184136	0.046283603	0.96988416	0.9951209388217147	0.013280134704411226	ENSG00000159658.15	EFCAB14	False
ENST00000379221	117.42865	4.574922	4.621185	0.04626274	0.9061192	0.9799172804063941	0.04281465397966803	ENSG00000120675.6	DNAJC15	False
ENST00000366919	15.99046	1.0853034	1.131318	0.046014547	0.97356755	0.995925783110538	0.011633912060811154	ENSG00000085511.20	MAP3K4	False
ENST00000519065	293.1193	5.7499824	5.795905	0.045922756	0.82435465	0.9601797487709928	0.08388590870364471	ENSG00000196591.12	HDAC2	False
ENST00000647417	12.64794	1.1983021	1.2438343	0.045532107	0.95247024	0.9913789709250717	0.021148583644676457	ENSG00000145949.12	MYLK4	False
ENST00000486479	14283.092	11.198177	11.243671	0.04549408	0.8994807	0.9793520520749321	0.046008150561202374	ENSG00000223611.7	SUPT20HL2	False
ENST00000369709	1053.2097	7.187367	7.232855	0.04548788	0.925929	0.985022233771511	0.03342230898144882	ENSG00000116473.15	RAP1A	False
ENST00000432191	41.922127	2.416529	2.4620035	0.04547453	0.9494028	0.9910506596680162	0.02254948760235676	ENSG00000134283.18	PPHLN1	False
ENST00000680962	25.90238	1.5955764	1.6409193	0.045342922	0.97162265	0.9954825457582557	0.012502371537523786	ENSG00000100023.20	PPIL2	False
ENST00000234296	155.23154	4.8878293	4.933077	0.045247555	0.8891002	0.9766784675728976	0.05104929500325836	ENSG00000115942.9	ORC2	False
ENST00000683024	27.581018	2.2732992	2.3185096	0.04521036	0.9527715	0.9914318518467449	0.021011249170969085	ENSG00000100336.18	APOL4	False
ENST00000378512	291.04922	5.6763783	5.721555	0.045176983	0.8951753	0.9786202452457206	0.048091920107174	ENSG00000157916.20	RER1	False
ENST00000371711	481.7002	6.6344647	6.679604	0.045139313	0.90962595	0.9809269981133781	0.04113715970480477	ENSG00000158470.5	B4GALT5	False
ENST00000556131	34.707222	2.4086866	2.4536116	0.044924974	0.9561762	0.9923467931963006	0.019462060740522057	ENSG00000133703.14	KRAS	True
ENST00000393721	95.5	4.162871	4.207752	0.044881344	0.8817233	0.9751666532336161	0.054667690122459076	ENSG00000089820.17	ARHGAP4	False
ENST00000326282	38.509277	3.0836637	3.1283195	0.0446558	0.8549842	0.967461891822817	0.06804189879382372	ENSG00000176401.6	EID2B	False
ENST00000301788	107.61794	4.1646976	4.209306	0.044608116	0.9039255	0.9799172804063941	0.04386737221086661	ENSG00000168002.12	POLR2G	False
ENST00000519606	31.397282	1.6027174	1.647217	0.044499636	0.965495	0.994677472126777	0.015249975296818404	ENSG00000008988.11	RPS20	True
ENST00000568445	8.265703	1.2958175	1.3401022	0.0442847	0.93919826	0.9884169279136201	0.02724272275160944	ENSG00000166451.14	CENPN	True
ENST00000375464	92.6646	3.9977543	4.041956	0.044201612	0.9236443	0.9842542511459073	0.03449524353214006	ENSG00000165233.18	CARD19	False
ENST00000528062	7.8855906	0.61869353	0.662858	0.04416448	0.9564424	0.9924542500426337	0.019341172307219316	ENSG00000131051.24	RBM39	False
ENST00000265440	50.101746	1.4647484	1.5087405	0.04399216	0.9745764	0.9961537450315701	0.011184103475622108	ENSG00000105967.16	TFEC	False
ENST00000380615	135.57306	4.51354	4.5575275	0.04398775	0.91720706	0.9827239322494694	0.0375326099800714	ENSG00000102781.14	KATNAL1	False
ENST00000398468	32.90247	2.955105	2.9990811	0.04397607	0.9148724	0.9821535348192515	0.038639470308508644	ENSG00000214513.4	NOTO	False
ENST00000403782	10.547417	1.4630636	1.5070219	0.043958306	0.966018	0.994863108829913	0.01501477172715233	ENSG00000180902.18	D2HGDH	False
ENST00000304141	498.8	6.401856	6.44536	0.043504238	0.949753	0.9910506596680162	0.02238933216279967	ENSG00000168497.5	CAVIN2	False
ENST00000190611	34.7601	2.809632	2.8530574	0.04342532	0.94584453	0.9908778616775317	0.024180242934206567	ENSG00000079156.17	OSBPL6	False
ENST00000373912	437.0209	6.281021	6.3243876	0.043366432	0.9048147	0.9799172804063941	0.043440342621096216	ENSG00000117748.10	RPA2	False
ENST00000411832	9.544085	1.1812102	1.2245454	0.0433352	0.9614172	0.993836735654517	0.017088113319949343	ENSG00000106635.8	BCL7B	True
ENST00000529576	163.2162	4.776891	4.820197	0.043305874	0.9317656	0.9864446161608946	0.03069331994811638	ENSG00000104529.19	EEF1D	False
ENST00000461758	1144.9615	7.5561314	7.599379	0.0432477	0.9171828	0.9827239322494694	0.03754409673030514	ENSG00000106829.21	TLE4	False
ENST00000396307	11.08433	1.7724632	1.8156555	0.043192267	0.91877794	0.9833598525807096	0.03678943957315038	ENSG00000069974.17	RAB27A	False
ENST00000229812	1078.9	7.6577816	7.700962	0.043180466	0.8677069	0.9710997026003259	0.06162695159269821	ENSG00000112079.9	STK38	False
ENST00000582081	235.29155	5.406688	5.4498687	0.043180466	0.88303035	0.9755392209295454	0.05402436689551439	ENSG00000108854.16	SMURF2	False
ENST00000617909	94.58987	2.8252285	2.8683348	0.043106318	0.97761166	0.9967857094374862	0.009833626803626793	ENSG00000135315.12	CEP162	False
ENST00000627651	43.25113	1.9942346	2.037293	0.043058395	0.96802986	0.9949740196167494	0.014111247658342497	ENSG00000204406.14	MBD5	False
ENST00000368141	6916.5913	10.281059	10.3238945	0.042835236	0.90701795	0.9801944732038228	0.04238411991088157	ENSG00000163563.8	MNDA	False
ENST00000276914	125.9907	4.725305	4.768135	0.04282999	0.90166104	0.9797062611950894	0.04495669618280165	ENSG00000147872.10	PLIN2	False
ENST00000244137	63.137856	3.0132923	3.0561037	0.042811394	0.96912223	0.9951015096561824	0.01362144389462741	ENSG00000124299.16	PEPD	False
ENST00000264914	107.9182	4.1333337	4.176037	0.04270315	0.92650783	0.985094240973058	0.033150905777784276	ENSG00000113273.17	ARSB	False
ENST00000558970	10.616507	1.3078014	1.3504608	0.042659402	0.9269695	0.9851102616776123	0.03293454196431375	ENSG00000104064.18	GABPB1	False
ENST00000373498	187.2649	4.8795757	4.922089	0.04251337	0.9337709	0.9868165798799684	0.02975966685416402	ENSG00000119487.17	MAPKAP1	False
ENST00000240922	329.21283	5.727218	5.769474	0.04225588	0.8744875	0.9729429605755733	0.05824638441670337	ENSG00000121579.14	NAA50	False
ENST00000527696	82.837074	3.9712474	4.0134115	0.042164087	0.92215383	0.9842353161448519	0.035196625392203675	ENSG00000177963.15	RIC8A	False
ENST00000574840	79.90986	3.850695	3.892537	0.041842222	0.8427256	0.9643619989817128	0.07431382594358388	ENSG00000015532.10	XYLT2	True
ENST00000373106	2272.3118	8.363454	8.40526	0.04180622	0.93500036	0.9872339199749246	0.029188221906927613	ENSG00000119535.20	CSF3R	False
ENST00000695449	996.85223	7.2492805	7.290725	0.04144478	0.90092385	0.9795933271878859	0.0453119168178364	ENSG00000132842.15	AP3B1	False
ENST00000286371	52.16689	1.3511724	1.3926038	0.041431308	0.9807444	0.9970770151141867	0.008444153477740702	ENSG00000069849.11	ATP1B3	False
ENST00000430252	6.599817	1.0101104	1.051488	0.041377664	0.93474734	0.9872339199749246	0.0293057628310813	ENSG00000111817.19	DSE	False
ENST00000494254	94.48222	3.8056917	3.846785	0.04109335	0.9601421	0.9935911670185329	0.017664497935327865	ENSG00000136854.26	STXBP1	False
ENST00000371538	96.4938	4.1566606	4.1976614	0.041000843	0.9330928	0.9865976644920984	0.030075174279374547	ENSG00000162377.6	COA7	False
ENST00000378244	18.701298	1.7584481	1.7994044	0.04095626	0.9543501	0.9918878004335824	0.020292270341254814	ENSG00000166153.17	DEPDC4	False
ENST00000351842	534.9915	6.4429474	6.483707	0.040759563	0.9128033	0.9815474135482289	0.039622802185307456	ENSG00000114316.13	USP4	False
ENST00000397854	1022.15295	7.5720763	7.6128054	0.040729046	0.9150799	0.9821535348192515	0.0385409878987386	ENSG00000160255.19	ITGB2	False
ENST00000237889	69.06208	3.3746803	3.4153364	0.04065609	0.9483582	0.9909317823722509	0.023027606321909904	ENSG00000119013.10	NDUFB3	True
ENST00000379333	12.647646	1.6183928	1.6590096	0.04061675	0.9046675	0.9799172804063941	0.043511012939158426	ENSG00000089057.15	SLC23A2	False
ENST00000692314	27.053913	1.5236684	1.56417	0.040501595	0.9726559	0.99588157403409	0.012040777898260416	ENSG00000143379.13	SETDB1	False
ENST00000417494	339.43246	5.947452	5.9879436	0.04049158	0.87366664	0.9727057518439257	0.05865424499261954	ENSG00000111912.20	NCOA7	False
ENST00000608703	404.94025	5.963381	6.003659	0.040277958	0.93617606	0.987697424027297	0.028642468137871847	ENSG00000204389.10	HSPA1A	False
ENST00000470626	10.731211	1.3885546	1.4286609	0.040106297	0.95071435	0.9910506596680162	0.02194995095300314	ENSG00000134744.14	TUT4	True
ENST00000368097	207.00525	5.2405996	5.280507	0.039907455	0.8779449	0.9744280771769698	0.056532746235239274	ENSG00000158710.15	TAGLN2	False
ENST00000321341	473.9309	6.4851875	6.5250425	0.039855003	0.8824424	0.9753528853304446	0.05431362562025033	ENSG00000082212.13	ME2	False
ENST00000426077	125.0167	4.249396	4.289138	0.039741993	0.93692845	0.9879728986860528	0.02829357292835697	ENSG00000226479.4	TMEM185B	False
ENST00000445946	3549.4934	9.148122	9.18783	0.039708138	0.9330351	0.9865976644920984	0.030102029478349158	ENSG00000227268.5	KLLN	False
ENST00000520798	10.8	1.4253455	1.4649205	0.03957498	0.94995195	0.9910506596680162	0.0222983629169285	ENSG00000123124.14	WWP1	False
ENST00000285243	83.8013	3.9674957	4.006965	0.03946948	0.9329088	0.9865976644920984	0.03016082263762286	ENSG00000154945.7	ANKRD40	False
ENST00000257868	180.76141	4.9209476	4.9604154	0.03946781	0.9313755	0.986306549562411	0.03087518879677247	ENSG00000135414.10	GDF11	False
ENST00000158771	236.98746	5.428288	5.4676847	0.039396763	0.86327356	0.970181698431126	0.06385155978069755	ENSG00000072849.11	DERL2	False
ENST00000446758	30.902359	2.7489197	2.7882257	0.039305925	0.9731971	0.995925783110538	0.011799192743537771	ENSG00000187231.14	SESTD1	True
ENST00000635499	33.915436	2.1676538	2.206957	0.039303303	0.9519071	0.9912926180248745	0.02140543466945246	ENSG00000054523.20	KIF1B	False
ENST00000611116	248.4	5.614088	5.6533275	0.039239407	0.928535	0.9857902301804038	0.03220172862041972	ENSG00000277734.8	TRAC	False
ENST00000553676	9.2221775	1.1731325	1.2123613	0.039228797	0.9470751	0.9908778616775317	0.023615568385502845	ENSG00000133962.8	CATSPERB	False
ENST00000265175	113.25167	4.1174607	4.1565104	0.039049625	0.9482579	0.9908790248931306	0.023073519882096077	ENSG00000138802.11	SEC24B	False
ENST00000610343	148.40031	4.58468	4.623605	0.038924694	0.93934613	0.9884169279136201	0.027174347377704067	ENSG00000121741.17	ZMYM2	False
ENST00000380833	21.894403	1.5160913	1.5548574	0.038766026	0.95387566	0.9916992990034957	0.02050823253484019	ENSG00000073464.13	CLCN4	False
ENST00000344710	10.178017	1.1157819	1.154455	0.038673043	0.95158756	0.9912122253221287	0.02155124508928507	ENSG00000184708.18	EIF4ENIF1	False
ENST00000394957	2657.1	8.767697	8.806322	0.038624763	0.9206201	0.9840268355880356	0.03591955497730518	ENSG00000107738.20	VSIR	False
ENST00000348657	63.883472	3.3750699	3.4136775	0.038607597	0.9783357	0.9967857094374862	0.009512108053903666	ENSG00000100227.19	POLDIP3	False
ENST00000697633	11575.518	11.083294	11.121877	0.0385828	0.8843572	0.9757721701424954	0.053372277156743385	ENSG00000081237.21	PTPRC	True
ENST00000292778	48.599937	3.182085	3.2205207	0.038435698	0.9530917	0.9914318518467449	0.02086532114672877	ENSG00000161179.14	YDJC	False
ENST00000381337	325.58856	6.0199394	6.0582333	0.03829384	0.90238184	0.9799172804063941	0.044609654506822055	ENSG00000066654.14	THUMPD1	False
ENST00000626301	12.29004	1.1219684	1.1602457	0.03827727	0.96758145	0.9949740196167494	0.014312465890950999	ENSG00000215301.11	DDX3X	False
ENST00000581322	215.69077	5.2888103	5.3270826	0.03827238	0.930561	0.9859745741870203	0.031255149958557014	ENSG00000154217.16	PITPNC1	False
ENST00000424725	13.916867	1.3537546	1.3918967	0.038142085	0.9628262	0.9941551412400279	0.0164521038447208	ENSG00000172456.18	FGGY	False
ENST00000513376	23.84935	2.0178893	2.0559561	0.038066864	0.9788361	0.9967971376038794	0.009290013503986679	ENSG00000157426.14	AASDH	False
ENST00000683536	44.075172	1.215374	1.2533729	0.037998915	0.98072237	0.9970770151141867	0.008453919443019306	ENSG00000146872.19	TLK2	False
ENST00000394622	62.34739	3.1747248	3.2125106	0.03778577	0.95067614	0.9910506596680162	0.021967404396426044	ENSG00000157214.14	STEAP2	False
ENST00000282356	236.08597	5.2761555	5.3139405	0.037785053	0.925428	0.9849199869814509	0.03365737704989963	ENSG00000152495.11	CAMK4	False
ENST00000713693	17.409967	1.6135712	1.6512306	0.037659407	0.95662814	0.9924777513636065	0.01925684642896732	ENSG00000169814.18	BTD	False
ENST00000424001	1235.9799	7.2504706	7.2879944	0.037523746	0.95361006	0.9916992990034957	0.020629174856102564	ENSG00000072952.21	IRAG1	False
ENST00000678124	150.24115	4.5405517	4.5779543	0.03740263	0.96390474	0.9943636139197216	0.015965884790239623	ENSG00000092108.22	SCFD1	False
ENST00000380006	290.12387	5.528132	5.565498	0.037365913	0.9119018	0.9812898456425189	0.04005194036263192	ENSG00000196470.12	SIAH1	False
ENST00000673388	11.061106	1.5091977	1.5464801	0.037282348	0.9622347	0.9939664748321452	0.016718996556473614	ENSG00000144645.16	OSBPL10	False
ENST00000460391	186.97394	4.2348347	4.2719383	0.037103653	0.97814465	0.9967857094374862	0.009596918034056068	ENSG00000135250.17	SRPK2	False
ENST00000339077	201.5397	5.1728344	5.209784	0.036949635	0.9041344	0.9799172804063941	0.043767010136781664	ENSG00000122550.18	KLHL7	False
ENST00000401959	256.48404	5.667734	5.704627	0.03689289	0.93442625	0.9870941770635946	0.029454970709619614	ENSG00000100138.15	SNU13	False
ENST00000368865	541.5584	6.605129	6.6420116	0.036882877	0.9103594	0.9809361663924436	0.04078712736973771	ENSG00000154473.18	BUB3	False
ENST00000216274	35.5	2.3235645	2.3604403	0.036875725	0.9507834	0.9910506596680162	0.021918422173359483	ENSG00000129465.16	RIPK3	False
ENST00000249344	127.89915	4.4963765	4.533161	0.03678465	0.8899099	0.97688540448899	0.05065395053549593	ENSG00000128578.10	STRIP2	False
ENST00000262812	72.49422	3.5306854	3.5673237	0.03663826	0.96121454	0.9938315911280772	0.017179667298553504	ENSG00000105669.14	COPE	False
ENST00000420712	22.6987	2.0302415	2.066796	0.036554575	0.9565265	0.9924542500426337	0.019302985486007188	ENSG00000197756.10	RPL37A	True
ENST00000237264	84.98596	3.9534428	3.9899273	0.03648448	0.94139206	0.9892384294880157	0.026229467102795164	ENSG00000028839.10	TBPL1	False
ENST00000300086	983.67773	7.564036	7.6004877	0.036451817	0.8721561	0.9724547537241448	0.059405785511009716	ENSG00000166848.7	TERF2IP	False
ENST00000347528	6.3164062	0.83954555	0.8758847	0.036339164	0.9611861	0.9938315911280772	0.017192513327157148	ENSG00000029534.22	ANK1	False
ENST00000644527	229.29817	5.3166394	5.3529744	0.03633499	0.89546525	0.9786202452457206	0.04795126067869865	ENSG00000073584.20	SMARCE1	False
ENST00000311180	438.7797	6.286667	6.322918	0.036251068	0.902093	0.9798776970139408	0.04474869042068406	ENSG00000174840.9	PDE12	False
ENST00000429762	139.75822	4.5214744	4.5577183	0.036243916	0.93841356	0.9881861978180526	0.027605725146359287	ENSG00000100987.15	VSX1	False
ENST00000488300	33.965927	2.235356	2.2713814	0.036025286	0.96490526	0.9945400115204679	0.015515325219180089	ENSG00000180537.13	RNF182	False
ENST00000329271	31.671	2.5427117	2.578723	0.03601122	0.94688743	0.9908778616775317	0.023701647082245786	ENSG00000164284.15	GRPEL2	False
ENST00000352035	94.35893	3.6674948	3.7034554	0.035960674	0.96444863	0.9944714493369724	0.015720899124263606	ENSG00000131473.17	ACLY	False
ENST00000629520	136.30817	4.2364383	4.2722635	0.035825253	0.9624909	0.9940269271687787	0.01660336056251443	ENSG00000169554.23	ZEB2	False
ENST00000373671	774.7931	7.187849	7.2233458	0.03549671	0.89766157	0.9790856921506778	0.046887368681457514	ENSG00000173744.18	AGFG1	False
ENST00000595840	158.49222	3.9526684	3.9879856	0.035317183	0.9829715	0.9971119503331424	0.007459078467986583	ENSG00000175489.10	LRRC25	False
ENST00000549273	215.6197	5.27494	5.310182	0.03524208	0.93024755	0.9859745741870203	0.03140146733075078	ENSG00000063177.13	RPL18	False
ENST00000334955	1229.4734	7.6861033	7.721258	0.03515482	0.8740773	0.9727556672489439	0.05845014836442547	ENSG00000187257.16	RSBN1L	False
ENST00000380527	135.2	4.535307	4.570365	0.03505802	0.95979124	0.9935911670185329	0.017823216792615882	ENSG00000155876.6	RRAGA	False
ENST00000367114	13.318904	1.858668	1.8933158	0.034647822	0.91325814	0.9815902128217565	0.039406450396300106	ENSG00000143486.16	EIF2D	False
ENST00000424485	148.4171	4.567886	4.60226	0.034374237	0.97228974	0.9958108832340128	0.012204296613177103	ENSG00000182149.21	IST1	False
ENST00000393307	8.995262	1.4565705	1.4908323	0.034261823	0.8713623	0.9722090782692736	0.059801219779511694	ENSG00000172780.17	RAB43	False
ENST00000618612	202.19237	5.285459	5.3196125	0.03415346	0.9060282	0.9799172804063941	0.04285827942958474	ENSG00000088832.18	FKBP1A	True
ENST00000375350	12.740778	1.5722691	1.6062278	0.033958673	0.94962794	0.9910506596680162	0.022446517913145364	ENSG00000165671.22	NSD1	True
ENST00000280979	22.75696	1.7272406	1.7611877	0.03394711	0.9650943	0.9946643816068332	0.0154302368158373	ENSG00000151320.11	AKAP6	False
ENST00000622602	120.7	4.556223	4.590146	0.03392315	0.8063406	0.9552005372235465	0.09348148586603447	ENSG00000256537.5	SMIM10L1	False
ENST00000409658	121.601	4.2536073	4.2874575	0.033850193	0.9531747	0.9914318518467449	0.020827488917130633	ENSG00000136709.12	WDR33	False
ENST00000372276	32.199883	2.7054226	2.7391918	0.03376913	0.9646507	0.9944714493369724	0.01562992046706356	ENSG00000101017.15	CD40	False
ENST00000528192	36.991688	2.3919754	2.4257238	0.03374839	0.9688301	0.9951015096561824	0.013752372947019663	ENSG00000213619.11	NDUFS3	False
ENST00000451311	540.7695	6.2768764	6.3104553	0.033578873	0.9528943	0.9914318518467449	0.020955284377910187	ENSG00000205542.11	TMSB4X	False
ENST00000685924	31.27003	2.2383912	2.2718234	0.033432245	0.9644731	0.9944714493369724	0.015709867953164557	ENSG00000284906.3	ENSG00000284906	False
ENST00000371021	335.5	5.9829097	6.0163183	0.03340864	0.9373878	0.9880227729262042	0.028080691927963773	ENSG00000165879.9	FRAT1	False
ENST00000585916	242.83713	5.5036125	5.5369563	0.033343792	0.88112575	0.9750018993383772	0.05496210766760805	ENSG00000078043.16	PIAS2	False
ENST00000188376	1078.1201	7.726252	7.7595816	0.033329487	0.852344	0.9668680825455632	0.069385103652255	ENSG00000075415.15	SLC25A3	False
ENST00000367511	5416.203	9.60899	9.642163	0.03317356	0.9537149	0.9916992990034957	0.020581429014103383	ENSG00000135842.17	NIBAN1	False
ENST00000509541	51.240215	3.3379166	3.3709784	0.033061743	0.92949927	0.985911074098404	0.031750947659407246	ENSG00000001084.13	GCLC	False
ENST00000356232	22.52416	2.1420763	2.1750736	0.03299737	0.9842745	0.9973174951932662	0.006883763293993731	ENSG00000081307.15	UBA5	False
ENST00000556619	8.074194	1.1604573	1.1934088	0.032951593	0.9711606	0.9953225534281154	0.012708949426856318	ENSG00000090060.19	PAPOLA	False
ENST00000309822	265.67	5.6689415	5.701884	0.032942295	0.92213	0.9842353161448519	0.03520785401897087	ENSG00000147679.12	UTP23	False
ENST00000421687	36.01426	1.5497451	1.5825374	0.03279233	0.9785649	0.9967971376038794	0.009410357934564033	ENSG00000090621.15	PABPC4	False
ENST00000395825	58.67051	3.221357	3.2539728	0.03261566	0.95225465	0.9913465378354436	0.021246896580070444	ENSG00000141040.15	ZNF287	False
ENST00000475287	57.573254	2.2963226	2.3288631	0.03254056	0.9844226	0.9973525124773271	0.006818413850040698	ENSG00000145819.18	ARHGAP26	False
ENST00000675148	34.40326	1.8613335	1.8938693	0.03253579	0.9814042	0.9970770151141867	0.00815209425943035	ENSG00000116667.15	C1orf21	True
ENST00000310758	51.65642	3.2385328	3.271009	0.032476187	0.9679726	0.9949740196167494	0.014136946402452093	ENSG00000155849.16	ELMO1	False
ENST00000493678	533.60803	6.74966	6.782084	0.032423973	0.88134193	0.9750666389857778	0.054855565677064344	ENSG00000116288.13	PARK7	False
ENST00000684388	25.525541	1.6298319	1.6621983	0.032366395	0.98051906	0.9970770151141867	0.008543961430892422	ENSG00000288725.1	ENSG00000288725	False
ENST00000679886	78.90797	3.681984	3.714346	0.032361984	0.9705914	0.9952953018106013	0.01296354951634008	ENSG00000118217.7	ATF6	False
ENST00000281031	433.86328	6.3462124	6.378373	0.03216076	0.8922076	0.9773556645080953	0.04953407070688771	ENSG00000151366.13	NDUFC2	False
ENST00000636580	704.4107	6.9104915	6.9422517	0.031760216	0.8678385	0.9710997026003259	0.06156108616702946	ENSG00000182220.15	ATP6AP2	False
ENST00000381007	199.2502	5.186417	5.2180605	0.03164339	0.9387876	0.9882089829638316	0.027432664892011936	ENSG00000197860.10	SGTB	False
ENST00000560258	664.59814	6.832459	6.864099	0.031640053	0.9382941	0.9881861978180526	0.027661008642378578	ENSG00000180304.14	OAZ2	True
ENST00000373019	260.06317	5.620834	5.6523714	0.031537533	0.930518	0.9859745741870203	0.03127523472589547	ENSG00000183431.12	SF3A3	False
ENST00000158762	200.1	5.3413033	5.3726087	0.031305313	0.9240926	0.9844227310257047	0.0342845118288486	ENSG00000072818.12	ACAP1	False
ENST00000462069	17.1	1.6905667	1.721837	0.031270385	0.9674962	0.9949740196167494	0.014350724752960313	ENSG00000114405.11	CEP15	True
ENST00000631460	5008.173	9.655056	9.686235	0.031179428	0.9268716	0.9851102616776123	0.03298042577322975	ENSG00000048740.19	CELF2	False
ENST00000602569	2935.5164	9.0074415	9.038558	0.031116486	0.9528451	0.9914318518467449	0.020977696596747555	ENSG00000185201.18	IFITM2	False
ENST00000550804	109.953896	4.125356	4.156316	0.030959606	0.94865334	0.9909317823722509	0.02289245973485429	ENSG00000012822.16	CALCOCO1	False
ENST00000695731	15.522616	1.827473	1.8584123	0.030939221	0.95986795	0.9935911670185329	0.01778850725532493	ENSG00000102977.18	ACD	True
ENST00000399004	52.936943	2.082633	2.1135697	0.030936718	0.9837562	0.9971439955575812	0.007112524346088442	ENSG00000145723.17	GIN1	False
ENST00000561442	13.434598	1.7725815	1.8032584	0.030676961	0.97264856	0.99588157403409	0.012044051395216712	ENSG00000140455.17	USP3	True
ENST00000422708	100.43613	4.413407	4.4440618	0.030654907	0.94811857	0.9908778616775317	0.0231373483405751	ENSG00000115866.11	DARS1	False
ENST00000414706	361.29254	6.0764756	6.1070905	0.030614853	0.8783812	0.9745253108727094	0.056316971619991024	ENSG00000130544.12	ZNF557	False
ENST00000700582	322.34344	5.825787	5.856391	0.030603886	0.92119884	0.9840764564986135	0.03564661526889182	ENSG00000135341.19	MAP3K7	False
ENST00000394485	19.70218	1.7993952	1.8298696	0.030474424	0.96928716	0.9951015096561824	0.013547541575581561	ENSG00000187193.9	MT1X	False
ENST00000531755	28.671982	1.727304	1.7577171	0.03041315	0.96905106	0.9951015096561824	0.013653337684810852	ENSG00000170322.15	NFRKB	False
ENST00000303204	628.6437	6.844218	6.8745785	0.030360699	0.8955414	0.9786202452457206	0.047914318027590656	ENSG00000169230.10	PRELID1	False
ENST00000269122	447.83398	6.313389	6.343528	0.03013897	0.90766615	0.9805622461051541	0.04207386214363949	ENSG00000141367.14	CLTC	False
ENST00000347512	2745.8433	8.974235	9.004343	0.030108452	0.92997706	0.9859745741870203	0.03152776447226918	ENSG00000130255.13	RPL36	False
ENST00000650089	178.2	5.0098395	5.0398474	0.03000784	0.9275301	0.9852955739123213	0.03267198322935131	ENSG00000101310.17	SEC23B	False
ENST00000367619	191.43843	2.8646383	2.8945704	0.029932022	0.9889708	0.9987537616274018	0.0048165239522221315	ENSG00000057252.13	SOAT1	False
ENST00000550333	41.84488	2.31748	2.3473964	0.029916286	0.9745947	0.9961537450315701	0.01117594924824878	ENSG00000133641.18	RLIG1	True
ENST00000534490	6108.392	10.121936	10.151675	0.02973938	0.944461	0.9904109333878969	0.024815976362381535	ENSG00000172809.13	RPL38	False
ENST00000543856	15.471288	1.750404	1.779999	0.029595017	0.95997804	0.9935911670185329	0.017738699735778733	ENSG00000172828.13	CES3	False
ENST00000511813	23.6043	1.8346882	1.8642292	0.029541016	0.9686615	0.9951015096561824	0.01382796698286267	ENSG00000109323.11	MANBA	True
ENST00000329565	427.8	6.3010497	6.330447	0.029397488	0.8869763	0.9762529517548046	0.05208798354077403	ENSG00000184602.6	SNN	False
ENST00000291971	23.090847	2.3511038	2.3803036	0.029199839	0.95029217	0.9910506596680162	0.022142849099041198	ENSG00000179709.8	NLRP8	False
ENST00000549994	23.307682	2.1009312	2.1301296	0.029198408	0.9677975	0.9949740196167494	0.01421549611182967	ENSG00000135407.11	AVIL	False
ENST00000261226	549.71155	6.563494	6.5926867	0.029192448	0.94752043	0.9908778616775317	0.023411414975004128	ENSG00000057704.13	TMCC3	False
ENST00000403821	10.564947	1.1428217	1.171879	0.029057384	0.9795536	0.9969586276634019	0.008971803686282935	ENSG00000179912.21	R3HDM2	False
ENST00000265734	378.5451	6.1394386	6.168283	0.028844357	0.94415975	0.9903532492947832	0.02495451946173179	ENSG00000105810.10	CDK6	False
ENST00000680470	5.20399	0.7918284	0.82050824	0.028679848	0.97838444	0.9967857094374862	0.009490464976855767	ENSG00000184014.9	DENND5A	False
ENST00000295822	83.68912	3.8863075	3.914917	0.028609514	0.954815	0.9918878004335824	0.02008078033173741	ENSG00000163577.8	EIF5A2	False
ENST00000695867	102.412674	3.0015697	3.029959	0.028389215	0.98947465	0.9987652295215057	0.004595325947793685	ENSG00000119844.17	AFTPH	False
ENST00000309983	135.89919	4.5761523	4.604475	0.028322697	0.93087924	0.9861253434615551	0.031106657212835526	ENSG00000137364.5	TPMT	False
ENST00000524396	191.6537	4.739884	4.768057	0.02817297	0.95776933	0.9929752700469073	0.0187390722322691	ENSG00000107099.18	DOCK8	False
ENST00000418646	342.18896	5.8542857	5.8823824	0.028096676	0.93045545	0.9859745741870203	0.03130441771209034	ENSG00000125772.14	GPCPD1	False
ENST00000273375	79.34196	3.8515956	3.8796484	0.028052807	0.9601343	0.9935911670185329	0.017668002822307512	ENSG00000144840.10	RABL3	False
ENST00000538183	11750.631	11.050569	11.078581	0.028012276	0.90929794	0.980874875715565	0.041293791310949055	ENSG00000291237.1	SOD2	False
ENST00000290200	1067.058	7.464823	7.4928164	0.027993679	0.9439548	0.9901899503844487	0.0250487891218251	ENSG00000243646.11	IL10RB	False
ENST00000634733	28.610226	2.2790716	2.3070314	0.027959824	0.97130644	0.9953225534281154	0.012643730338451606	ENSG00000274750.3	H3C6	False
ENST00000693352	202.2373	3.0482976	3.0762541	0.027956486	0.9882232	0.998488625846923	0.005144956786119987	ENSG00000155393.14	HEATR3	False
ENST00000380877	59.3578	3.501301	3.5292244	0.027923346	0.9594191	0.993589312674561	0.01799165272377445	ENSG00000104064.18	GABPB1	False
ENST00000534347	26.687428	2.164566	2.1923866	0.027820587	0.97746366	0.9967857094374862	0.009899378602230585	ENSG00000052841.16	TTC17	False
ENST00000492993	24.11989	1.8936291	1.9211984	0.027569294	0.9761884	0.9965970572907765	0.010466347895764526	ENSG00000181322.15	NME9	False
ENST00000403766	251.5	5.472262	5.499807	0.027544975	0.9393968	0.9884169279136201	0.027150924191179565	ENSG00000134882.16	UBAC2	False
ENST00000420107	110.10634	3.4311087	3.4586494	0.027540684	0.9778913	0.9967857094374862	0.009709406114620551	ENSG00000158435.8	CNOT11	False
ENST00000698301	31.019154	1.9771801	2.0046804	0.027500272	0.9855704	0.9977195934762387	0.006312361022846238	ENSG00000107960.12	STN1	False
ENST00000684163	18.624908	1.8021504	1.8296168	0.027466416	0.97591645	0.9965042895125569	0.010587363601675797	ENSG00000151835.17	SACS	False
ENST00000511305	27.90516	2.2017236	2.2290177	0.027294159	0.9672336	0.9949740196167494	0.014468626049843855	ENSG00000109466.14	KLHL2	False
ENST00000342085	115.31059	4.3453655	4.3726306	0.027265072	0.9473228	0.9908778616775317	0.023502016530138656	ENSG00000140992.19	PDPK1	False
ENST00000354181	1411.6882	7.9924717	8.019719	0.027247429	0.9157236	0.9823556595241376	0.038235582684765186	ENSG00000140199.13	SLC12A6	False
ENST00000342932	134.23001	4.577885	4.605131	0.027245998	0.93962497	0.9884169279136201	0.027045452834613442	ENSG00000138621.12	PPCDC	False
ENST00000355697	58.4	3.4162123	3.443388	0.027175665	0.9475414	0.9908778616775317	0.02340179854918985	ENSG00000183605.17	SFXN4	False
ENST00000649897	381.9721	5.7441487	5.7711563	0.02700758	0.98206717	0.9970770151141867	0.007858807946760067	ENSG00000186591.13	UBE2H	False
ENST00000635906	20.8	2.2106016	2.2375193	0.026917696	0.97129244	0.9953225534281154	0.01264999329126232	ENSG00000131149.19	GSE1	False
ENST00000336824	481.1688	6.4784837	6.5052834	0.026799679	0.9319486	0.9864446161608946	0.03060803871537193	ENSG00000075420.13	FNDC3B	False
ENST00000374859	1701.2103	8.346787	8.373476	0.026688576	0.9478326	0.9908778616775317	0.023268365299349263	ENSG00000240065.8	PSMB9	False
ENST00000366835	71.61301	3.9063005	3.932911	0.026610374	0.9443751	0.9903843846043101	0.02485547336337369	ENSG00000196187.12	TMEM63A	False
ENST00000347053	686.4682	6.6692677	6.695858	0.026590347	0.9578431	0.992997436701637	0.018705613660161192	ENSG00000164597.15	COG5	False
ENST00000328827	67.24484	3.3729172	3.3993573	0.026440144	0.96237504	0.994023620687411	0.016655647135705404	ENSG00000177425.11	PAWR	False
ENST00000502492	178.7045	5.169676	5.195824	0.02614832	0.94211584	0.989380941703704	0.025895692736815933	ENSG00000159210.10	SNF8	False
ENST00000323563	195.5	5.1041512	5.1295824	0.025431156	0.95000607	0.9910506596680162	0.022273620834142166	ENSG00000102738.8	MRPS31	False
ENST00000359651	20.948162	1.8352875	1.860632	0.025344491	0.9674142	0.9949740196167494	0.014387542056879324	ENSG00000163435.16	ELF3	False
ENST00000510217	17.457722	1.5629724	1.5882903	0.025317907	0.96761227	0.9949740196167494	0.014298634670332003	ENSG00000113068.10	PFDN1	True
ENST00000512576	297.85907	5.7679563	5.7931952	0.02523899	0.9310032	0.9861304323791038	0.03104882024870174	ENSG00000128050.9	PAICS	False
ENST00000572110	7.279422	0.95248157	0.97765946	0.025177896	0.9710111	0.9953225534281154	0.01277580449319081	ENSG00000153406.14	NMRAL1	True
ENST00000339364	301.62274	5.7219167	5.747058	0.02514124	0.94863564	0.9909317823722509	0.022900564069703148	ENSG00000155629.15	PIK3AP1	False
ENST00000397887	296.65326	5.716232	5.741104	0.024872303	0.9433082	0.9899247190632925	0.025346401994340777	ENSG00000183255.12	PTTG1IP	False
ENST00000310430	83.1707	3.9053936	3.930246	0.024852514	0.960122	0.9935911670185329	0.017673583739184266	ENSG00000173273.17	TNKS	False
ENST00000270776	1536.4	8.01993	8.044771	0.024841309	0.939741	0.9884169279136201	0.02699181774607177	ENSG00000142657.21	PGD	False
ENST00000607788	222.90999	5.546856	5.5715227	0.024666786	0.9227521	0.9842542511459073	0.034914966071434045	ENSG00000108963.19	DPH1	False
ENST00000535217	9.332785	0.9307697	0.9554055	0.024635792	0.9766488	0.9967311503045664	0.010261575864511423	ENSG00000110104.13	CCDC86	True
ENST00000591376	77.026924	3.7198846	3.7444541	0.024569511	0.9808255	0.9970770151141867	0.008408258843710228	ENSG00000099622.14	CIRBP	True
ENST00000587250	40.740395	2.6356947	2.6601012	0.024406433	0.9559405	0.9922045498509561	0.019569145213860016	ENSG00000108830.11	RND2	False
ENST00000308018	78.2	3.9792175	4.003446	0.024228573	0.9241022	0.9844227310257047	0.03428000187032093	ENSG00000128626.12	MRPS12	False
ENST00000532998	37.43246	2.7349374	2.7591023	0.024164915	0.9594486	0.993589312674561	0.017978297394827206	ENSG00000179029.15	TMEM107	False
ENST00000641885	84.67018	3.99911	4.023225	0.024114847	0.93971074	0.9884169279136201	0.027005811265082443	ENSG00000165762.3	OR4K2	False
ENST00000619887	31.508923	2.484318	2.5083714	0.024053335	0.9729519	0.9958968252275786	0.011908634389269682	ENSG00000107736.22	CDH23	False
ENST00000710360	137.65	4.677647	4.7015457	0.023898602	0.9522334	0.9913465378354436	0.021256601330701345	ENSG00000102096.10	PIM2	False
ENST00000376509	137.65	4.677647	4.7015457	0.023898602	0.9522334	0.9913465378354436	0.021256601330701345	ENSG00000102096.10	PIM2	False
ENST00000646449	2570.4824	8.907521	8.931349	0.023827553	0.9729679	0.9958968252275786	0.011901477541966158	ENSG00000197728.11	RPS26	False
ENST00000455836	1016.1252	7.505878	7.5296717	0.023793697	0.94679016	0.9908778616775317	0.023746264920583786	ENSG00000089248.7	ERP29	True
ENST00000700054	16.070591	1.2720478	1.2958307	0.023782969	0.9814489	0.9970770151141867	0.008132312364900283	ENSG00000239697.12	TNFSF12	False
ENST00000397299	12.29998	1.7074943	1.731219	0.023724794	0.9659699	0.994863108829913	0.015036397096538739	ENSG00000243789.11	JMJD7	False
ENST00000558676	41.695736	2.9161808	2.939855	0.02367425	0.9727502	0.9958968252275786	0.011998677071751245	ENSG00000140538.17	NTRK3	False
ENST00000676578	49.877674	2.966384	2.9900336	0.023649693	0.9766212	0.9967311503045664	0.010273847801542866	ENSG00000123815.13	COQ8B	False
ENST00000483859	76.77194	3.97708	4.000561	0.02348113	0.9680016	0.9949740196167494	0.01412392301949655	ENSG00000112701.18	SENP6	False
ENST00000409696	9.76753	0.6892131	0.71265346	0.023440361	0.97882116	0.9967971376038794	0.009296651415661297	ENSG00000115523.17	GNLY	False
ENST00000263672	232.8982	5.4036193	5.4270043	0.023385048	0.95567185	0.9921852324269093	0.01969120768233154	ENSG00000118363.13	SPCS2	False
ENST00000636584	1447.7767	7.757658	7.7808604	0.02320242	0.9613043	0.993836735654517	0.017139111890388213	ENSG00000113749.8	HRH2	False
ENST00000522894	31.47753	2.6361897	2.659318	0.023128271	0.9806153	0.9970770151141867	0.008501327086785831	ENSG00000155100.11	OTUD6B	False
ENST00000338399	167.8	4.9720435	4.9951377	0.023094177	0.9400845	0.9884169279136201	0.026833099998573858	ENSG00000108465.15	CDK5RAP3	False
ENST00000381298	204.72731	4.96922	4.992265	0.023045063	0.97131324	0.9953225534281154	0.012640692172600606	ENSG00000134352.21	IL6ST	False
ENST00000377807	33.7525	1.1693476	1.1923735	0.02302587	0.9875403	0.9982838368336735	0.005445170400666226	ENSG00000125844.17	RRBP1	False
ENST00000248071	1870.5	8.355651	8.37856	0.022909164	0.9259503	0.985022233771511	0.03341232853542534	ENSG00000127528.6	KLF2	False
ENST00000244520	216.5	5.2718167	5.2946973	0.022880554	0.95816815	0.9931044156346279	0.0185582698647063	ENSG00000124562.10	SNRPC	False
ENST00000261263	928.0885	7.37044	7.393285	0.022844791	0.92376006	0.9842542511459073	0.034440820633056236	ENSG00000080371.6	RAB21	False
ENST00000064780	413.5	6.2092595	6.2318773	0.022617817	0.94224477	0.989380941703704	0.02583626531169631	ENSG00000054967.13	RELT	False
ENST00000282570	273.51117	5.485863	5.5083585	0.02249527	0.9384004	0.9881861978180526	0.027611821434171756	ENSG00000087338.5	GMCL1	False
ENST00000506578	187.7	5.1295133	5.1519876	0.022474289	0.90872556	0.9807640036804325	0.04156725638070284	ENSG00000161904.13	LEMD2	False
ENST00000288828	769.22754	7.220945	7.243245	0.022300243	0.883127	0.9755923670219919	0.05397685000219977	ENSG00000157954.15	WIPI2	False
ENST00000519067	224.0481	5.0784507	5.1007285	0.022277832	0.9633761	0.9941997234701915	0.01620412994232146	ENSG00000022567.10	SLC45A4	False
ENST00000354192	131.85767	4.7902856	4.812544	0.022258282	0.92837405	0.9857371855121982	0.03227700652931539	ENSG00000142192.22	APP	False
ENST00000559000	9.891408	1.2342488	1.2564937	0.02224493	0.9792999	0.9967971376038794	0.00908428854820666	ENSG00000285253.1	ENSG00000285253	False
ENST00000454083	92.28982	3.7422848	3.7644582	0.022173405	0.98218226	0.9970770151141867	0.007807912368968392	ENSG00000182957.16	SPATA13	True
ENST00000452733	48.167355	2.7048275	2.7269883	0.022160769	0.97797966	0.9967857094374862	0.009670177550616256	ENSG00000105443.17	CYTH2	False
ENST00000704950	48.167355	2.7048275	2.7269883	0.022160769	0.97797966	0.9967857094374862	0.009670177550616256	ENSG00000105443.17	CYTH2	False
ENST00000258963	343.9549	5.986336	6.008465	0.022128582	0.95053464	0.9910506596680162	0.022032050872657936	ENSG00000136451.9	VEZF1	False
ENST00000447484	61.58117	3.3499901	3.3714833	0.021493196	0.97801816	0.9967857094374862	0.009653079029005328	ENSG00000077044.11	DGKD	False
ENST00000437230	18.49107	1.8758904	1.8972034	0.021313071	0.97998595	0.9970770151141867	0.008780149663362186	ENSG00000197885.11	NKIRAS1	False
ENST00000383052	40.338043	1.9471766	1.9682842	0.021107674	0.98558587	0.9977195934762387	0.006305532186421308	ENSG00000067646.12	ZFY	False
ENST00000446087	46.7	2.6416755	2.6627667	0.021091223	0.977832	0.9967857094374862	0.009735745768999795	ENSG00000187527.12	ATP13A5	False
ENST00000370035	19.90065	2.0396273	2.060444	0.020816803	0.96169996	0.9938494377182787	0.016960400836168614	ENSG00000162636.16	EEIG2	False
ENST00000229243	79.9	3.7249362	3.7456212	0.020684958	0.9752585	0.9963644557656871	0.010880242849213465	ENSG00000111644.8	ACRBP	False
ENST00000621066	78.52661	1.6551095	1.675784	0.020674467	0.9896457	0.9987652295215057	0.0045202494337476095	ENSG00000270629.7	NBPF14	False
ENST00000431232	427.6496	6.189692	6.2102985	0.020606518	0.94762534	0.9908778616775317	0.02336333497512173	ENSG00000129925.11	PGAP6	False
ENST00000520517	158.6044	3.468197	3.4888027	0.020605564	0.9902689	0.9987652295215057	0.004246866120171461	ENSG00000164919.11	COX6C	False
ENST00000265260	212.17693	4.5493093	4.569828	0.02051878	0.9855915	0.9977195934762387	0.006303063325833857	ENSG00000081154.12	PCNP	False
ENST00000359314	137.43729	4.4516034	4.472116	0.02051258	0.9739017	0.996047725562543	0.011484880962124196	ENSG00000198087.7	CD2AP	False
ENST00000650590	63.74237	3.3814402	3.4019363	0.02049613	0.9786053	0.9967971376038794	0.009392449629338521	ENSG00000093217.11	XYLB	False
ENST00000389856	18.097385	2.1191766	2.1396337	0.02045703	0.9513816	0.9912122253221287	0.021645241378629627	ENSG00000015133.20	CCDC88C	False
ENST00000338560	9.314315	1.3322504	1.3526182	0.02036786	0.9789427	0.9967971376038794	0.009242731235801722	ENSG00000187688.15	TRPV2	False
ENST00000340912	30.025784	2.6581018	2.678385	0.020283222	0.9560296	0.9922458264979817	0.019528663908116577	ENSG00000166192.15	SENP8	False
ENST00000374231	9.84594	1.229648	1.2498863	0.02023828	0.9792094	0.9967971376038794	0.0091244159036592	ENSG00000137288.10	UQCC2	True
ENST00000397261	378.09	6.1149354	6.135173	0.020237446	0.95088625	0.9910506596680162	0.0218714327480013	ENSG00000241553.13	ARPC4	False
ENST00000266069	435.2	6.302382	6.3225513	0.020169258	0.9567466	0.9924777513636065	0.019203082345508386	ENSG00000101193.8	GID8	False
ENST00000306434	25.025965	2.5206158	2.5407066	0.020090818	0.9591671	0.993589312674561	0.018105715869895116	ENSG00000168906.13	MAT2A	False
ENST00000537814	13.8	1.6947223	1.7147065	0.019984245	0.981329	0.9970770151141867	0.008185356249310377	ENSG00000157593.20	SLC35B2	False
ENST00000380737	373.1595	6.1799293	6.1997347	0.019805431	0.9489442	0.991029709354693	0.02275931925276425	ENSG00000221914.11	PPP2R2A	False
ENST00000449985	44.35727	1.6134676	1.6332349	0.019767284	0.9892625	0.9987652295215057	0.004688444086728375	ENSG00000179029.15	TMEM107	True
ENST00000681567	216.34253	4.923663	4.9431524	0.019489288	0.97306895	0.995925783110538	0.011856384135049905	ENSG00000113161.17	HMGCR	False
ENST00000449592	599.66974	6.8011975	6.820617	0.01941967	0.95168203	0.9912122253221287	0.02150813058773264	ENSG00000188735.13	TMEM120B	False
ENST00000618691	658.6918	6.960708	6.980118	0.019409657	0.9216471	0.9842353161448519	0.035435352369645456	ENSG00000187109.15	NAP1L1	False
ENST00000711174	31.823498	2.6243985	2.643807	0.019408464	0.96344924	0.9941997234701915	0.016171161636983688	ENSG00000292344.1	PLCXD1	False
ENST00000448477	31.823498	2.6243985	2.643807	0.019408464	0.96344924	0.9941997234701915	0.016171161636983688	ENSG00000182378.15	PLCXD1	False
ENST00000682612	112.83262	4.47464	4.4939957	0.019355774	0.96266633	0.994105984956023	0.016524216476988568	ENSG00000138095.20	LRPPRC	False
ENST00000396355	78.35231	2.9868839	3.00622	0.019336224	0.9820024	0.9970770151141867	0.00788746074843273	ENSG00000072864.16	NDE1	False
ENST00000282026	1194.832	7.5341015	7.553305	0.019203663	0.95376694	0.9916992990034957	0.02055773447634403	ENSG00000152213.4	ARL11	False
ENST00000280326	615.32947	6.78791	6.806892	0.018981934	0.95584273	0.9921852324269093	0.019613557140564303	ENSG00000150753.12	CCT5	False
ENST00000674686	10.370952	1.5306827	1.5494806	0.018797874	0.978776	0.9967971376038794	0.009316697995854483	ENSG00000203485.14	INF2	False
ENST00000416005	56.22666	2.269961	2.288664	0.018702984	0.99143744	0.9989923344172579	0.0037346868307087753	ENSG00000243943.10	ZNF512	False
ENST00000285689	16.4	1.3529516	1.3714427	0.01849103	0.98681045	0.998227266838373	0.005766261976179893	ENSG00000155324.10	GRAMD2B	False
ENST00000248594	761.048	7.0547357	7.0729346	0.018198967	0.95792836	0.992997436701637	0.0186669692445548	ENSG00000127947.16	PTPN12	False
ENST00000242810	222.44353	5.4268956	5.4450746	0.01817894	0.941099	0.9889998249273535	0.026364693570003067	ENSG00000114796.16	KLHL24	False
ENST00000333082	1609.1079	8.339379	8.357519	0.01813984	0.9736194	0.995925783110538	0.011610780442677143	ENSG00000125818.18	PSMF1	False
ENST00000370693	52.456654	3.1809072	3.1990347	0.018127441	0.968706	0.9951015096561824	0.01380800503103785	ENSG00000112208.11	BAG2	False
ENST00000556532	38.515278	2.486169	2.5042815	0.018112421	0.98607266	0.997882507165561	0.00609108256992526	ENSG00000100558.9	PLEK2	True
ENST00000436747	51.537792	2.8780735	2.8961039	0.018030405	0.9849814	0.9976162684959538	0.006571962685747157	ENSG00000180902.18	D2HGDH	False
ENST00000419835	4.401666	0.8212864	0.83924544	0.017959058	0.98565245	0.9977195934762387	0.006276195676061475	ENSG00000112118.20	MCM3	False
ENST00000549502	381.55353	6.0116863	6.029535	0.017848492	0.96455085	0.9944714493369724	0.015674870666411607	ENSG00000111142.14	METAP2	False
ENST00000536784	252.94731	5.561672	5.5794563	0.017784119	0.9583414	0.9932099541384667	0.01847974115674085	ENSG00000110446.12	SLC15A3	False
ENST00000510323	10.8	0.9832969	1.0008948	0.017597914	0.9790342	0.9967971376038794	0.009202143461905527	ENSG00000172765.19	TMCC1	False
ENST00000416518	356.7477	6.02285	6.0403347	0.017484665	0.95669276	0.9924777513636065	0.01922751482057275	ENSG00000188846.14	RPL14	False
ENST00000555870	3834.4558	9.20881	9.226001	0.017190933	0.95450693	0.9918878004335824	0.020220912475148605	ENSG00000151338.21	MIPOL1	False
ENST00000369038	22.73796	1.9315138	1.948703	0.017189264	0.9777985	0.9967857094374862	0.009750623747119264	ENSG00000143382.16	ADAMTSL4	False
ENST00000591808	22.624424	2.036668	2.0538495	0.017181396	0.9783797	0.9967857094374862	0.00949255515362573	ENSG00000074657.14	ZNF532	False
ENST00000361170	34.01323	2.8956845	2.9128604	0.017175913	0.9660167	0.994863108829913	0.015015361252065072	ENSG00000183856.11	IQGAP3	False
ENST00000370473	1533.1423	8.100875	8.1179695	0.017094612	0.9825993	0.9970770151141867	0.007623541622933159	ENSG00000117228.11	GBP1	False
ENST00000331289	53.7	3.1987774	3.2158618	0.01708436	0.97551626	0.9963659657143651	0.010765487493224752	ENSG00000183734.5	ASCL2	False
ENST00000612549	966.90704	7.5759106	7.5929375	0.017026901	0.9087942	0.9807640036804325	0.04153444173319936	ENSG00000155463.14	OXA1L	False
ENST00000652135	13.138535	1.3812447	1.3982133	0.016968608	0.9832876	0.9971119503331424	0.007319449571850341	ENSG00000011376.12	LARS2	False
ENST00000350082	92.303055	4.138775	4.1557326	0.01695776	0.9622061	0.9939664748321452	0.016731882771336304	ENSG00000112144.16	CILK1	False
ENST00000216264	100.424545	4.1967397	4.2136006	0.016860962	0.961957	0.9939261226276797	0.016844350730019348	ENSG00000100422.14	CERK	False
ENST00000327158	316.6	5.9236617	5.9403996	0.016737938	0.96079445	0.993754892065245	0.01736951480547821	ENSG00000177370.5	TIMM22	False
ENST00000621379	253.8343	4.8999953	4.9167013	0.01670599	0.9817946	0.9970770151141867	0.007979362800565978	ENSG00000006652.15	IFRD1	False
ENST00000545560	17.657845	1.5024033	1.5190706	0.016667366	0.9813539	0.9970770151141867	0.008174356562325508	ENSG00000198542.15	ITGBL1	False
ENST00000223795	451.99054	6.130839	6.1473804	0.016541481	0.9671718	0.9949740196167494	0.01449638005564518	ENSG00000106952.8	TNFSF8	False
ENST00000649866	50.436737	3.0645142	3.0809505	0.016436338	0.9677289	0.9949740196167494	0.014246283342713908	ENSG00000171130.19	ATP6V0E2	False
ENST00000552039	490.3828	6.555296	6.571662	0.016366005	0.9194015	0.9835440848369649	0.036494779540740714	ENSG00000219200.12	RNASEK	False
ENST00000673929	25.55891	1.5165676	1.5329306	0.016363025	0.9897614	0.9987652295215057	0.00446948204611341	ENSG00000033170.17	FUT8	False
ENST00000441788	70.227554	3.8856885	3.9020393	0.016350746	0.95916265	0.993589312674561	0.01810773997195421	ENSG00000105325.15	FZR1	False
ENST00000679733	1162.3771	7.702908	7.719186	0.01627779	0.9600465	0.9935911670185329	0.017707717863963	ENSG00000167552.16	TUBA1A	False
ENST00000373212	610.8	6.852852	6.869085	0.016232967	0.93015075	0.9859745741870203	0.03144666067753142	ENSG00000131171.13	SH3BGRL	True
ENST00000024061	120.26986	3.7294729	3.7456343	0.016161442	0.9850874	0.9976162684959538	0.006525238173962108	ENSG00000022567.10	SLC45A4	False
ENST00000295121	123.76399	4.541446	4.557605	0.01615858	0.9654328	0.9946643816068332	0.015277940158877363	ENSG00000243667.7	DNAAF10	False
ENST00000258962	279.12762	5.7222114	5.7383537	0.016142368	0.9606778	0.993754892065245	0.017422243997930086	ENSG00000136450.13	SRSF1	False
ENST00000535480	95.35979	3.7497642	3.765904	0.016139746	0.9803746	0.9970770151141867	0.008607960401906553	ENSG00000006118.15	TMEM132A	True
ENST00000237289	312.461	5.874804	5.890806	0.016002178	0.9486219	0.9909317823722509	0.022906840257838467	ENSG00000118503.18	TNFAIP3	False
ENST00000525321	113.753395	4.238295	4.2542458	0.01595068	0.97115123	0.9953225534281154	0.012713134230735543	ENSG00000119707.14	RBM25	False
ENST00000367005	254.78703	5.402485	5.4183416	0.015856743	0.96979225	0.9951209388217147	0.013321292253268058	ENSG00000117625.14	RCOR3	False
ENST00000574810	86.92058	4.0131497	4.0289946	0.015844822	0.9833662	0.9971119503331424	0.007284727046863701	ENSG00000167705.12	RILP	False
ENST00000582811	239.0	5.602938	5.6187387	0.015800476	0.95882785	0.9935667743674016	0.018259358538478234	ENSG00000105655.19	ISYNA1	True
ENST00000637208	194.82895	5.2134213	5.2291794	0.015758038	0.96709853	0.9949740196167494	0.014529274997696965	ENSG00000116641.18	DOCK7	False
ENST00000441508	13.4	1.106233	1.1219825	0.015749454	0.9874687	0.9982838368336735	0.005476652837037908	ENSG00000214688.6	C10orf105	False
ENST00000199708	32.8	2.4119856	2.4277036	0.015717983	0.9837018	0.9971439955575812	0.007136522828392834	ENSG00000086506.3	HBQ1	False
ENST00000274811	259.8	5.5374126	5.5527387	0.015326023	0.96610296	0.9948682048254966	0.014976588295279902	ENSG00000146083.12	RNF44	False
ENST00000674543	47.973732	2.9403608	2.955668	0.015307188	0.97223437	0.9958048867781026	0.012229030751943098	ENSG00000133424.22	LARGE1	False
ENST00000518721	1213.0975	7.7897053	7.804968	0.015262604	0.9460067	0.9908778616775317	0.024105780716194784	ENSG00000153317.15	ASAP1	False
ENST00000506327	26.702356	1.7470402	1.762246	0.01520586	0.98844504	0.9985246308368352	0.0050474719653344656	ENSG00000126733.22	DACH2	False
ENST00000523268	11.560953	1.3583921	1.3735447	0.015152574	0.9859093	0.9977673838443458	0.006163044120685498	ENSG00000165046.13	LETM2	False
ENST00000300141	599.6807	6.766092	6.7812386	0.015146732	0.9624383	0.994023620687411	0.016627109290534944	ENSG00000074603.19	DPP8	False
ENST00000359486	100.1	4.103029	4.118162	0.015133381	0.97150093	0.9954592767785135	0.012556777904625432	ENSG00000100207.21	TCF20	False
ENST00000321560	40.40811	2.8490412	2.863746	0.014704704	0.9790327	0.9967971376038794	0.00920280447018305	ENSG00000179598.6	PLD6	False
ENST00000310847	60.331554	3.3160655	3.3307204	0.014654875	0.9699882	0.9951753679634818	0.013233536896117995	ENSG00000088448.14	ANKRD10	False
ENST00000229794	448.31406	6.2553787	6.269963	0.0145840645	0.977402	0.9967857094374862	0.009926789158485584	ENSG00000112062.12	MAPK14	False
ENST00000505311	67.95019	2.5927272	2.607279	0.014551878	0.9936531	0.9992848279258556	0.0027652000753543636	ENSG00000125386.16	FAM193A	False
ENST00000487349	24.636341	2.0679135	2.0824554	0.014541864	0.98516685	0.9976162684959538	0.00649021122662843	ENSG00000239388.10	ASB14	False
ENST00000527363	81.62248	3.8710327	3.885554	0.01452136	0.9783494	0.9967857094374862	0.009506022483142303	ENSG00000182919.15	C11orf54	True
ENST00000255304	41.69024	1.896115	1.91058	0.014465094	0.99041295	0.9987652295215057	0.0041836895065551554	ENSG00000132952.12	USPL1	False
ENST00000466814	137.6414	4.672112	4.6865215	0.014409542	0.97206473	0.995681851514825	0.01230481278153034	ENSG00000196428.13	TSC22D2	False
ENST00000433674	420.0226	6.389911	6.4042234	0.014312267	0.9701267	0.9951753679634818	0.013171547676781433	ENSG00000162909.18	CAPN2	False
ENST00000281932	21.440401	1.6712297	1.6854297	0.014199972	0.9913588	0.9989923344172579	0.003769126670106034	ENSG00000152133.17	GPATCH11	True
ENST00000549210	219.79419	5.1648564	5.179052	0.014195442	0.9864046	0.9981179662341981	0.005944912104927791	ENSG00000088992.18	TESC	False
ENST00000469553	193.97684	5.1980896	5.2121716	0.014081955	0.96868867	0.9951015096561824	0.01381578126462109	ENSG00000152061.24	RABGAP1L	True
ENST00000674298	43.60713	2.8205636	2.8346336	0.014070034	0.98932546	0.9987652295215057	0.004660812682147235	ENSG00000049618.25	ARID1B	True
ENST00000290855	1290.8472	7.8435535	7.857591	0.014037609	0.95648354	0.9924542500426337	0.019322497963798806	ENSG00000069493.15	CLEC2D	True
ENST00000546741	24.916203	2.298983	2.3129134	0.013930321	0.9762036	0.9965970572907765	0.010459586014153402	ENSG00000057294.19	PKP2	True
ENST00000517717	102.406876	4.119568	4.133485	0.013916969	0.97191054	0.995676051185742	0.012373709748718518	ENSG00000113262.16	GRM6	False
ENST00000696871	15.036341	1.4646627	1.4785384	0.013875723	0.97778076	0.9967857094374862	0.009758512988568712	ENSG00000137265.16	IRF4	False
ENST00000370089	158.58694	4.3338127	4.347509	0.013696194	0.98922926	0.9987652295215057	0.004703045482041689	ENSG00000112695.13	COX7A2	False
ENST00000372989	16.78231	1.6559696	1.6696432	0.013673544	0.9881783	0.998488625846923	0.005164681658897273	ENSG00000102362.16	SYTL4	False
ENST00000464356	135.34157	4.5520005	4.5654387	0.013438225	0.9787279	0.9967971376038794	0.009338041480194566	ENSG00000116604.19	MEF2D	False
ENST00000676968	13.912944	1.2324167	1.2457821	0.013365388	0.9900076	0.9987652295215057	0.004361480506357586	ENSG00000104218.16	CSPP1	False
ENST00000361288	242.68527	5.0360785	5.049274	0.013195515	0.98455673	0.9974024448158891	0.006759252814596154	ENSG00000064995.19	TAF11	False
ENST00000321826	340.8	6.0046997	6.017865	0.013165474	0.925924	0.985022233771511	0.03342465735502245	ENSG00000244165.2	P2RY11	False
ENST00000354757	43.442898	2.9767141	2.9897776	0.013063431	0.9832064	0.9971119503331424	0.007355306980534214	ENSG00000197479.7	PCDHB11	False
ENST00000475675	30.932123	1.7254205	1.7383609	0.012940407	0.99057794	0.9987652295215057	0.004111349587212999	ENSG00000150540.14	HNMT	False
ENST00000602725	2522.7778	8.819344	8.832266	0.012922287	0.96365064	0.9942736251242537	0.01608038410331869	ENSG00000184007.22	PTP4A2	False
ENST00000248929	44.166214	3.1577156	3.170496	0.012780428	0.9665426	0.9949740196167494	0.014778999135990003	ENSG00000100359.21	SGSM3	False
ENST00000505920	105.227066	3.7968044	3.8094919	0.012687445	0.9831258	0.9971119503331424	0.007390904047235998	ENSG00000249222.1	ATP5MGL	False
ENST00000336086	105.07961	3.9650972	3.9776218	0.012524605	0.9852639	0.9976162684959538	0.0064474364609060555	ENSG00000106608.17	URGCP	False
ENST00000409382	53.94634	3.2269213	3.2392635	0.012342215	0.96802914	0.9949740196167494	0.014111568548997344	ENSG00000144057.16	ST6GAL2	False
ENST00000650052	42.373592	2.9440317	2.956154	0.012122393	0.98144054	0.9970770151141867	0.008136004916813103	ENSG00000273045.7	C2orf15	True
ENST00000691995	24.908964	2.3038166	2.315884	0.012067556	0.98668885	0.998227266838373	0.005819778463866673	ENSG00000163491.18	NEK10	False
ENST00000426013	1520.7723	8.181808	8.193868	0.012059212	0.9646867	0.9944714493369724	0.015613712700592586	ENSG00000185787.15	MORF4L1	False
ENST00000677164	56.5	3.3132493	3.3253055	0.012056112	0.98179203	0.9970770151141867	0.007980496538819963	ENSG00000103222.20	ABCC1	False
ENST00000376215	35.173958	2.5515401	2.5635417	0.012001514	0.98576283	0.9977195934762387	0.0062275597404097185	ENSG00000148459.16	PDSS1	False
ENST00000293362	282.19238	4.5001655	4.5121183	0.011952877	0.99497867	0.9992848279258556	0.0021862310182034304	ENSG00000131467.12	PSME3	False
ENST00000678902	492.01874	6.521719	6.5336137	0.011894703	0.9709812	0.9953225534281154	0.012789187405381751	ENSG00000141279.18	NPEPPS	True
ENST00000589413	23.370266	2.0043294	2.0162122	0.011882782	0.9876621	0.9982853019434044	0.005391621423770788	ENSG00000188283.12	ZNF383	False
ENST00000459732	74.27867	3.9285648	3.940414	0.011849165	0.976229	0.9965970572907765	0.010448289929133688	ENSG00000151150.22	ANK3	False
ENST00000322122	624.8097	6.8122654	6.824071	0.011805534	0.9678204	0.9949740196167494	0.01420522527096369	ENSG00000177238.15	TRIM72	False
ENST00000424646	1688.7219	8.234966	8.24677	0.011803627	0.97034	0.9952839779437932	0.013076059430678525	ENSG00000113580.15	NR3C1	False
ENST00000344756	130.13245	4.359112	4.3708196	0.011707783	0.9857345	0.9977195934762387	0.00624003334065138	ENSG00000186480.13	INSIG1	False
ENST00000295049	92.99265	3.9444723	3.9560452	0.011572838	0.9822413	0.9970770151141867	0.007781821143567922	ENSG00000162944.11	RFTN2	False
ENST00000257261	18.2	1.3596878	1.3712382	0.0115504265	0.98834246	0.9985213238101184	0.005092544843781885	ENSG00000134824.14	FADS2	False
ENST00000544641	7.0	1.0380627	1.049372	0.011309266	0.9869429	0.9982288484720593	0.005707978480737056	ENSG00000140853.17	NLRC5	True
ENST00000232424	83.5	3.8369024	3.8481407	0.011238337	0.9857136	0.9977195934762387	0.006249250904911051	ENSG00000114315.4	HES1	False
ENST00000651132	16.801334	1.6764828	1.6877122	0.011229396	0.9890195	0.9987537616274018	0.004795139786879929	ENSG00000197753.11	LHFPL5	False
ENST00000417778	22.222454	1.8708242	1.8819375	0.011113286	0.98762125	0.9982853019434044	0.005409575190788443	ENSG00000075292.19	ZNF638	False
ENST00000644635	440.9852	6.2231007	6.234178	0.011077404	0.96937424	0.9951015096561824	0.01350852558257553	ENSG00000181220.18	ZNF746	False
ENST00000652107	539.6168	6.5791073	6.5901747	0.01106739	0.96852916	0.9951015096561824	0.013887297074825998	ENSG00000116062.19	MSH6	False
ENST00000573968	45.495632	2.8702424	2.8809924	0.010750055	0.98875463	0.9986868714759364	0.0049114697978714416	ENSG00000133393.13	CEP20	True
ENST00000334421	9.5	0.7952078	0.80588126	0.010673463	0.9897675	0.9987652295215057	0.004466814372240557	ENSG00000146054.18	TRIM7	False
ENST00000696618	222.55278	4.9445047	4.9547815	0.010276794	0.98328054	0.9971119503331424	0.0073225560437215785	ENSG00000179456.12	ZBTB18	False
ENST00000323441	115.08116	3.639562	3.6497865	0.010224581	0.9945469	0.9992848279258556	0.0023747362192028396	ENSG00000100644.17	HIF1A	False
ENST00000520539	686.95447	6.7154784	6.725691	0.010212421	0.97426105	0.9961537450315701	0.011324661795606466	ENSG00000104517.13	UBR5	False
ENST00000541509	9.67404	1.1587683	1.1687381	0.0099698305	0.9882421	0.998488625846923	0.005136653223167222	ENSG00000107242.20	PIP5K1B	False
ENST00000374114	147.08505	3.2113752	3.2211108	0.009735584	0.9948224	0.9992848279258556	0.0022544519180822302	ENSG00000244462.8	RBM12	False
ENST00000409604	13.2972765	1.3160317	1.3257113	0.009679556	0.98934877	0.9987652295215057	0.004650582181900477	ENSG00000071189.21	SNX13	False
ENST00000361424	134.17453	4.30068	4.3103414	0.009661198	0.98619735	0.9979584741585209	0.00603616773019797	ENSG00000174123.11	TLR10	False
ENST00000425382	116.986084	4.16959	4.179062	0.009471893	0.9808986	0.9970770151141867	0.008375877039250489	ENSG00000164181.14	ELOVL7	False
ENST00000409838	670.08936	6.6561832	6.665601	0.009417534	0.98523545	0.9976162684959538	0.006459968925809992	ENSG00000086300.17	SNX10	True
ENST00000534855	47.378822	3.3993428	3.4086595	0.009316683	0.9825024	0.9970770151141867	0.007666379694998769	ENSG00000115137.12	DNAJC27	False
ENST00000450333	68.74707	3.7554867	3.7647817	0.009294987	0.9732708	0.995925783110538	0.011766317752639305	ENSG00000064545.15	TMEM161A	False
ENST00000650274	299.0567	5.656425	5.665682	0.00925684	0.9821249	0.9970770151141867	0.007833267162426574	ENSG00000136100.14	VPS36	False
ENST00000687890	49.57119	2.7596235	2.7687626	0.009139061	0.99432445	0.9992848279258556	0.0024718832115012174	ENSG00000183020.15	AP2A2	False
ENST00000494055	33.70148	1.9090303	1.9181225	0.009092212	0.9947244	0.9992848279258556	0.002297232045167087	ENSG00000071794.16	HLTF	False
ENST00000678400	12.455816	1.3477219	1.3567135	0.008991599	0.9915939	0.9990313748463882	0.00366615471437535	ENSG00000168675.19	LDLRAD4	False
ENST00000379888	578.0937	6.7143674	6.723325	0.008957386	0.9781589	0.9967857094374862	0.009590593098980974	ENSG00000134453.16	RBM17	False
ENST00000601440	213.68388	5.338761	5.3476753	0.008914471	0.9743332	0.9961537450315701	0.01129248690101683	ENSG00000188171.17	ZNF626	False
ENST00000601638	8.960249	1.1787529	1.1875641	0.008811235	0.99215776	0.9992634095731051	0.003419267694674373	ENSG00000104960.15	PTOV1	False
ENST00000397601	35.7	1.5446739	1.5533519	0.008677959	0.9946581	0.9992848279258556	0.00232617087086407	ENSG00000139793.21	MBNL2	False
ENST00000321153	5577.698	9.996155	10.004689	0.008534431	0.9778771	0.9967857094374862	0.009715732780302227	ENSG00000177600.9	RPLP2	False
ENST00000632573	88.53745	3.5111063	3.5194578	0.008351564	0.99076915	0.9987652295215057	0.004027525619870092	ENSG00000147251.16	DOCK11	True
ENST00000344721	10.824469	1.3225473	1.3308737	0.008326411	0.9929099	0.9992848279258556	0.00309015543764734	ENSG00000151623.15	NR3C2	False
ENST00000467908	273.86798	5.6267114	5.6349645	0.0082530975	0.97810954	0.9967857094374862	0.009612505819596348	ENSG00000160209.19	PDXK	False
ENST00000425825	23.705173	1.0868821	1.0951226	0.008240461	0.9932758	0.9992848279258556	0.0029301362018180352	ENSG00000174744.14	BRMS1	False
ENST00000393308	209.64397	5.1840873	5.1922655	0.008178234	0.9747409	0.996185351234709	0.011110800610649651	ENSG00000172780.17	RAB43	False
ENST00000493787	33.352016	2.7099984	2.717992	0.007993698	0.9916293	0.9990313748463882	0.0036506483758190415	ENSG00000156042.19	CFAP70	True
ENST00000690144	97.13105	3.9327362	3.9405684	0.007832289	0.98989856	0.9987652295215057	0.004409306446294618	ENSG00000064313.13	TAF2	False
ENST00000549260	626.1349	6.675033	6.682786	0.0077528954	0.9759399	0.9965042895125569	0.010576912964373531	ENSG00000171310.11	CHST11	False
ENST00000706922	123.149734	4.2017913	4.209394	0.0076026917	0.988941	0.9987537616274018	0.00482961147611059	ENSG00000035862.13	TIMP2	True
ENST00000316157	360.45175	5.9898167	5.9971724	0.00735569	0.9788129	0.9967971376038794	0.00930032743430252	ENSG00000107929.16	LARP4B	False
ENST00000545837	93.7	3.3907204	3.397966	0.0072455406	0.99386287	0.9992848279258556	0.0026735351795692157	ENSG00000090376.11	IRAK3	True
ENST00000679428	841.0293	7.282783	7.2900257	0.0072426796	0.9782717	0.9967857094374862	0.009540499691387684	ENSG00000095787.26	WAC	False
ENST00000538167	97.10719	3.1679518	3.1749847	0.0070328712	0.9958663	0.9995044887366334	0.0017989644328365753	ENSG00000096093.16	EFHC1	False
ENST00000374202	110.4	4.397968	4.404991	0.0070233345	0.99095005	0.9987950279307247	0.003948236975707427	ENSG00000147168.14	IL2RG	False
ENST00000398637	769.18616	7.1463017	7.1531506	0.006848812	0.9834327	0.9971119503331424	0.007255350641746522	ENSG00000111371.16	SLC38A1	False
ENST00000382933	24.869617	1.7934303	1.800178	0.0067477226	0.9944969	0.9992848279258556	0.002396574177451775	ENSG00000092200.13	RPGRIP1	False
ENST00000529768	22.002333	2.1660774	2.1727045	0.006627083	0.99513257	0.9992848279258556	0.0021190613351506652	ENSG00000023191.17	RNH1	False
ENST00000352222	96.15437	3.951491	3.958117	0.0066258907	0.9882442	0.998488625846923	0.005135736435727812	ENSG00000115317.13	HTRA2	False
ENST00000360938	193.02995	2.664944	2.6713686	0.0064246655	0.99749327	0.9998806574231441	0.0010900270586078112	ENSG00000157557.13	ETS2	False
ENST00000444746	355.45584	5.6160665	5.622255	0.0061883926	0.99174994	0.9990528146925499	0.0035978161198749552	ENSG00000080345.18	RIF1	False
ENST00000644810	111.32853	2.6410844	2.6472132	0.006128788	0.99758464	0.9998806574231441	0.0010502459660448632	ENSG00000166340.18	TPP1	False
ENST00000285871	179.38354	5.029044	5.0351505	0.0061063766	0.9900706	0.9987652295215057	0.0043338437503269165	ENSG00000135205.15	CCDC146	False
ENST00000410023	34.29274	2.9445794	2.9505606	0.005981207	0.9902566	0.9987652295215057	0.004252251064209316	ENSG00000115594.12	IL1R1	False
ENST00000327423	241.58089	5.4300094	5.4358673	0.0058579445	0.9884403	0.9985246308368352	0.0050495670564822395	ENSG00000183530.14	PRR14L	False
ENST00000392883	494.819	6.463823	6.469481	0.0056581497	0.9885673	0.9985478053142535	0.004993762516868218	ENSG00000160654.11	CD3G	True
ENST00000651435	26.072311	2.5214927	2.5271118	0.005619049	0.9933636	0.9992848279258556	0.0028917497381307695	ENSG00000105254.12	TBCB	False
ENST00000368600	18.2	1.6210362	1.6266252	0.0055890083	0.99380815	0.9992848279258556	0.002697445895894403	ENSG00000143578.16	CREB3L4	False
ENST00000216513	22.264294	2.0683124	2.0738757	0.005563259	0.99301755	0.9992848279258556	0.003043074101882747	ENSG00000100625.9	SIX4	False
ENST00000490776	64.25489	3.2822292	3.2875822	0.005352974	0.9940307	0.9992848279258556	0.0026001963573609303	ENSG00000122642.11	FKBP9	False
ENST00000389938	56.883564	2.9797032	2.9850435	0.0053403378	0.9938939	0.9992848279258556	0.002659965521980126	ENSG00000152292.18	SH2D6	True
ENST00000296412	175.94351	4.8294587	4.8347983	0.0053396225	0.99002177	0.9987652295215057	0.004355257507211019	ENSG00000197894.12	ADH5	False
ENST00000613434	287.48965	5.03487	5.040199	0.0053286552	0.99659127	0.9997180835267255	0.0014829215202578152	ENSG00000136758.20	YME1L1	False
ENST00000248598	2382.3572	8.719937	8.725262	0.0053243637	0.98998076	0.9987652295215057	0.004373246924907023	ENSG00000127951.8	FGL2	False
ENST00000556260	190.1011	5.1076736	5.112645	0.004971504	0.98732346	0.9982838368336735	0.005540542197624465	ENSG00000078304.20	PPP2R5C	False
ENST00000350302	45.63031	2.9759176	2.9808855	0.004967928	0.9937305	0.9992848279258556	0.0027313867875420404	ENSG00000147364.17	FBXO25	False
ENST00000618655	527.73254	6.6172485	6.6221323	0.004883766	0.9842427	0.9973174951932662	0.006897807476280345	ENSG00000136213.10	CHST12	False
ENST00000255977	1583.3054	8.304803	8.309679	0.004876137	0.9935983	0.9992848279258556	0.0027891679445939616	ENSG00000133606.11	MKRN1	False
ENST00000370315	162.97882	4.773494	4.7782187	0.0047249794	0.9909119	0.9987950279307247	0.0039649556172218926	ENSG00000164430.17	CGAS	False
ENST00000411922	116.9	4.6083937	4.6130557	0.004662037	0.99065316	0.9987652295215057	0.004078372018723924	ENSG00000214160.10	ALG3	False
ENST00000299088	34.152367	2.5662136	2.5708754	0.0046617985	0.995804	0.9995044887366334	0.0018261284034621148	ENSG00000100802.15	C14orf93	False
ENST00000492382	538.0423	6.64485	6.64933	0.004480362	0.99407214	0.9992848279258556	0.0025820979496690164	ENSG00000138496.17	PARP9	False
ENST00000448866	156.6348	4.0934634	4.0979404	0.004477024	0.9962473	0.999577559914732	0.0016328462834091044	ENSG00000059377.19	TBXAS1	False
ENST00000691655	67.03064	3.449454	3.4539094	0.004455328	0.9934076	0.9992848279258556	0.002872518691923482	ENSG00000147316.15	MCPH1	False
ENST00000398153	33.08543	1.1853992	1.1896713	0.0042721033	0.9976867	0.9998806574231441	0.0010058241601002414	ENSG00000111906.18	HDDC2	False
ENST00000219313	502.83853	6.597119	6.601176	0.0040569305	0.9819627	0.9970770151141867	0.007905017124837233	ENSG00000103035.11	PSMD7	False
ENST00000396987	220.92986	5.4033966	5.4073486	0.0039520264	0.98354894	0.9971119503331424	0.007204025670512955	ENSG00000158669.11	GPAT4	False
ENST00000567661	176.81128	4.169342	4.1728454	0.0035033226	0.9983064	0.9998806574231441	0.0007361474520107673	ENSG00000163565.20	IFI16	False
ENST00000423313	33.882065	1.4881191	1.4916164	0.003497243	0.998505	0.9998806574231441	0.0006497576736193076	ENSG00000235750.10	KIAA0040	True
ENST00000636767	14.754336	1.597599	1.6010238	0.0034247637	0.9969893	0.9998626514908918	0.0013094983835107974	ENSG00000102805.16	CLN5	False
ENST00000555048	29.1227	2.136459	2.1394322	0.0029730797	0.9963672	0.9996480101764476	0.0015805706745287674	ENSG00000196405.13	EVL	False
ENST00000602911	281.09744	5.8010535	5.80391	0.0028562546	0.990264	0.9987652295215057	0.004249009633585346	ENSG00000099341.13	PSMD8	False
ENST00000359675	85.10095	3.7412288	3.744082	0.0028531551	0.9970933	0.9998626514908918	0.0012641933253451166	ENSG00000101079.21	NDRG3	False
ENST00000573725	22.599607	1.6832265	1.6860032	0.002776742	0.9981269	0.9998806574231441	0.0008142293494999023	ENSG00000174231.18	PRPF8	False
ENST00000229307	150.07254	4.7239814	4.726675	0.002693653	0.9942361	0.9992848279258556	0.0025104669045509288	ENSG00000111704.11	NANOG	True
ENST00000320640	153.8107	4.7738304	4.776513	0.0026826859	0.9905873	0.9987652295215057	0.0041072468531608945	ENSG00000129636.13	ITFG1	False
ENST00000353739	46.016773	2.7731504	2.7758121	0.002661705	0.9962269	0.999577559914732	0.0016417327233677439	ENSG00000137075.18	RNF38	False
ENST00000504061	22.899754	2.0124562	2.0150573	0.0026011467	0.99673533	0.9997180835267255	0.0014201456706749405	ENSG00000288258.1	ENSG00000288258	False
ENST00000336112	323.76065	5.99037	5.9927955	0.0024256706	0.9940631	0.9992848279258556	0.0025860560981370716	ENSG00000143970.18	ASXL2	False
ENST00000356929	122.73462	4.4668155	4.4690943	0.0022788048	0.99519855	0.9992848279258556	0.0020902663605349937	ENSG00000182141.10	ZNF708	False
ENST00000261714	36.3	2.7093632	2.7116213	0.0022580624	0.9966597	0.9997180835267255	0.001453103808237728	ENSG00000108578.15	BLMH	False
ENST00000545128	52.091846	3.1975296	3.199757	0.0022275448	0.99861974	0.9998806574231441	0.0005998554433907893	ENSG00000099139.14	PCSK5	False
ENST00000522262	23.93088	2.0046191	2.006796	0.0021767616	0.9981467	0.9998806574231441	0.0008056191656808108	ENSG00000154162.15	CDH12	False
ENST00000366997	806.44464	7.1045823	7.106623	0.002040863	0.99469125	0.9992848279258556	0.0023117012169764713	ENSG00000123684.13	LPGAT1	False
ENST00000395326	82.56666	3.3697064	3.3715768	0.0018703938	0.9990851	0.9998806574231441	0.00039750558881444776	ENSG00000241258.7	CRCP	False
ENST00000574446	21.390196	1.8632344	1.8650966	0.0018621683	0.99818105	0.9998806574231441	0.0007906814204170086	ENSG00000145354.12	CISD2	False
ENST00000620879	1442.5674	8.015785	8.017398	0.0016126633	0.9953132	0.9993047943665156	0.0020402243525134713	ENSG00000263001.8	GTF2I	False
ENST00000370234	15.452799	0.9561934	0.9576827	0.0014893413	0.9988649	0.9998806574231441	0.0004932523817780404	ENSG00000055950.17	MRPL43	False
ENST00000469657	33.55927	2.2120125	2.2134998	0.0014872551	0.9988743	0.9998806574231441	0.0004891577702257237	ENSG00000205981.9	DNAJC19	True
ENST00000683784	19.984852	2.0215704	2.0228667	0.0012962818	0.9981876	0.9998806574231441	0.0007878287844369536	ENSG00000009830.13	POMT2	True
ENST00000558119	71.80781	3.7063234	3.7075944	0.0012710094	0.99795526	0.9998806574231441	0.0008889272646932033	ENSG00000166128.13	RAB8B	False
ENST00000381465	58.78022	3.6460896	3.6471133	0.0010237694	0.99823505	0.9998806574231441	0.0007671866315299005	ENSG00000071575.12	TRIB2	False
ENST00000697660	23.602652	2.037298	2.0382724	0.00097441673	0.99897087	0.9998806574231441	0.0004471772711529136	ENSG00000132664.13	POLR3F	False
ENST00000674313	94.12212	4.300759	4.301727	0.00096797943	0.9968989	0.9998322611681262	0.0013488877675136017	ENSG00000155465.21	SLC7A7	False
ENST00000394607	63.434338	3.4643557	3.4652472	0.00089144707	0.99871016	0.9998806574231441	0.0005605339330551916	ENSG00000170522.10	ELOVL6	False
ENST00000560236	17.821148	1.694706	1.6955369	0.00083088875	0.9992529	0.9998992948370288	0.0003245759849097599	ENSG00000168904.15	LRRC28	True
ENST00000307637	201.6	5.4462476	5.44697	0.0007224083	0.99840987	0.9998806574231441	0.0006911355072226643	ENSG00000171860.5	C3AR1	False
ENST00000405860	10.808711	1.3568635	1.3575606	0.0006971359	0.99918497	0.9998992948370288	0.00035410905588664776	ENSG00000011258.16	MBTD1	False
ENST00000651154	298.14825	5.852736	5.8533654	0.00062942505	0.99878234	0.9998806574231441	0.0005291466735048127	ENSG00000166923.12	GREM1	False
ENST00000690423	36.368885	2.6063035	2.606732	0.0004284382	0.9995756	0.9999236738907724	0.00018434721432107392	ENSG00000119812.20	FAM98A	False
ENST00000234453	350.01425	5.9921823	5.992513	0.000330925	0.9990282	0.9998806574231441	0.00042225003081490395	ENSG00000116095.11	PLEKHA3	False
ENST00000567114	8.3	0.96702504	0.9673371	0.00031203032	0.99967754	0.999926153032141	0.00014006567270199977	ENSG00000007376.8	RPUSD1	False
ENST00000243924	191.6	4.2384677	4.2387724	0.00030469894	0.9997547	0.999953623679127	0.00010653382511964658	ENSG00000124102.5	PI3	True
ENST00000698295	21.799885	2.115171	2.1154666	0.00029563904	0.99954283	0.9999236738907724	0.00019859077512403056	ENSG00000072274.14	TFRC	False
ENST00000409821	258.4683	5.596482	5.5967064	0.0002245903	0.9995156	0.9999236738907724	0.0002104262346316742	ENSG00000135968.22	GCC2	False
ENST00000416983	93.1	4.023972	4.024052	8.010864e-05	0.999809	0.9999581999951155	8.29465630437048e-05	ENSG00000100060.18	MFNG	False
ENST00000561371	31.698843	2.6996033	2.699636	3.2663345e-05	0.9999724	0.9999974370002747	1.1985368713547275e-05	ENSG00000134152.11	KATNBL1	False
ENST00000695306	14.106199	1.5091058	1.50911	4.172325e-06	0.99999595	0.9999974370002747	1.7602494131291866e-06	ENSG00000149262.19	INTS4	False
ENST00000378581	26.226551	2.0942652	2.0942621	-3.0994415e-06	0.99999744	0.9999974370002747	-1.1130980642711183e-06	ENSG00000165169.11	DYNLT3	True
ENST00000296127	329.56708	6.060147	6.0597124	-0.00043439865	0.9967138	0.9997180835267255	-0.001429521214121745	ENSG00000163812.16	ZDHHC3	False
ENST00000375766	117.97398	4.377586	4.377125	-0.00046110153	0.9990683	0.9998806574231441	-0.0004048121778792974	ENSG00000162458.13	FBLIM1	False
ENST00000354386	21.217968	1.4305359	1.4299185	-0.0006173849	0.9995755	0.9999236738907724	-0.00018439900824137112	ENSG00000100578.18	KIAA0586	False
ENST00000564138	397.70953	5.5407906	5.5401144	-0.0006761551	0.99963766	0.999926153032141	-0.0001573893171080258	ENSG00000197943.12	PLCG2	False
ENST00000261708	377.00287	5.9024367	5.9017563	-0.0006804466	0.99851847	0.9998806574231441	-0.0006438987250906939	ENSG00000108651.10	UTP6	False
ENST00000215919	22.7	2.1514199	2.1506987	-0.0007212162	0.9985492	0.9998806574231441	-0.0006305219530136493	ENSG00000100105.18	PATZ1	False
ENST00000393450	225.44458	5.2087817	5.208043	-0.00073862076	0.9994437	0.9999236738907724	-0.00024166096538799214	ENSG00000198336.9	MYL4	False
ENST00000562442	67.13059	3.6838052	3.6830282	-0.00077700615	0.9987138	0.9998806574231441	-0.0005589528525138141	ENSG00000103429.11	BFAR	False
ENST00000433050	86.877304	4.0925903	4.0916944	-0.000895977	0.99370915	0.9992848279258556	-0.0027407125315881934	ENSG00000198633.11	ZNF534	False
ENST00000348849	2035.725	8.489506	8.488499	-0.0010070801	0.99712807	0.9998626514908918	-0.001249058075453472	ENSG00000153250.21	RBMS1	False
ENST00000514259	22.253948	1.8803868	1.879351	-0.0010358095	0.9992386	0.9998992948370288	-0.0003307933066422669	ENSG00000113407.14	TARS1	False
ENST00000403263	232.2902	5.565447	5.564406	-0.0010409355	0.99837554	0.9998806574231441	-0.0007060698288955303	ENSG00000114933.16	INO80D	False
ENST00000699679	182.74077	4.1488266	4.147744	-0.0010824203	0.99951077	0.9999236738907724	-0.00021252401931124213	ENSG00000147010.19	SH3KBP1	False
ENST00000222990	42.6	3.1213067	3.120188	-0.00111866	0.99744844	0.9998806574231441	-0.001109542664572382	ENSG00000106266.11	SNX8	False
ENST00000542360	41.6856	3.0377963	3.0364487	-0.0013475418	0.99817395	0.9998806574231441	-0.000793767474986148	ENSG00000076067.14	RBMS2	False
ENST00000258711	856.49036	7.274822	7.2734137	-0.001408577	0.99493235	0.9992848279258556	-0.002206446391845249	ENSG00000136213.10	CHST12	False
ENST00000353411	432.92978	6.3479896	6.346523	-0.0014667511	0.99575835	0.9995044887366334	-0.0018460410630620541	ENSG00000113558.19	SKP1	False
ENST00000700062	15.187998	1.3084289	1.3066356	-0.0017932653	0.99862015	0.9998806574231441	-0.0005996739911983242	ENSG00000151779.14	NBAS	False
ENST00000397083	16.034155	1.6120863	1.61027	-0.0018162727	0.99750465	0.9998806574231441	-0.0010850704419583421	ENSG00000178381.12	ZFAND2A	False
ENST00000620646	106.0626	4.218685	4.216764	-0.0019211769	0.99587625	0.9995044887366334	-0.0017946235538340261	ENSG00000123728.10	RAP2C	False
ENST00000495893	1443.7615	7.869173	7.8671293	-0.002043724	0.9952102	0.9992848279258556	-0.0020851942728017914	ENSG00000173889.16	PHC3	False
ENST00000509622	183.52582	3.3741913	3.3720973	-0.0020940304	0.9989823	0.9998806574231441	-0.00044220207355940243	ENSG00000174720.18	LARP7	True
ENST00000525842	720.236	7.063582	7.061461	-0.0021209717	0.99427235	0.9992848279258556	-0.002494637282464865	ENSG00000196323.14	ZBTB44	False
ENST00000248098	110.856445	4.349527	4.347323	-0.0022039413	0.99401754	0.9992848279258556	-0.0026059515486481916	ENSG00000206053.13	JPT2	False
ENST00000241600	10.10824	1.0776587	1.0752347	-0.0024240017	0.99791443	0.9998806574231441	-0.0009066958478198141	ENSG00000122140.13	MRPS2	False
ENST00000522599	41.351826	2.3818257	2.3793304	-0.0024952888	0.9973573	0.9998806574231441	-0.0011492253710488332	ENSG00000158941.17	CCAR2	False
ENST00000463790	145.20712	4.011045	4.0085063	-0.002538681	0.99802333	0.9998806574231441	-0.0008593059291474798	ENSG00000105856.14	HBP1	False
ENST00000509867	99.467285	2.7492638	2.7466755	-0.002588272	0.99891996	0.9998806574231441	-0.00046930722602249003	ENSG00000132466.20	ANKRD17	False
ENST00000553891	21.419964	1.9531657	1.9504969	-0.0026687384	0.99787813	0.9998806574231441	-0.0009224936365926407	ENSG00000165861.14	ZFYVE1	False
ENST00000233202	1731.6165	7.946442	7.9436064	-0.0028357506	0.996157	0.999577559914732	-0.0016722130348127042	ENSG00000018280.18	SLC11A1	False
ENST00000679375	2266.3384	8.717576	8.714724	-0.0028524399	0.99462974	0.9992848279258556	-0.0023385589432105796	ENSG00000160710.19	ADAR	False
ENST00000287322	61.527424	3.5772762	3.5742779	-0.002998352	0.9960837	0.999577559914732	-0.0017041767845464085	ENSG00000156735.11	BAG4	False
ENST00000215754	64.4	3.5244713	3.5212493	-0.0032219887	0.99491876	0.9992848279258556	-0.002212378494731371	ENSG00000240972.2	MIF	False
ENST00000481229	93.034904	1.6376066	1.6343648	-0.0032417774	0.9987056	0.9998806574231441	-0.0005625038119468574	ENSG00000132424.17	PNISR	False
ENST00000645354	81.70769	3.7594738	3.7562099	-0.0032639503	0.9936866	0.9992848279258556	-0.002750559484274976	ENSG00000197912.16	SPG7	False
ENST00000520927	6.300714	0.7601247	0.75680226	-0.0033224225	0.99703074	0.9998626514908918	-0.0012914536822721196	ENSG00000153317.15	ASAP1	True
ENST00000338040	32.898125	2.6599014	2.656478	-0.0034234524	0.99508625	0.9992848279258556	-0.002139273582372757	ENSG00000163833.8	FBXO40	False
ENST00000588350	16.856178	2.0156267	2.012201	-0.0034255981	0.9935018	0.9992848279258556	-0.002831349396337859	ENSG00000161082.13	CELF5	False
ENST00000332298	789.8	7.0699677	7.0664773	-0.003490448	0.98882735	0.9987101583728463	-0.004879530913192484	ENSG00000171700.14	RGS19	False
ENST00000298406	57.418785	3.2932625	3.2897687	-0.0034937859	0.99455696	0.9992848279258556	-0.002370337526154942	ENSG00000139977.14	NAA30	False
ENST00000318442	67.997055	3.6102793	3.6067507	-0.003528595	0.9940636	0.9992848279258556	-0.002585821733078282	ENSG00000178175.12	ZNF366	False
ENST00000651692	32.23861	2.7094843	2.7058911	-0.0035932064	0.993707	0.9992848279258556	-0.002741650326986942	ENSG00000125863.20	MKKS	False
ENST00000614646	131.4563	4.794288	4.790677	-0.0036110878	0.992405	0.9992848279258556	-0.0033110574635757724	ENSG00000140022.14	STON2	False
ENST00000439422	32.16857	2.747155	2.7434945	-0.0036604404	0.99251425	0.9992848279258556	-0.0032632479821760397	ENSG00000123131.13	PRDX4	False
ENST00000646700	47.45152	2.834173	2.8305047	-0.0036683083	0.99552786	0.9994541128768072	-0.0019465801408039352	ENSG00000171453.20	POLR1C	False
ENST00000421069	54.674416	3.1861904	3.1824224	-0.0037679672	0.99532944	0.9993047943665156	-0.0020331502718650015	ENSG00000156931.16	VPS8	True
ENST00000369443	128.39578	4.619162	4.615388	-0.003774166	0.98798084	0.998488625846923	-0.005251476503434395	ENSG00000196505.11	GDAP2	False
ENST00000607357	65.487595	3.5693104	3.5655093	-0.0038011074	0.99299407	0.9992848279258556	-0.0030533450100630106	ENSG00000172428.11	COPS9	False
ENST00000541463	62.60238	3.2472274	3.243382	-0.0038454533	0.99773145	0.9998806574231441	-0.0009863391590295807	ENSG00000139116.19	KIF21A	False
ENST00000357992	198.97374	5.205136	5.201154	-0.0039815903	0.9865524	0.9981915156206487	-0.005879834963288338	ENSG00000158711.14	ELK4	False
ENST00000679605	17.7	1.5561361	1.5521498	-0.0039863586	0.99665534	0.9997180835267255	-0.001454999821309983	ENSG00000073060.17	SCARB1	False
ENST00000555211	34.94562	1.8169923	1.8129654	-0.00402689	0.9976919	0.9998806574231441	-0.0010035409190181331	ENSG00000151327.14	FAM177A1	False
ENST00000377602	80.926926	3.830725	3.8266	-0.00412488	0.99370164	0.9992848279258556	-0.002743994824343366	ENSG00000148488.17	ST8SIA6	False
ENST00000440766	57.22535	3.2294273	3.2250245	-0.004402876	0.99209195	0.9992471797055739	-0.0034480726468724145	ENSG00000242372.9	EIF6	False
ENST00000360742	6.15598	1.0644835	1.0598984	-0.004585147	0.9920805	0.9992471797055739	-0.0034530823988062486	ENSG00000129696.13	TTI2	False
ENST00000367819	31.848618	2.4199798	2.4153776	-0.004602194	0.99379826	0.9992848279258556	-0.002701769760748146	ENSG00000143185.4	XCL2	False
ENST00000504358	19.539652	1.9248286	1.9202232	-0.0046054125	0.994474	0.9992848279258556	-0.002406569509165513	ENSG00000143437.21	ARNT	False
ENST00000677377	144.22021	4.362314	4.3576612	-0.004652977	0.9906852	0.9987652295215057	-0.0040643141969137	ENSG00000065911.13	MTHFD2	False
ENST00000315330	17.7	1.3028499	1.2981346	-0.0047153234	0.99386334	0.9992848279258556	-0.002673326813099658	ENSG00000150048.10	CLEC1A	False
ENST00000420627	51.866955	3.1126394	3.1078095	-0.0048298836	0.9961903	0.999577559914732	-0.0016576871975825908	ENSG00000196924.19	FLNA	False
ENST00000397783	29.027288	1.7911791	1.7863424	-0.0048366785	0.9973336	0.9998806574231441	-0.001159555408066552	ENSG00000007392.17	LUC7L	False
ENST00000472992	141.36682	4.752083	4.7472444	-0.0048384666	0.9926011	0.9992848279258556	-0.003225249327959502	ENSG00000239998.7	LILRA2	True
ENST00000238497	534.214	6.489882	6.4849854	-0.004896641	0.98317134	0.9971119503331424	-0.0073707881865129185	ENSG00000119541.10	VPS4B	False
ENST00000299687	25.44352	2.1936839	2.1884565	-0.0052273273	0.99576485	0.9995044887366334	-0.0018432074826766997	ENSG00000215421.10	ZNF407	False
ENST00000380191	178.9	5.1039844	5.0986714	-0.0053129196	0.98657656	0.9981915156206487	-0.005869208372420073	ENSG00000057608.17	GDI2	False
ENST00000328041	8.5	0.9998912	0.994558	-0.005333245	0.9949165	0.9992848279258556	-0.002213367186423457	ENSG00000185052.13	SLC24A3	False
ENST00000373585	64.68126	3.456796	3.451325	-0.005470991	0.9931843	0.9992848279258556	-0.00297014199948403	ENSG00000107625.14	DDX50	False
ENST00000286344	201.77603	5.0296636	5.0241213	-0.0055422783	0.99002993	0.9987652295215057	-0.0043516754010804294	ENSG00000155886.12	SLC24A2	False
ENST00000439055	4.4	0.74075437	0.73520297	-0.005551398	0.9907596	0.9987652295215057	-0.004031705983049476	ENSG00000153093.21	ACOXL	False
ENST00000565417	291.02612	5.739462	5.733891	-0.0055708885	0.98313874	0.9971119503331424	-0.007385190416140361	ENSG00000261740.7	BOLA2-SMG1P6	True
ENST00000356892	51.2	3.4533856	3.4477913	-0.0055942535	0.9895206	0.9987652295215057	-0.0045751560343563055	ENSG00000122122.10	SASH3	False
ENST00000307719	12.753258	1.4701282	1.4644835	-0.005644679	0.9879095	0.9984851968212333	-0.005282840090261153	ENSG00000171428.15	NAT1	False
ENST00000240304	829.8826	6.7992153	6.7935553	-0.005660057	0.99276286	0.9992848279258556	-0.0031544768957135773	ENSG00000108848.16	LUC7L3	False
ENST00000555661	32.360107	2.7288005	2.7230983	-0.005702257	0.9847606	0.9975084527784323	-0.006669343472701922	ENSG00000140043.12	PTGR2	False
ENST00000427960	22.78089	2.1806977	2.174892	-0.005805731	0.9918188	0.9990721188024346	-0.0035676701582029046	ENSG00000115368.10	WDR75	False
ENST00000370995	23.560406	1.3658663	1.3600359	-0.005830407	0.99652314	0.9997180835267255	-0.001512611398197246	ENSG00000142864.15	SERBP1	False
ENST00000441384	21.79176	1.8423287	1.836433	-0.0058956146	0.9950664	0.9992848279258556	-0.0021479362620129066	ENSG00000132153.15	DHX30	False
ENST00000686459	868.1536	7.1369324	7.130996	-0.005936146	0.9872686	0.9982838368336735	-0.005564663727318553	ENSG00000171862.16	PTEN	False
ENST00000201031	60.9	3.2350395	3.2289643	-0.006075144	0.99040717	0.9987652295215057	-0.004186224758396198	ENSG00000087510.7	TFAP2C	False
ENST00000369093	626.3542	6.8099937	6.8037357	-0.006258011	0.97960556	0.9969586276634019	-0.008948760571541328	ENSG00000151923.18	TIAL1	True
ENST00000372685	31.630733	1.5222231	1.5159035	-0.006319642	0.9956921	0.9995044887366334	-0.0018749498386617706	ENSG00000180964.17	TCEAL8	False
ENST00000581482	11.6341915	1.1706005	1.1642351	-0.0063654184	0.9947788	0.9992848279258556	-0.0022734734615906757	ENSG00000169660.17	HEXD	True
ENST00000582050	4.1230803	0.7042737	0.6977816	-0.0064920783	0.99429464	0.9992848279258556	-0.0024849002686466674	ENSG00000161960.16	EIF4A1	True
ENST00000221954	26.126423	2.1240165	2.1174748	-0.006541729	0.9934565	0.9992848279258556	-0.002851151861514376	ENSG00000105352.11	CEACAM4	False
ENST00000542527	258.4859	5.5323105	5.525749	-0.0065612793	0.9835758	0.9971119503331424	-0.0071921559894939004	ENSG00000185716.12	MOSMO	False
ENST00000412615	93.5442	4.084743	4.0781507	-0.0065922737	0.9917069	0.9990528146925499	-0.0036166616713985502	ENSG00000135148.12	TRAFD1	False
ENST00000369115	144.64401	4.689802	4.683057	-0.0067453384	0.98699355	0.9982288484720593	-0.0056856848823734025	ENSG00000143401.15	ANP32E	True
ENST00000675794	41.42756	1.0842928	1.077467	-0.0068258047	0.99478054	0.9992848279258556	-0.0022727188290833054	ENSG00000198707.17	CEP290	False
ENST00000343677	114.7	4.5811563	4.574139	-0.0070171356	0.98952734	0.9987652295215057	-0.004572199951948766	ENSG00000187837.4	H1-2	False
ENST00000368090	432.09882	6.312956	6.3058367	-0.007119179	0.9769367	0.996762912023013	-0.010133576114771193	ENSG00000143315.8	PIGM	False
ENST00000306107	101.9	3.8972683	3.8899686	-0.0072996616	0.98756135	0.9982838368336735	-0.005435917462399449	ENSG00000170017.12	ALCAM	False
ENST00000542398	31.4	2.521369	2.5140553	-0.0073137283	0.9909974	0.9987950279307247	-0.003927496305573651	ENSG00000082458.12	DLG3	False
ENST00000357355	733.0122	7.244617	7.237106	-0.007511139	0.9825848	0.9970770151141867	-0.00762996969885201	ENSG00000123146.20	ADGRE5	False
ENST00000355938	17.49462	1.42077	1.4129277	-0.007842302	0.99420273	0.9992848279258556	-0.002525047330094639	ENSG00000159199.14	ATP5MC1	False
ENST00000269159	125.35596	4.244204	4.236213	-0.007990837	0.98710984	0.9982288484720593	-0.005634518844687588	ENSG00000141401.12	IMPA2	False
ENST00000555248	293.17746	5.8562264	5.848174	-0.008052349	0.98267436	0.9970948153920659	-0.007590375316893712	ENSG00000015153.15	YAF2	False
ENST00000476743	363.0401	6.0419183	6.0338383	-0.008080006	0.9796073	0.9969586276634019	-0.008947994250428934	ENSG00000005302.19	MSL3	False
ENST00000678183	1031.9948	7.500542	7.4923253	-0.008216858	0.97662044	0.9967311503045664	-0.01027419237497424	ENSG00000122566.22	HNRNPA2B1	False
ENST00000161863	60.976814	3.2853346	3.277049	-0.008285522	0.9885018	0.9985317932642055	-0.005022541156406503	ENSG00000047188.16	YTHDC2	False
ENST00000340473	371.4659	6.0392528	6.030815	-0.0084376335	0.9823355	0.9970770151141867	-0.007740157497384034	ENSG00000188342.13	GTF2F2	False
ENST00000518626	20.4	1.3480476	1.3396084	-0.008439183	0.9934604	0.9992848279258556	-0.0028494321379471626	ENSG00000138942.17	RNF185	False
ENST00000409150	48.643833	3.1827958	3.1743517	-0.008444071	0.9818703	0.9970770151141867	-0.007945879307569332	ENSG00000189362.12	NEMP2	False
ENST00000249299	129.41025	4.405832	4.397323	-0.008508682	0.98236686	0.9970770151141867	-0.007726296854101188	ENSG00000128534.8	LSM8	False
ENST00000619795	224.46268	5.4328704	5.4242435	-0.008626938	0.98344046	0.9971119503331424	-0.007251928788283901	ENSG00000165283.16	STOML2	False
ENST00000264161	566.0742	6.7384224	6.72978	-0.008642197	0.96951884	0.9951015096561824	-0.013443747013895654	ENSG00000115866.11	DARS1	False
ENST00000644269	34.77581	2.6514223	2.6427727	-0.008649588	0.9901118	0.9987652295215057	-0.004315751386717141	ENSG00000091137.14	SLC26A4	False
ENST00000460513	1242.9554	7.8374953	7.828814	-0.008681297	0.9774625	0.9967857094374862	-0.009899908258423374	ENSG00000008952.17	SEC62	False
ENST00000378106	77.322105	3.8915336	3.8826442	-0.008889437	0.98826045	0.998488625846923	-0.00512858556011985	ENSG00000101247.18	NDUFAF5	False
ENST00000392249	1400.5515	7.965716	7.9565105	-0.009205341	0.99043936	0.9987652295215057	-0.004172111173397127	ENSG00000082146.13	STRADB	False
ENST00000369155	39.898964	2.6676435	2.6583314	-0.009312153	0.989854	0.9987652295215057	-0.004428867178164866	ENSG00000184678.11	H2BC21	False
ENST00000547249	132.3979	4.75995	4.7506123	-0.009337902	0.9837186	0.9971439955575812	-0.007129128417821928	ENSG00000111145.8	ELK3	True
ENST00000676797	914.0143	7.4368286	7.4274907	-0.009337902	0.9783399	0.9967857094374862	-0.009510229455569737	ENSG00000147140.17	NONO	False
ENST00000355977	68.348434	1.4846148	1.4751642	-0.009450674	0.9948609	0.9992848279258556	-0.0022376428753705002	ENSG00000198160.15	MIER1	False
ENST00000302103	93.559616	3.7216818	3.7121406	-0.009541273	0.98680305	0.998227266838373	-0.005769514750921194	ENSG00000172461.11	FUT9	False
ENST00000472616	414.32538	6.2508807	6.241317	-0.009563923	0.9842456	0.9973174951932662	-0.00689651875898065	ENSG00000006459.11	KDM7A	False
ENST00000685623	29.134079	2.2199929	2.2104228	-0.009570122	0.9914606	0.9989923344172579	-0.0037245303411761166	ENSG00000102362.16	SYTL4	False
ENST00000379540	36.30294	2.445922	2.4362555	-0.009666443	0.9894283	0.9987652295215057	-0.004615679935846182	ENSG00000086102.19	NFX1	False
ENST00000250454	151.48827	4.451523	4.441769	-0.009753704	0.98690224	0.9982288484720593	-0.005725866642458648	ENSG00000129518.10	EAPP	False
ENST00000430379	13.582794	1.4877521	1.4779334	-0.009818673	0.9896932	0.9987652295215057	-0.004499402961929961	ENSG00000178537.10	SLC25A20	False
ENST00000375398	100.05582	2.7611973	2.7511399	-0.010057449	0.99594104	0.9995196313364966	-0.0017663699106524767	ENSG00000197321.16	SVIL	False
ENST00000413816	9.873091	1.1565591	1.146318	-0.010241151	0.9913348	0.9989923344172579	-0.0037796497737948853	ENSG00000151948.12	GLT1D1	False
ENST00000533473	71.8	3.6950023	3.6844137	-0.010588646	0.97811687	0.9967857094374862	-0.009609250599147646	ENSG00000255423.1	EBLN2	False
ENST00000265637	218.6102	5.3346305	5.32402	-0.01061058	0.9707054	0.9952953018106013	-0.012912558888751978	ENSG00000110075.15	PPP6R3	False
ENST00000397086	66.89144	2.2904978	2.2798395	-0.010658264	0.99510705	0.9992848279258556	-0.002130194863324681	ENSG00000205937.12	RNPS1	False
ENST00000429976	46.250492	2.7482176	2.7374504	-0.010767221	0.9931723	0.9992848279258556	-0.0029754068804816176	ENSG00000168016.15	TRANK1	False
ENST00000220849	25.16116	1.7813021	1.7705034	-0.010798693	0.9936513	0.9992848279258556	-0.0027660076668056016	ENSG00000104408.11	EIF3E	False
ENST00000491306	11019.924	11.017127	11.006143	-0.010984421	0.9665989	0.9949740196167494	-0.01475369085959438	ENSG00000197756.10	RPL37A	False
ENST00000443002	62.532722	3.5614023	3.5503805	-0.0110218525	0.97683483	0.9967601230027396	-0.01017886198283392	ENSG00000100142.16	POLR2F	True
ENST00000648566	184.46114	4.983951	4.972739	-0.011211872	0.96556455	0.9946785365725477	-0.015218687887570295	ENSG00000142867.14	BCL10	False
ENST00000451091	283.59503	5.5445576	5.5332212	-0.011336327	0.97555673	0.9963659657143651	-0.010747470153458352	ENSG00000090621.15	PABPC4	False
ENST00000370277	192.7	4.9647	4.9533405	-0.011359692	0.98467964	0.9974767049726112	-0.0067050420885947665	ENSG00000147400.10	CETN2	False
ENST00000393295	415.12564	6.2631507	6.251755	-0.011395454	0.9694911	0.9951015096561824	-0.013456162602769382	ENSG00000240682.10	ISY1	False
ENST00000436911	75.69249	3.3526857	3.3411264	-0.011559248	0.99279815	0.9992848279258556	-0.003139040962850223	ENSG00000227191.8	TRGC2	False
ENST00000686729	57.56428	3.0994756	3.0878148	-0.011660814	0.987096	0.9982288484720593	-0.005640602855274443	ENSG00000120699.14	EXOSC8	False
ENST00000376771	126.2	4.571021	4.559091	-0.011929989	0.9580368	0.9930477631558439	-0.01861781743542446	ENSG00000068354.16	TBC1D25	False
ENST00000591752	58.335327	3.525138	3.5131836	-0.011954308	0.9755153	0.9963659657143651	-0.010765912064000988	ENSG00000133275.16	CSNK1G2	False
ENST00000484049	18.630192	1.7925245	1.780302	-0.012222409	0.98388	0.997192397069311	-0.007057874856361083	ENSG00000112237.13	CCNC	False
ENST00000373367	21.452438	2.3045826	2.2922487	-0.01233387	0.9783571	0.9967857094374862	-0.00950260930904137	ENSG00000102383.14	ZDHHC15	False
ENST00000240618	211.94473	5.343746	5.3311987	-0.012547493	0.9753002	0.9963644557656871	-0.010861689917014708	ENSG00000213809.9	KLRK1	False
ENST00000676614	25.656845	1.5020927	1.4893885	-0.012704253	0.9913367	0.9989923344172579	-0.003778814183041088	ENSG00000128609.16	NDUFA5	True
ENST00000261304	34.7193	2.7421753	2.7294488	-0.012726545	0.98445785	0.9973525124773271	-0.006802873437631305	ENSG00000054983.17	GALC	False
ENST00000594901	115.298965	4.2153115	4.2024612	-0.012850285	0.9841241	0.9973158705224916	-0.006950122106875363	ENSG00000269343.9	ZNF587B	False
ENST00000561308	125.6866	4.2761183	4.2631736	-0.012944698	0.9746549	0.9961537450315701	-0.011149123717362224	ENSG00000140471.17	LINS1	False
ENST00000157600	44.579273	2.952021	2.939065	-0.012955904	0.9745306	0.9961537450315701	-0.011204529557650488	ENSG00000071282.12	LMCD1	False
ENST00000301072	715.57996	6.9929824	6.980007	-0.012975216	0.97262466	0.99588157403409	-0.012054723698919807	ENSG00000167553.17	TUBA1C	False
ENST00000447759	44.74255	2.9160585	2.9030235	-0.013035059	0.9914912	0.9989923344172579	-0.003711136670571649	ENSG00000114982.19	KANSL3	True
ENST00000326225	649.76794	6.691713	6.678667	-0.013045788	0.97205603	0.995681851514825	-0.012308700761581335	ENSG00000153207.16	AHCTF1	False
ENST00000237937	903.5176	7.3922944	7.379156	-0.013138294	0.9573599	0.9928067136101008	-0.018924762800817063	ENSG00000107372.13	ZFAND5	False
ENST00000366699	18.3	1.9309425	1.9176834	-0.013259172	0.9839031	0.997192397069311	-0.007047666662436943	ENSG00000154370.16	TRIM11	False
ENST00000544451	782.112	7.267971	7.2545223	-0.013448715	0.9386126	0.9881861978180526	-0.027513629200888356	ENSG00000168300.14	PCMTD1	False
ENST00000367658	210.51025	5.323589	5.3099713	-0.013617516	0.970747	0.9952953018106013	-0.012893945601050148	ENSG00000112406.5	HECA	False
ENST00000273064	189.44624	5.093037	5.079341	-0.013696194	0.95980823	0.9935911670185329	-0.017815530292308052	ENSG00000144580.15	CNOT9	False
ENST00000508197	23.465038	1.6659373	1.6522179	-0.0137194395	0.99059653	0.9987652295215057	-0.004103196421257125	ENSG00000153113.24	CAST	True
ENST00000359595	18.1	2.0064023	1.9924382	-0.013964057	0.979755	0.9970080323781988	-0.008882518426324568	ENSG00000140511.12	HAPLN3	False
ENST00000555915	5.5851426	0.971232	0.95723325	-0.013998747	0.988125	0.998488625846923	-0.005188101197010197	ENSG00000092148.14	HECTD1	True
ENST00000284674	8.90435	1.1687123	1.154712	-0.014000297	0.9810879	0.9970770151141867	-0.008292070311838616	ENSG00000154478.4	GPR26	False
ENST00000219400	347.5458	5.9999676	5.9859567	-0.014010906	0.9614816	0.9938494377182787	-0.01705903550655309	ENSG00000103121.9	CMC2	False
ENST00000425103	629.78864	6.592624	6.5784826	-0.01414156	0.9736003	0.995925783110538	-0.011619288480817943	ENSG00000170871.12	KIAA0232	False
ENST00000249636	821.696	7.037466	7.0232463	-0.014219761	0.96295476	0.9941551412400279	-0.016394115906169775	ENSG00000033800.14	PIAS1	False
ENST00000688625	68.9525	3.6144705	3.6000247	-0.014445782	0.975789	0.9964684214434835	-0.010644077282714767	ENSG00000132155.14	RAF1	False
ENST00000692972	44.77299	2.6350107	2.6205611	-0.014449596	0.9909699	0.9987950279307247	-0.003939538312094617	ENSG00000118873.17	RAB3GAP2	False
ENST00000354504	200.38527	4.999624	4.9850516	-0.014572144	0.97986823	0.9970728214203404	-0.008832321695213412	ENSG00000143952.20	VPS54	False
ENST00000299192	208.26619	4.9837804	4.9692054	-0.014575005	0.9848967	0.9975961029643653	-0.0066093091188232835	ENSG00000155393.14	HEATR3	False
ENST00000560583	1540.6721	8.118393	8.1038	-0.014593124	0.9479045	0.9908778616775317	-0.023235402539282277	ENSG00000108107.15	RPL28	False
ENST00000221307	1192.2347	7.578466	7.5638714	-0.014594555	0.96536934	0.9946643816068332	-0.01530649674199237	ENSG00000186529.16	CYP4F3	False
ENST00000673846	617.6513	6.8546233	6.8397765	-0.014846802	0.96898717	0.9951015096561824	-0.013681974641112588	ENSG00000023445.17	BIRC3	False
ENST00000553151	80.74552	3.7250223	3.710144	-0.014878273	0.9810923	0.9970770151141867	-0.00829014421382769	ENSG00000111142.14	METAP2	True
ENST00000429544	1487.7673	7.963205	7.9483237	-0.014881134	0.96612537	0.9948682048254966	-0.01496651378808587	ENSG00000129071.10	MBD4	False
ENST00000375099	13.9	1.5235568	1.5086313	-0.01492548	0.985538	0.9977195934762387	-0.0063266231313777975	ENSG00000162543.6	UBXN10	False
ENST00000510968	61.179344	2.2252843	2.2103336	-0.014950752	0.99037474	0.9987652295215057	-0.004200443352252763	ENSG00000182552.15	RWDD4	True
ENST00000498926	96.33025	4.207723	4.1926556	-0.015067577	0.9678591	0.9949740196167494	-0.014187867032181344	ENSG00000247077.8	PGAM5	False
ENST00000357260	321.00726	5.5615315	5.5463514	-0.015180111	0.9715955	0.9954825457582557	-0.01251449381566972	ENSG00000197852.12	INKA2	False
ENST00000650298	15.7	1.2125407	1.1972594	-0.01528132	0.9813759	0.9970770151141867	-0.0081646232586946	ENSG00000146409.12	SLC18B1	False
ENST00000433866	101.33873	3.9801867	3.964901	-0.01528573	0.9728794	0.9958968252275786	-0.01194098800339108	ENSG00000230989.8	HSBP1	True
ENST00000601249	14.497363	1.4410001	1.4255846	-0.015415549	0.9832341	0.9971119503331424	-0.00734306458085054	ENSG00000213020.10	ZNF611	True
ENST00000485523	115.09292	4.266171	4.2506595	-0.015511513	0.9698793	0.9951209388217147	-0.013282296579762303	ENSG00000171121.17	KCNMB3	False
ENST00000315392	133.76266	4.584435	4.56886	-0.015574932	0.97114193	0.9953225534281154	-0.01271729241975314	ENSG00000161381.14	PLXDC1	False
ENST00000504689	15.94512	1.9437603	1.9280251	-0.01573515	0.982716	0.9970948153920659	-0.007571962392921859	ENSG00000004399.13	PLXND1	True
ENST00000451813	96.2953	4.1973596	4.1815543	-0.015805244	0.9738987	0.996047725562543	-0.011486209946775294	ENSG00000100991.12	TRPC4AP	False
ENST00000259006	2969.225	9.064754	9.048752	-0.016001701	0.9494503	0.9910506596680162	-0.022527757520651333	ENSG00000136490.9	LIMD2	True
ENST00000425834	10.778066	1.3584827	1.3423588	-0.01612389	0.96810824	0.9949740196167494	-0.014076084827265021	ENSG00000123154.12	WDR83	True
ENST00000559488	388.20877	6.013395	5.997241	-0.016153812	0.9689035	0.9951015096561824	-0.01371948336181162	ENSG00000259207.10	ITGB3	False
ENST00000338625	88.59152	4.1481757	4.132009	-0.016166687	0.9535928	0.9916992990034957	-0.020637047045317738	ENSG00000102743.16	SLC25A15	False
ENST00000572793	150.37006	4.685335	4.6691446	-0.016190529	0.9652877	0.9946643816068332	-0.015343234263039835	ENSG00000266028.8	SRGAP2	True
ENST00000374514	35.6	2.5560923	2.5397556	-0.01633668	0.9824548	0.9970770151141867	-0.007687431439971638	ENSG00000011009.12	LYPLA2	False
ENST00000606895	98.58871	4.2481074	4.2317224	-0.016385078	0.97563195	0.9963921873173921	-0.010713984830061052	ENSG00000178607.17	ERN1	False
ENST00000332624	245.89859	5.6944523	5.6779375	-0.016514778	0.9740332	0.9961252638038045	-0.011426250206853405	ENSG00000115993.13	TRAK2	False
ENST00000228945	1280.6289	7.9051127	7.888569	-0.016543865	0.92080677	0.9840268355880356	-0.035831498421499616	ENSG00000111348.9	ARHGDIB	False
ENST00000398344	41.43266	2.8471549	2.8304887	-0.016666174	0.9818178	0.9970770151141867	-0.00796910655876156	ENSG00000099977.16	DDT	False
ENST00000370351	51.17998	3.0565746	3.0396876	-0.01688695	0.9804475	0.9970770151141867	-0.00857566931323805	ENSG00000101194.18	SLC17A9	False
ENST00000375512	527.4551	6.4473267	6.4302826	-0.017044067	0.9521656	0.9913465378354436	-0.021287511183455975	ENSG00000185963.14	BICD2	False
ENST00000498875	529.683	6.420164	6.4030704	-0.017093658	0.95956266	0.9935911670185329	-0.01792666065345077	ENSG00000145332.14	KLHL8	False
ENST00000648490	56.445213	3.0012147	2.9841192	-0.017095566	0.98251367	0.9970770151141867	-0.007661400144861792	ENSG00000172164.15	SNTB1	False
ENST00000329082	107.10781	4.407238	4.39004	-0.017198086	0.9733018	0.995925783110538	-0.011752460997967692	ENSG00000182175.15	RGMA	False
ENST00000432207	38.67396	1.8698972	1.8526696	-0.01722765	0.98740464	0.9982838368336735	-0.005504834305747058	ENSG00000135218.19	CD36	False
ENST00000683262	8.7	1.1321082	1.1147314	-0.01737678	0.9790975	0.9967971376038794	-0.009174064759359526	ENSG00000168137.20	SETD5	False
ENST00000550948	3221.2996	9.130424	9.113039	-0.01738453	0.9686276	0.9951015096561824	-0.0138431728871204	ENSG00000110876.10	SELPLG	False
ENST00000303230	39.894356	2.5430026	2.5255876	-0.017415047	0.9808408	0.9970770151141867	-0.008401476146870982	ENSG00000164588.8	HCN1	False
ENST00000591437	53.54312	3.3865721	3.3690667	-0.017505407	0.97459596	0.9961537450315701	-0.011175391472817785	ENSG00000129657.16	SEC14L1	False
ENST00000322428	252.14151	5.5810466	5.5634937	-0.017552853	0.97478545	0.996185351234709	-0.01109096315818784	ENSG00000179632.11	MAF1	False
ENST00000448790	650.6393	6.9511704	6.933607	-0.017563343	0.91282445	0.9815474135482289	-0.039612734942646576	ENSG00000092203.15	TOX4	False
ENST00000714550	5.9591894	0.7096808	0.6920904	-0.017590404	0.98407716	0.9973158705224916	-0.006970849807088162	ENSG00000163374.21	YY1AP1	False
ENST00000682040	31.334997	2.742876	2.7252057	-0.017670393	0.96576524	0.9948029981213674	-0.015128430846799976	ENSG00000055609.21	KMT2C	False
ENST00000355022	297.08282	5.8503876	5.8326774	-0.017710209	0.9674705	0.9949740196167494	-0.014362256581491978	ENSG00000172530.22	BANP	False
ENST00000479903	10.148059	1.3628055	1.3450408	-0.017764688	0.97679204	0.9967601230027396	-0.01019788928588022	ENSG00000175455.16	CCDC14	False
ENST00000470476	16.749905	1.7690369	1.7506206	-0.018416286	0.9851472	0.9976162684959538	-0.006498882300816872	ENSG00000165669.14	FAM204A	False
ENST00000373316	226.38066	5.194344	5.1757407	-0.018603325	0.96067375	0.993754892065245	-0.0174240762975361	ENSG00000102144.15	PGK1	False
ENST00000396290	1611.0	8.272499	8.253707	-0.018792152	0.9576036	0.9929569902599037	-0.018814241801367117	ENSG00000115738.10	ID2	True
ENST00000265071	66.49278	3.1678574	3.1490042	-0.018853188	0.97362316	0.995925783110538	-0.01160910544230539	ENSG00000113361.13	CDH6	False
ENST00000281441	86.32786	3.8232956	3.80443	-0.018865585	0.97511643	0.9963210772152489	-0.010943525192173611	ENSG00000151715.8	TMEM45B	False
ENST00000294811	2031.4609	8.597779	8.578806	-0.01897335	0.94195765	0.989333493140383	-0.025968621271969326	ENSG00000162757.4	C1orf74	False
ENST00000541064	864.1797	7.3462358	7.327154	-0.019081593	0.95771104	0.9929752700469073	-0.018765505786330086	ENSG00000119655.11	NPC2	True
ENST00000309241	20.422073	2.237265	2.2181103	-0.019154787	0.9823333	0.9970770151141867	-0.007741132502252897	ENSG00000155846.17	PPARGC1B	False
ENST00000373016	37.8	2.777815	2.7586288	-0.019186258	0.98144007	0.9970770151141867	-0.008136215920727828	ENSG00000183386.10	FHL3	False
ENST00000606370	1037.1135	7.3254085	7.3059616	-0.01944685	0.95922846	0.993589312674561	-0.01807794614220634	ENSG00000145979.18	TBC1D7	False
ENST00000395068	10.48089	1.4318304	1.4122798	-0.019550562	0.97496134	0.996213228799095	-0.011012604785487766	ENSG00000178719.17	GRINA	False
ENST00000445623	69.3336	2.8772447	2.8575945	-0.01965022	0.9901942	0.9987652295215057	-0.004279621205107193	ENSG00000102265.12	TIMP1	True
ENST00000358314	363.34134	6.0689797	6.0493045	-0.019675255	0.9321409	0.9865088363896294	-0.030518442014574352	ENSG00000134283.18	PPHLN1	False
ENST00000613675	27.127771	2.4290943	2.4092972	-0.019797087	0.96740884	0.9949740196167494	-0.014389950274174015	ENSG00000278845.5	MRPL45	False
ENST00000291576	17.8	1.9874926	1.9676015	-0.019891024	0.9728252	0.9958968252275786	-0.011965174968606067	ENSG00000241945.8	PWP2	False
ENST00000311172	152.94156	4.650335	4.6304374	-0.019897461	0.98138344	0.9970770151141867	-0.008161273364542898	ENSG00000137478.15	FCHSD2	False
ENST00000287468	58.23819	3.5283775	3.5084627	-0.019914865	0.95022357	0.9910506596680162	-0.0221742034824859	ENSG00000156860.16	FBRS	False
ENST00000505035	6.2	0.9981958	0.9780855	-0.02011031	0.97462386	0.9961537450315701	-0.011162961234798261	ENSG00000234186.5	C16orf82	True
ENST00000263087	41.6	2.5412943	2.5210772	-0.02021718	0.98134094	0.9970770151141867	-0.008180080585294288	ENSG00000083457.12	ITGAE	False
ENST00000296051	61.365925	2.344887	2.3245034	-0.020383596	0.9870336	0.9982288484720593	-0.005668060635762182	ENSG00000163755.9	HPS3	False
ENST00000361157	71.46008	3.8293476	3.808865	-0.02048254	0.9770745	0.9967857094374862	-0.010072319189731869	ENSG00000126709.16	IFI6	False
ENST00000293406	110.325294	4.46113	4.4406304	-0.020499706	0.901542	0.9796827936525487	-0.04501403224256383	ENSG00000161654.10	LSM12	False
ENST00000677245	12.802284	1.6776267	1.657065	-0.020561695	0.9719945	0.995681851514825	-0.012336183914538067	ENSG00000147140.17	NONO	False
ENST00000439696	8839.024	10.525001	10.50437	-0.020630836	0.95577216	0.9921852324269093	-0.019645623208462373	ENSG00000185650.10	ZFP36L1	False
ENST00000612884	200.85007	5.016169	4.9954367	-0.020732403	0.960959	0.993796795695502	-0.017295133611458537	ENSG00000035664.11	DAPK2	False
ENST00000398422	101.54205	4.339446	4.318582	-0.02086401	0.8992183	0.9792260753577161	-0.04613485328579245	ENSG00000135624.17	CCT7	False
ENST00000618056	12.802142	1.6038942	1.5829636	-0.020930648	0.9769229	0.996762912023013	-0.01013969698302502	ENSG00000064933.19	PMS1	False
ENST00000692451	12.027977	1.4350363	1.4138861	-0.021150231	0.9789416	0.9967971376038794	-0.009243207206140738	ENSG00000197302.11	KRBOX5	False
ENST00000263795	81.10096	3.9870396	3.9657776	-0.02126193	0.96728414	0.9949740196167494	-0.01444593171039759	ENSG00000092470.12	WDR76	False
ENST00000619038	16.409658	1.9621434	1.9407866	-0.021356821	0.97289383	0.9958968252275786	-0.01193454901636769	ENSG00000239704.12	CDRT4	False
ENST00000624069	2388.7524	8.215311	8.193893	-0.021417618	0.9803749	0.9970770151141867	-0.008607828381120538	ENSG00000142541.18	RPL13A	False
ENST00000576965	13.940401	1.7439889	1.7224983	-0.021490574	0.9692609	0.9951015096561824	-0.013559319165677805	ENSG00000108523.16	RNF167	True
ENST00000599898	865.90155	7.22793	7.2064238	-0.02150631	0.96542704	0.9946643816068332	-0.01528054100938376	ENSG00000105640.13	RPL18A	False
ENST00000519662	20.588583	1.4346989	1.4130862	-0.021612763	0.97928447	0.9967971376038794	-0.009091134784604977	ENSG00000147421.18	HMBOX1	False
ENST00000691006	339.8662	5.744901	5.7232094	-0.0216918	0.9774853	0.9967857094374862	-0.009889765454588261	ENSG00000162367.12	TAL1	False
ENST00000452806	374.7535	5.9611135	5.9393435	-0.02177	0.9639942	0.9944048967689206	-0.01592557682844383	ENSG00000115875.19	SRSF7	False
ENST00000413382	265.2662	5.3759217	5.3540077	-0.021914005	0.96977705	0.9951209388217147	-0.013328098838566208	ENSG00000041357.16	PSMA4	False
ENST00000286307	55.818916	3.4850395	3.4630034	-0.022036076	0.9620002	0.9939261226276797	-0.016824841639756557	ENSG00000155858.6	LSM11	False
ENST00000618334	28.905895	1.9135762	1.8914633	-0.022112966	0.98287416	0.9971119503331424	-0.007502084679000958	ENSG00000141428.17	C18orf21	True
ENST00000606080	1231.5754	7.56871	7.5465665	-0.022143364	0.93774456	0.9880227729262042	-0.02791544757106509	ENSG00000111816.8	FRK	False
ENST00000322953	46.92207	1.6016268	1.5794383	-0.022188425	0.9875258	0.9982838368336735	-0.005451540101631097	ENSG00000153064.12	BANK1	False
ENST00000424491	9.330611	1.2648417	1.2426162	-0.0222255	0.9739078	0.996047725562543	-0.011482143266560689	ENSG00000241962.9	ENSG00000241962	False
ENST00000417477	1792.384	8.305177	8.282877	-0.022299767	0.9398384	0.9884169279136201	-0.026946810153717648	ENSG00000032219.19	ARID4A	False
ENST00000367139	512.92346	6.605643	6.58302	-0.022622585	0.93101305	0.9861304323791038	-0.031044232550018917	ENSG00000117280.13	RAB29	False
ENST00000256078	127.2218	4.1782284	4.1555357	-0.02269268	0.98199666	0.9970770151141867	-0.007889991353506534	ENSG00000133703.14	KRAS	False
ENST00000330793	40.1	2.5072296	2.4844913	-0.022738218	0.9753075	0.9963644557656871	-0.010858425319960384	ENSG00000167850.4	CD300C	False
ENST00000410055	54.077198	2.5677197	2.5449677	-0.022752047	0.98589593	0.9977673838443458	-0.006168925489555404	ENSG00000152256.14	PDK1	False
ENST00000647893	66.81096	3.6516325	3.62887	-0.022762537	0.93850636	0.9881861978180526	-0.02756277770660077	ENSG00000197594.14	ENPP1	False
ENST00000371756	320.0	5.837679	5.8148828	-0.022796154	0.9496469	0.9910506596680162	-0.02243784961742145	ENSG00000130560.9	UBAC1	False
ENST00000554401	2892.3276	9.0992565	9.076362	-0.02289486	0.9385359	0.9881861978180526	-0.027549097204746572	ENSG00000080824.19	HSP90AA1	False
ENST00000674155	109.54468	4.223861	4.2007217	-0.023139477	0.98170877	0.9970770151141867	-0.008017331459191411	ENSG00000100393.16	EP300	False
ENST00000372627	27.4	2.142476	2.11929	-0.023185968	0.982344	0.9970770151141867	-0.007736415607126737	ENSG00000196507.11	TCEAL3	False
ENST00000367434	20.5	1.664845	1.6415908	-0.023254156	0.9783965	0.9967857094374862	-0.009485120519974546	ENSG00000162630.6	B3GALT2	False
ENST00000374315	17.085064	1.40592	1.3825692	-0.023350835	0.98288846	0.9971119503331424	-0.007495763842141736	ENSG00000162430.18	SELENON	False
ENST00000303577	1083.4	7.5911593	7.567688	-0.023471355	0.95211357	0.9913465378354436	-0.021311245571436276	ENSG00000169564.7	PCBP1	False
ENST00000350777	70.81111	3.788847	3.7652137	-0.023633242	0.9399183	0.9884169279136201	-0.026909904103297733	ENSG00000172273.13	HINFP	False
ENST00000407997	124.110825	4.611206	4.5875053	-0.023700714	0.950289	0.9910506596680162	-0.022144292821976826	ENSG00000239713.9	APOBEC3G	False
ENST00000371442	76.4	3.687905	3.6641324	-0.023772717	0.96040875	0.9936974392112409	-0.01754389313631281	ENSG00000125352.6	RNF113A	False
ENST00000674624	34.22169	2.0390713	2.0152297	-0.02384162	0.9758057	0.9964684214434835	-0.01063664943809946	ENSG00000285901.2	ENSG00000285901	False
ENST00000586987	18.35202	1.281241	1.2571292	-0.024111867	0.98051065	0.9970770151141867	-0.008547683884986598	ENSG00000178904.19	DPY19L3	False
ENST00000244020	647.81213	6.8588543	6.8346505	-0.024203777	0.949416	0.9910506596680162	-0.02254346196259948	ENSG00000124193.16	SRSF6	False
ENST00000264198	20.5	1.906816	1.8825142	-0.024301767	0.97364	0.995925783110538	-0.011601581313973965	ENSG00000090432.7	MUL1	False
ENST00000417393	11.7	1.34539	1.3210812	-0.0243088	0.97643167	0.9967311503045664	-0.010358143910913862	ENSG00000243477.6	NAA80	False
ENST00000450446	60.60423	2.8128865	2.7883995	-0.024487019	0.9835583	0.9971119503331424	-0.0071998936161425855	ENSG00000054965.11	FAM168A	True
ENST00000546286	33.23063	2.0458791	2.020866	-0.025013208	0.98216206	0.9970770151141867	-0.007816846997342919	ENSG00000211455.8	STK38L	True
ENST00000490623	134.32846	4.8101563	4.785091	-0.025065422	0.88274956	0.9754367822474176	-0.05416249146803943	ENSG00000273154.3	ENSG00000273154	False
ENST00000262963	17.5	1.808217	1.7830117	-0.025205374	0.96139085	0.993836735654517	-0.017100014245777412	ENSG00000105426.19	PTPRS	False
ENST00000267984	172.4	5.115039	5.089752	-0.025286674	0.90379727	0.9799172804063941	-0.04392897537212109	ENSG00000140406.4	TLNRD1	False
ENST00000473420	6.9383698	0.8753517	0.85001504	-0.025336683	0.98128176	0.9970770151141867	-0.008206274887972544	ENSG00000144579.9	CTDSP1	False
ENST00000245812	158.36739	4.7967515	4.771388	-0.025363445	0.94290733	0.9897106568271627	-0.025530986564711988	ENSG00000125652.8	ALKBH7	False
ENST00000220592	936.2664	7.363871	7.3384557	-0.02541542	0.9191517	0.9834605563857131	-0.03661279417416375	ENSG00000123908.12	AGO2	False
ENST00000689530	8.370628	1.094131	1.0685337	-0.025597334	0.97489804	0.9961991661750689	-0.011040802612099427	ENSG00000165240.22	ATP7A	False
ENST00000308153	971.5016	7.474235	7.4486	-0.025635242	0.93292886	0.9865976644920984	-0.03015147180112173	ENSG00000105968.19	H2AZ2	False
ENST00000523116	23.089643	2.4830718	2.457346	-0.025725842	0.9695112	0.9951015096561824	-0.013447164602955811	ENSG00000104660.19	LEPROTL1	False
ENST00000383714	150.7539	4.709889	4.6841345	-0.025754452	0.9487041	0.9909333570625283	-0.022869211775062036	ENSG00000168291.13	PDHB	False
ENST00000678243	16.74372	1.8585892	1.8327785	-0.025810719	0.9644148	0.9944714493369724	-0.01573614461024374	ENSG00000104408.11	EIF3E	False
ENST00000617190	115.97373	4.638186	4.6122355	-0.025950432	0.93006426	0.9859745741870203	-0.031487043686909556	ENSG00000132128.18	LRRC41	False
ENST00000678132	1335.2106	7.9580274	7.9320517	-0.025975704	0.94545746	0.9908415763685018	-0.0243580077560667	ENSG00000175390.15	EIF3F	False
ENST00000390345	37.357887	2.4771714	2.4509072	-0.02626419	0.981937	0.9970770151141867	-0.007916379062013762	ENSG00000211698.2	TRGV4	False
ENST00000435633	73.06989	2.7997448	2.773459	-0.026285887	0.9867918	0.998227266838373	-0.005774472656062558	ENSG00000188846.14	RPL14	False
ENST00000396743	632.89124	6.8890643	6.862747	-0.02631712	0.9208474	0.9840268355880356	-0.035812326276613966	ENSG00000068308.15	OTUD5	False
ENST00000373230	20.729145	1.5140816	1.4874432	-0.026638389	0.97483873	0.9961891830970047	-0.011067223141097992	ENSG00000180817.12	PPA1	False
ENST00000336356	134.89218	4.724854	4.6981883	-0.026665688	0.93061316	0.9859745741870203	-0.031230810245811397	ENSG00000121207.12	LRAT	False
ENST00000368192	23.049212	2.1129844	2.0861864	-0.02679801	0.94846296	0.9909317823722509	-0.02297962337679562	ENSG00000117036.12	ETV3	False
ENST00000620364	19.80539	2.2012587	2.1744602	-0.026798487	0.96793544	0.9949740196167494	-0.014153607274873338	ENSG00000082293.13	COL19A1	False
ENST00000311764	20.4	1.6413425	1.6144137	-0.026928782	0.9711035	0.9953225534281154	-0.012734485354657422	ENSG00000175213.3	ZNF408	False
ENST00000505560	665.3241	6.7417264	6.714574	-0.027152538	0.93911594	0.9884169279136201	-0.027280787227010966	ENSG00000039319.17	ZFYVE16	False
ENST00000393085	594.4679	6.819637	6.7923794	-0.027257442	0.84734726	0.965714928002741	-0.07193857079478767	ENSG00000105887.11	MTPN	True
ENST00000351293	164.68079	4.6580224	4.630717	-0.027305603	0.9628966	0.9941551412400279	-0.01642035334672249	ENSG00000148660.22	CAMK2G	False
ENST00000679257	11.365751	1.6332973	1.6059815	-0.027315855	0.9710094	0.9953225534281154	-0.012776577598408454	ENSG00000105723.13	GSK3A	False
ENST00000304046	11.664118	1.8593804	1.8320262	-0.027354121	0.9355021	0.9874008014772355	-0.028955227735757177	ENSG00000172057.10	ORMDL3	False
ENST00000518611	5976.479	10.182368	10.154885	-0.027482986	0.9697281	0.9951209388217147	-0.01335001409864034	ENSG00000104765.16	BNIP3L	False
ENST00000700528	22.22688	2.0474088	2.0198798	-0.027529001	0.9788187	0.9967971376038794	-0.009297735705694223	ENSG00000198824.8	CHAMP1	False
ENST00000379096	109.35991	4.3277144	4.3000154	-0.027698994	0.94934887	0.9910506596680162	-0.02257416360568314	ENSG00000076554.16	TPD52	False
ENST00000225525	65.46203	3.7017152	3.673894	-0.027821302	0.9466181	0.9908778616775317	-0.0238252048863194	ENSG00000213977.8	TAX1BP3	False
ENST00000417656	46.94577	2.7645972	2.7367604	-0.0278368	0.96637416	0.9949676143704436	-0.01485469173502943	ENSG00000154839.10	SKA1	False
ENST00000502905	638.2623	6.6939774	6.6660604	-0.027916908	0.9558071	0.9921852324269093	-0.0196297523755602	ENSG00000204628.12	RACK1	False
ENST00000704003	341.70566	6.0816455	6.053602	-0.02804327	0.9806645	0.9970770151141867	-0.008479549547684321	ENSG00000136238.20	RAC1	True
ENST00000372755	950.2528	7.406948	7.3787994	-0.028148651	0.9516367	0.9912122253221287	-0.021528830454616444	ENSG00000035403.18	VCL	False
ENST00000419280	14.9189205	1.6896386	1.6614816	-0.028156996	0.95691204	0.992547242277943	-0.019127980707703666	ENSG00000145014.18	TMEM44	False
ENST00000445425	47.346653	1.9892207	1.9610355	-0.028185248	0.9844466	0.9973525124773271	-0.006807843153707228	ENSG00000067560.14	RHOA	False
ENST00000432261	1722.5514	7.909204	7.8808956	-0.028308392	0.96491647	0.9945400115204679	-0.015510281683842343	ENSG00000101236.17	RNF24	False
ENST00000582222	16.025799	1.9170789	1.8887525	-0.028326392	0.95990545	0.9935911670185329	-0.01777154455120798	ENSG00000141552.18	ANAPC11	True
ENST00000536444	258.9897	5.490658	5.462304	-0.028353691	0.9569123	0.992547242277943	-0.019127872501456922	ENSG00000171681.13	ATF7IP	False
ENST00000261712	149.44893	4.8967576	4.8683467	-0.028410912	0.88268507	0.9754256875793519	-0.05419422146514659	ENSG00000108671.11	PSMD11	False
ENST00000357949	157.41151	4.805657	4.776794	-0.028862953	0.8654146	0.9707935622551248	-0.06277577254033194	ENSG00000197019.5	SERTAD1	False
ENST00000354336	44.06572	2.7310448	2.7020977	-0.028947115	0.97060984	0.9952953018106013	-0.012955308470615644	ENSG00000099942.13	CRKL	False
ENST00000406287	38.700836	2.7104244	2.6813061	-0.0291183	0.9631482	0.9941951459211168	-0.01630689318727479	ENSG00000136560.14	TANK	False
ENST00000579695	79.83595	4.157231	4.128109	-0.029121876	0.9261619	0.9850909987099742	-0.03331309568200493	ENSG00000172057.10	ORMDL3	False
ENST00000379400	1174.2787	7.5774684	7.5481853	-0.029283047	0.9262363	0.985094240973058	-0.03327821582816925	ENSG00000101265.16	RASSF2	False
ENST00000596580	14.2	1.5205364	1.4909847	-0.029551744	0.95444363	0.9918878004335824	-0.02024971458122666	ENSG00000152767.17	FARP1	False
ENST00000261233	541.44525	6.383051	6.3534017	-0.029649258	0.9557169	0.9921852324269093	-0.01967073064226811	ENSG00000090376.11	IRAK3	False
ENST00000484747	477.07904	6.172609	6.1429524	-0.02965641	0.9463329	0.9908778616775317	-0.023956073950013354	ENSG00000181444.13	ZNF467	False
ENST00000596315	33.7725	2.0421457	2.0124223	-0.029723406	0.9791944	0.9967971376038794	-0.009131077720728189	ENSG00000142227.11	EMP3	False
ENST00000407472	92.441986	4.2857594	4.2558193	-0.029940128	0.84989417	0.9659481202504552	-0.07063515191751636	ENSG00000215012.9	RTL10	False
ENST00000430976	258.78296	5.6490397	5.6190867	-0.029953003	0.89725846	0.979053726529255	-0.04708243788124905	ENSG00000088179.9	PTPN4	False
ENST00000248633	27.815502	1.6751337	1.6449863	-0.030147433	0.98153746	0.9970770151141867	-0.00809312049894455	ENSG00000127980.16	PEX1	False
ENST00000448246	8.706224	0.7829421	0.7527544	-0.030187726	0.97543675	0.9963659657143651	-0.010800887507106137	ENSG00000105866.15	SP4	False
ENST00000545267	15.117147	1.2780148	1.247807	-0.030207753	0.97445005	0.9961537450315701	-0.011240416977663037	ENSG00000157423.18	HYDIN	True
ENST00000508593	24.882246	2.0957081	2.0652897	-0.030418396	0.9644635	0.9944714493369724	-0.01571421597255168	ENSG00000163697.18	APBB2	False
ENST00000632581	28.33869	2.2183626	2.1878943	-0.030468225	0.96169597	0.9938494377182787	-0.016962204271279355	ENSG00000164300.17	SERINC5	False
ENST00000288050	333.2209	5.7976594	5.767067	-0.030592442	0.93833935	0.9881861978180526	-0.02764006960412373	ENSG00000090857.14	PDPR	False
ENST00000376406	48.9	3.3531883	3.3225298	-0.030658484	0.96049184	0.9936974392112409	-0.01750632217592333	ENSG00000137337.16	MDC1	False
ENST00000301264	24.032803	1.5099252	1.4792601	-0.03066516	0.9745722	0.9961537450315701	-0.011185989328507054	ENSG00000167657.14	DAPK3	False
ENST00000375120	87.00832	4.0430465	4.012381	-0.030665398	0.9549961	0.9918878004335824	-0.019998397881651076	ENSG00000169914.6	OTUD3	False
ENST00000589222	33.09705	1.6642317	1.6335651	-0.03066659	0.980542	0.9970770151141867	-0.008533797445685198	ENSG00000141376.24	BCAS3	False
ENST00000394054	338.13785	5.8349147	5.804208	-0.030706882	0.9258075	0.985022233771511	-0.03347931654152456	ENSG00000144802.11	NFKBIZ	False
ENST00000376751	151.8	4.6997223	4.668953	-0.030769348	0.9549811	0.9918878004335824	-0.020005228606148992	ENSG00000204618.10	RNF39	False
ENST00000263733	158.1821	4.8687444	4.837858	-0.030886173	0.9492881	0.9910506596680162	-0.02260197691446346	ENSG00000116199.12	FAM20B	False
ENST00000449152	872.72314	7.261973	7.2307653	-0.031207561	0.89105177	0.9771611911582333	-0.05009706313558984	ENSG00000081320.12	STK17B	False
ENST00000276201	90.72594	2.3078678	2.2765343	-0.031333447	0.9851683	0.9976162684959538	-0.0064895806098043685	ENSG00000125351.14	UPF3B	False
ENST00000477932	14.048059	1.848581	1.8172376	-0.03134334	0.9505229	0.9910506596680162	-0.022037415818903356	ENSG00000131069.20	ACSS2	False
ENST00000396651	1273.6788	7.443447	7.4119205	-0.031526566	0.9647016	0.9944714493369724	-0.01560700436496938	ENSG00000142937.12	RPS8	False
ENST00000291503	17.7	1.8126526	1.7810998	-0.03155279	0.95503914	0.9918878004335824	-0.019978827908681926	ENSG00000105726.17	ATP13A1	False
ENST00000368910	21.5	1.8015329	1.769968	-0.03156483	0.9607383	0.993754892065245	-0.017394895150584885	ENSG00000163154.6	TNFAIP8L2	False
ENST00000272227	306.79645	5.938748	5.9070764	-0.031671524	0.8866546	0.9762529517548046	-0.052245520908012794	ENSG00000143870.13	PDIA6	False
ENST00000444024	21.493504	1.7245549	1.692493	-0.032061934	0.96158105	0.9938494377182787	-0.017014103344010902	ENSG00000155906.20	RMND1	False
ENST00000549025	7.132393	0.92159194	0.88915884	-0.032433093	0.91909385	0.9834605563857131	-0.036640141200752485	ENSG00000185046.21	ANKS1B	False
ENST00000215730	436.47748	6.38255	6.349926	-0.032623768	0.8694927	0.9716324955986775	-0.060734055038877556	ENSG00000099940.12	SNAP29	False
ENST00000341376	91.9263	3.7540379	3.7211795	-0.03285837	0.94489306	0.9906573942509217	-0.024617339809725036	ENSG00000001167.15	NFYA	True
ENST00000217402	749.1	7.128573	7.095576	-0.03299713	0.89162076	0.9771611911582333	-0.0498198305439599	ENSG00000101421.4	CHMP4B	False
ENST00000601093	35.53356	2.9531326	2.9201143	-0.03301835	0.9431507	0.989862771237309	-0.02541890898552583	ENSG00000104960.15	PTOV1	True
ENST00000355285	43.81066	3.0187843	2.9856522	-0.033132076	0.94521046	0.9906802672234423	-0.0244714824201947	ENSG00000154856.13	APCDD1	False
ENST00000252797	29.653961	2.3175716	2.2843127	-0.033258915	0.9823667	0.9970770151141867	-0.007726375905945465	ENSG00000169951.10	ZNF764	False
ENST00000370081	174.15617	4.414845	4.3815756	-0.033269405	0.97465545	0.9961537450315701	-0.011148884685426215	ENSG00000112695.13	COX7A2	False
ENST00000253247	121.14748	4.462055	4.428673	-0.033382416	0.9477755	0.9908778616775317	-0.023294529735009516	ENSG00000130935.10	NOL11	False
ENST00000257536	50.35807	2.9265468	2.892848	-0.033698797	0.9817913	0.9970770151141867	-0.007980812931419067	ENSG00000135083.17	CCNJL	False
ENST00000258149	593.85144	6.7489667	6.715174	-0.033792496	0.8940871	0.9780145285082213	-0.04862018269624018	ENSG00000135679.27	MDM2	False
ENST00000273859	57.480553	3.4272392	3.3933086	-0.03393054	0.951063	0.9911834822649486	-0.021790724077957818	ENSG00000145246.14	ATP10D	False
ENST00000646601	236.0	5.3354716	5.3015075	-0.033964157	0.93495613	0.9872339199749246	-0.029208765046371068	ENSG00000146830.11	GIGYF1	False
ENST00000333050	92.7	4.107531	4.073544	-0.033987045	0.9103449	0.9809361663924436	-0.04079403710281938	ENSG00000184857.8	TMEM186	False
ENST00000373517	38.0	2.1527164	2.1186798	-0.034036636	0.9702005	0.9951916160829151	-0.01313851527963277	ENSG00000186462.9	NAP1L2	False
ENST00000531525	14.3474865	1.5030729	1.4689744	-0.034098506	0.97434443	0.9961537450315701	-0.011287492168284115	ENSG00000149311.22	ATM	False
ENST00000347529	70.10689	1.7852068	1.7509962	-0.034210563	0.98243564	0.9970770151141867	-0.007695889311968081	ENSG00000159023.23	EPB41	False
ENST00000373448	11.5	1.3690448	1.3348236	-0.034221172	0.9734993	0.995925783110538	-0.01166435727520053	ENSG00000101407.13	TTI1	False
ENST00000452448	15.158613	1.750247	1.7160051	-0.034241915	0.9380213	0.9880890675034657	-0.027787298792640486	ENSG00000044524.11	EPHA3	False
ENST00000474851	9.3	1.3276023	1.2932701	-0.034332156	0.9581902	0.9931044156346279	-0.018548274022048856	ENSG00000185565.13	LSAMP	False
ENST00000619548	10.872239	1.5186167	1.4842373	-0.034379363	0.92915666	0.985911074098404	-0.03191105534284864	ENSG00000278845.5	MRPL45	False
ENST00000677895	25.189053	2.3514802	2.3170435	-0.034436703	0.9543227	0.9918878004335824	-0.020304747645242097	ENSG00000109685.19	NSD2	False
ENST00000248450	18.090546	1.6064095	1.5718498	-0.034559727	0.96178997	0.9938644575721086	-0.01691975823999965	ENSG00000127837.10	AAMP	False
ENST00000389078	23.585777	2.3952157	2.3604672	-0.034748554	0.9734442	0.995925783110538	-0.011688927720589987	ENSG00000246705.5	H2AJ	False
ENST00000330276	50.264095	3.4325736	3.3977952	-0.034778357	0.897003	0.9790162556944926	-0.047206106882368634	ENSG00000185518.12	SV2B	False
ENST00000645532	14.701634	1.144146	1.1092947	-0.034851313	0.96888554	0.9951015096561824	-0.013727525183055214	ENSG00000125257.16	ABCC4	False
ENST00000373826	40.141144	2.6265743	2.591609	-0.034965277	0.9604916	0.9936974392112409	-0.017506429978907435	ENSG00000188060.8	RAB42	False
ENST00000367771	262.3324	5.609629	5.5746617	-0.034967422	0.8836629	0.9756673191917686	-0.0537133882805378	ENSG00000000457.14	SCYL3	False
ENST00000246024	1461.9573	7.870419	7.835435	-0.03498411	0.9323134	0.9865205011628735	-0.030438081778588894	ENSG00000125827.9	TMX4	False
ENST00000437999	175.54573	4.988436	4.953451	-0.034985065	0.9051294	0.9799172804063941	-0.04328934124082314	ENSG00000125633.11	CCDC93	True
ENST00000598753	18.313025	1.6373187	1.6022295	-0.035089254	0.9610738	0.9938315911280772	-0.017243254815021338	ENSG00000269755.1	ENSG00000269755	False
ENST00000370521	791.5292	6.9397597	6.9045897	-0.03517008	0.92086154	0.9840268355880356	-0.03580566401386585	ENSG00000065243.20	PKN2	False
ENST00000248566	56.564636	2.8965747	2.8613405	-0.035234213	0.96863025	0.9951015096561824	-0.013841970291824464	ENSG00000127922.10	SEM1	True
ENST00000650026	62.416412	2.4543984	2.419049	-0.03534937	0.97665775	0.9967311503045664	-0.010257600149345911	ENSG00000079277.22	MKNK1	False
ENST00000634336	75.991104	3.1325347	3.0971594	-0.035375357	0.9693555	0.9951015096561824	-0.013516910654294424	ENSG00000172053.18	QARS1	True
ENST00000368564	831.3924	7.260218	7.224692	-0.035526276	0.9012407	0.9796827936525487	-0.04515920067583318	ENSG00000196911.12	KPNA5	False
ENST00000372945	366.0119	6.1755214	6.139955	-0.03556633	0.9060423	0.9799172804063941	-0.04285153676856644	ENSG00000182180.14	MRPS16	False
ENST00000259569	56.23332	2.5954401	2.5598433	-0.035596848	0.96918255	0.9951015096561824	-0.013594413470728638	ENSG00000137040.10	RANBP6	False
ENST00000700529	142.93326	4.740208	4.704574	-0.03563404	0.90960246	0.9809269981133781	-0.0411483722292566	ENSG00000108559.13	NUP88	False
ENST00000442138	34.19567	2.3040578	2.2683866	-0.035671234	0.9638756	0.9943636139197216	-0.015979017239318105	ENSG00000164244.22	PRRC1	False
ENST00000444342	34.086926	1.9751307	1.9393746	-0.03575611	0.96559495	0.9946785365725477	-0.015205015434445187	ENSG00000152291.15	TGOLN2	False
ENST00000480687	69.83368	3.9420822	3.9062498	-0.035832405	0.9417381	0.9892937418959203	-0.026069845708219148	ENSG00000173540.14	GMPPB	False
ENST00000358637	1209.2385	7.5278573	7.4918795	-0.03597784	0.9218555	0.9842353161448519	-0.03533714449889547	ENSG00000148219.18	ASTN2	False
ENST00000446066	15.68659	1.1466911	1.1107069	-0.03598416	0.9694841	0.9951015096561824	-0.013459313281786232	ENSG00000183576.13	SETD3	True
ENST00000540222	20.379045	1.7325244	1.6964387	-0.036085725	0.9638818	0.9943636139197216	-0.0159762242107658	ENSG00000168010.11	ATG16L2	False
ENST00000639372	214.93408	5.3082952	5.271993	-0.03630209	0.9005077	0.9795430635977802	-0.045512574828266636	ENSG00000197563.11	PIGN	False
ENST00000613549	65.94079	3.608947	3.5725555	-0.036391497	0.88422	0.9757721701424954	-0.05343966409194517	ENSG00000272636.5	DOC2B	False
ENST00000678224	1940.5159	8.449171	8.412768	-0.036402702	0.86153525	0.9700337015692152	-0.06472694797493996	ENSG00000197081.16	IGF2R	False
ENST00000340344	1646.9404	8.2541	8.217604	-0.036496162	0.86083204	0.969496652931242	-0.0650815792705891	ENSG00000160194.18	NDUFV3	False
ENST00000260257	110.357544	4.3410125	4.304516	-0.03649664	0.9259279	0.985022233771511	-0.03342284016007443	ENSG00000255561.7	FDXACB1	False
ENST00000372244	9.6	0.955792	0.9192702	-0.036521792	0.95883393	0.9935667743674016	-0.01825660480078789	ENSG00000126106.14	TMEM53	True
ENST00000330287	7.435878	1.0594484	1.0228839	-0.03656447	0.9640584	0.994412507278134	-0.015896657298103085	ENSG00000185010.15	F8	False
ENST00000674865	43.60863	2.978536	2.9418805	-0.036655426	0.95372707	0.9916992990034957	-0.020575892030425178	ENSG00000104381.14	GDAP1	False
ENST00000565516	6.002338	0.9756163	0.938925	-0.03669125	0.94676155	0.9908778616775317	-0.02375938868662376	ENSG00000102984.15	ZNF821	False
ENST00000491082	30.8	2.7145405	2.6775763	-0.036964178	0.92495286	0.9846904239306189	-0.033880398228890385	ENSG00000160767.23	ENTREP3	False
ENST00000403006	26.421726	2.4027917	2.3657658	-0.03702593	0.9674538	0.9949740196167494	-0.0143697751775236	ENSG00000118961.15	LDAH	False
ENST00000522603	163.60263	4.382513	4.3454776	-0.037035465	0.95793885	0.992997436701637	-0.018662213246433176	ENSG00000198363.18	ASPH	False
ENST00000498107	13.880625	1.3847885	1.3473883	-0.037400246	0.9574295	0.9928277116915272	-0.018893182502316145	ENSG00000106028.11	SSBP1	False
ENST00000244496	24.8	2.5417907	2.5042214	-0.037569284	0.9232619	0.9842542511459073	-0.03467509497934552	ENSG00000124541.7	RRP36	False
ENST00000620055	27.167551	1.7813803	1.7437032	-0.03767705	0.9725901	0.99588157403409	-0.012070160412671524	ENSG00000276070.5	CCL4L2	True
ENST00000347758	24.56156	1.665947	1.6282471	-0.03769982	0.97621393	0.9965970572907765	-0.010454998601472096	ENSG00000092036.19	HAUS4	False
ENST00000395330	13.658508	1.6196903	1.5819728	-0.03771746	0.96042514	0.9936974392112409	-0.017536481104130575	ENSG00000240065.8	PSMB9	False
ENST00000644593	20.362001	1.7141978	1.6764121	-0.03778565	0.96485287	0.9945400115204679	-0.015538907206776306	ENSG00000165475.15	CRYL1	False
ENST00000380308	184.98341	5.234257	5.196261	-0.037996292	0.88920486	0.9766784675728976	-0.05099817243536076	ENSG00000169249.14	ZRSR2	False
ENST00000223321	28.057163	0.8920794	0.8540514	-0.038028	0.9735456	0.995925783110538	-0.011643696840203041	ENSG00000106588.12	PSMA2	False
ENST00000573029	194.19754	4.8957944	4.8577533	-0.038041115	0.9482214	0.9908790248931306	-0.02309025415228948	ENSG00000171490.13	RSL1D1	False
ENST00000545754	2194.0522	8.598561	8.560501	-0.03806019	0.9234542	0.9842542511459073	-0.03458462734351587	ENSG00000152601.18	MBNL1	False
ENST00000438083	24.992395	1.5943818	1.556249	-0.038132787	0.96363187	0.9942736251242537	-0.016088845841512284	ENSG00000134369.16	NAV1	False
ENST00000688933	391.9323	6.2457566	6.2075896	-0.038167	0.86499035	0.9705923451947363	-0.06298873578197563	ENSG00000092148.14	HECTD1	True
ENST00000338970	4504.695	9.691548	9.653318	-0.038229942	0.89033896	0.97688540448899	-0.05044462339518415	ENSG00000188846.14	RPL14	False
ENST00000415826	144.08754	4.423667	4.385401	-0.038266182	0.9423838	0.9894231031657322	-0.025772176329496813	ENSG00000176485.14	PLAAT3	False
ENST00000354300	358.51447	6.019085	5.9804335	-0.038651466	0.9312111	0.9862569881481195	-0.030951849393543816	ENSG00000196850.6	PPTC7	False
ENST00000503005	129.03358	4.103151	4.0644913	-0.038659573	0.93756455	0.9880227729262042	-0.027998821159096996	ENSG00000183718.6	TRIM52	False
ENST00000367282	876.07654	7.162086	7.1233587	-0.038727283	0.91416174	0.9818836633608401	-0.03897695817432187	ENSG00000170075.10	GPR37L1	False
ENST00000696609	5.507091	1.0539678	1.0149236	-0.03904426	0.9424052	0.9894231031657322	-0.025762315212540774	ENSG00000154380.19	ENAH	False
ENST00000600794	4958.7744	9.931944	9.892863	-0.03908062	0.7974308	0.9518645420234607	-0.09830698689151793	ENSG00000167658.16	EEF2	False
ENST00000689300	143.26566	4.4316373	4.3925304	-0.039106846	0.9515274	0.9912122253221287	-0.02157869371156521	ENSG00000108061.13	SHOC2	False
ENST00000437813	233.23083	5.4284706	5.389283	-0.03918743	0.9236038	0.9842542511459073	-0.03451430156627965	ENSG00000067182.9	TNFRSF1A	False
ENST00000295830	68.917984	3.20591	3.1667066	-0.039203405	0.9633829	0.9941997234701915	-0.016201066766925204	ENSG00000163584.18	RPL22L1	False
ENST00000395309	364.5443	3.507127	3.467629	-0.03949809	0.9871977	0.9982674958485671	-0.005595866388963381	ENSG00000126777.18	KTN1	False
ENST00000342624	24.9	1.7829479	1.7434349	-0.039512992	0.96522444	0.9946643816068332	-0.015371687865551518	ENSG00000125247.16	TMTC4	False
ENST00000619601	718.17175	7.110332	7.070805	-0.03952694	0.79303855	0.950311776772257	-0.10070570251911568	ENSG00000111640.15	GAPDH	True
ENST00000367833	347.225	6.045723	6.006113	-0.03960991	0.7765152	0.9442272701652389	-0.10985004662057872	ENSG00000143155.13	TIPRL	False
ENST00000675368	86.291695	4.090115	4.0502796	-0.039835453	0.89537203	0.9786202452457206	-0.04799647489750599	ENSG00000169562.13	GJB1	False
ENST00000261880	231.6	5.394463	5.354595	-0.039867878	0.9081039	0.9806801320236121	-0.04186446717412839	ENSG00000103591.13	AAGAB	False
ENST00000508784	271.1	5.7060704	5.6661825	-0.039887905	0.9042846	0.9799172804063941	-0.043694866855041016	ENSG00000151612.18	ZNF827	False
ENST00000343003	206.2658	5.270343	5.230217	-0.040125847	0.9152842	0.9821535348192515	-0.03844402675381276	ENSG00000182957.16	SPATA13	False
ENST00000605660	7.4	0.9485	0.908366	-0.040133953	0.9590999	0.993589312674561	-0.01813615936092288	ENSG00000196422.11	PPP1R26	False
ENST00000554357	196.60692	4.994515	4.9543705	-0.040144444	0.94501877	0.9906802672234423	-0.024559566207388455	ENSG00000100815.12	TRIP11	False
ENST00000566309	36.446037	2.3487666	2.3085675	-0.04019904	0.95185065	0.9912851696369995	-0.021431187958698597	ENSG00000103150.7	MLYCD	True
ENST00000446273	33.043945	2.1987622	2.158433	-0.040329218	0.95644414	0.9924542500426337	-0.019340387427345052	ENSG00000100354.22	TNRC6B	False
ENST00000640851	10.173762	1.5055856	1.464956	-0.040629506	0.9682614	0.995080599489752	-0.014007371770884023	ENSG00000243335.10	KCTD7	False
ENST00000529851	28.4	2.3404152	2.2997372	-0.040678024	0.967228	0.9949740196167494	-0.014471141768977559	ENSG00000169621.11	APLF	False
ENST00000256383	190.69334	5.2992334	5.2584376	-0.040795803	0.8627511	0.9700337015692152	-0.06411446508088223	ENSG00000134001.15	EIF2S1	False
ENST00000369683	20.2	1.7953366	1.7544845	-0.04085207	0.9555832	0.9921852324269093	-0.019731487429074802	ENSG00000108039.18	XPNPEP1	False
ENST00000273550	30626.006	12.522241	12.481375	-0.040865898	0.8686088	0.97134340028801	-0.061175788674337726	ENSG00000167996.16	FTH1	False
ENST00000381538	30.317266	2.4744756	2.4335794	-0.040896177	0.9531342	0.9914318518467449	-0.02084595649975528	ENSG00000170448.12	NFXL1	False
ENST00000250360	52.80066	3.3320916	3.290944	-0.04114747	0.9225647	0.9842542511459073	-0.03500317367471198	ENSG00000129450.9	SIGLEC9	False
ENST00000338148	289.06378	5.7486477	5.7074957	-0.041152	0.8944725	0.9781848697147891	-0.04843301680266185	ENSG00000185414.20	MRPL30	False
ENST00000644088	7.73179	0.84579563	0.8045182	-0.04127741	0.94516957	0.9906802672234423	-0.024490269938087925	ENSG00000198246.10	SLC29A3	False
ENST00000221804	167.1	4.475451	4.4341564	-0.041294575	0.9725287	0.99588157403409	-0.012097575239557349	ENSG00000105205.7	CLC	False
ENST00000296506	301.14645	5.7325954	5.691246	-0.04134941	0.8977349	0.9790856921506778	-0.046851900480433244	ENSG00000164106.8	SCRG1	True
ENST00000392869	272.97333	5.629101	5.587643	-0.041457653	0.8833543	0.9756353125630867	-0.05386506949841096	ENSG00000121964.15	GTDC1	False
ENST00000306103	59.2	3.4300592	3.3884628	-0.041596413	0.9401619	0.9884169279136201	-0.026797360015893168	ENSG00000169087.11	HSPBAP1	False
ENST00000366610	757.87	7.167864	7.126242	-0.041621685	0.88688767	0.9762529517548046	-0.05213138307484283	ENSG00000168264.11	IRF2BP2	False
ENST00000297423	100.327576	3.5893729	3.5477486	-0.041624308	0.95929796	0.993589312674561	-0.01804648132743765	ENSG00000164808.17	SPIDR	False
ENST00000647547	39.74062	2.0386908	1.9970281	-0.041662693	0.96809465	0.9949740196167494	-0.014082181296624799	ENSG00000115355.18	CCDC88A	True
ENST00000714287	115.10972	4.023476	3.9815905	-0.041885614	0.91756946	0.9827715568544004	-0.03736105046024454	ENSG00000138378.20	STAT4	False
ENST00000615430	23.466309	1.7778991	1.7358212	-0.0420779	0.96776503	0.9949740196167494	-0.014230073633728134	ENSG00000157322.18	CLEC18A	False
ENST00000395663	101.9905	2.4289873	2.3868732	-0.04211402	0.9832188	0.9971119503331424	-0.007349830767694217	ENSG00000124172.10	ATP5F1E	True
ENST00000314191	92.52832	3.1908	3.1486726	-0.04212737	0.9797477	0.9970080323781988	-0.008885741783087606	ENSG00000253729.9	PRKDC	False
ENST00000411482	105.120995	4.105407	4.0629625	-0.042444706	0.94912416	0.9910506596680162	-0.022676972652507742	ENSG00000135363.12	LMO2	False
ENST00000676279	174.95006	5.037599	4.9949827	-0.042616367	0.9354053	0.9873504547506677	-0.02900016722555824	ENSG00000118971.9	CCND2	False
ENST00000612232	90.52563	3.3559868	3.31327	-0.04271674	0.960935	0.993796795695502	-0.01730598961616937	ENSG00000134294.14	SLC38A2	False
ENST00000549939	23.864767	1.8604854	1.8177674	-0.042718053	0.961666	0.9938494377182787	-0.01697574373224146	ENSG00000170473.17	PYM1	True
ENST00000412770	157.5	5.033249	4.990514	-0.0427351	0.894346	0.9780997408714817	-0.04849443167010416	ENSG00000105063.19	PPP6R1	False
ENST00000487007	2250.2476	8.568562	8.525721	-0.042840958	0.89773005	0.9790856921506778	-0.046854236102138375	ENSG00000153551.14	CMTM7	True
ENST00000379485	325.71442	5.9355736	5.892295	-0.043278694	0.87985605	0.9747520106879182	-0.05558837534773715	ENSG00000165572.8	KBTBD6	False
ENST00000532414	11.4	1.4085704	1.3651836	-0.043386817	0.9436266	0.9900522030854614	-0.025199833234019538	ENSG00000254726.3	MEX3A	False
ENST00000371226	77.12401	3.5637894	3.5202866	-0.043502808	0.9466699	0.9908778616775317	-0.02380144209165582	ENSG00000162600.12	OMA1	False
ENST00000698793	283.80756	5.4501405	5.406379	-0.043761253	0.9294767	0.985911074098404	-0.031761502698605865	ENSG00000114416.19	FXR1	False
ENST00000310078	269.24713	5.56727	5.523467	-0.04380274	0.8927453	0.9774122552991641	-0.04927241974427714	ENSG00000173744.18	AGFG1	False
ENST00000556029	207.33853	5.377238	5.3332486	-0.04398918	0.8883461	0.9764766104725027	-0.051417811673931085	ENSG00000120802.14	TMPO	False
ENST00000346248	328.19504	5.781159	5.737113	-0.044045925	0.90650684	0.9799172804063941	-0.042628916327626214	ENSG00000182022.18	CHST15	False
ENST00000546815	285.59015	5.822687	5.778574	-0.04411316	0.8761983	0.973650680647956	-0.057397597850226995	ENSG00000075856.12	SART3	False
ENST00000537041	175.33095	5.164306	5.119611	-0.044695377	0.88651735	0.9762529517548046	-0.05231276242374276	ENSG00000112531.17	QKI	False
ENST00000529187	62.743855	3.4583852	3.4136527	-0.04473257	0.9255203	0.9849199869814509	-0.03361405075545482	ENSG00000181264.9	TLCD5	False
ENST00000258169	60.553223	3.222029	3.1772668	-0.044762135	0.95566493	0.9921852324269093	-0.019694349747463542	ENSG00000135698.10	MPHOSPH6	False
ENST00000469257	8494.908	10.675403	10.630604	-0.04479885	0.8782445	0.9745253108727094	-0.05638455178243411	ENSG00000173812.11	EIF1	False
ENST00000268182	1944.7156	8.4419365	8.396997	-0.04493904	0.88372606	0.9756673191917686	-0.053682337813021626	ENSG00000140575.13	IQGAP1	False
ENST00000683650	46.909035	2.9053657	2.8604093	-0.044956446	0.971318	0.9953225534281154	-0.012638560139080154	ENSG00000144426.19	NBEAL1	False
ENST00000705347	1119.6099	7.4805923	7.435608	-0.04498434	0.9206702	0.9840268355880356	-0.03589590840791672	ENSG00000170006.13	TMEM154	False
ENST00000711158	42.88339	3.1540434	3.109024	-0.04501939	0.9152574	0.9821535348192515	-0.038456753791185114	ENSG00000292348.1	CD99	False
ENST00000624481	42.88339	3.1540434	3.109024	-0.04501939	0.9152574	0.9821535348192515	-0.038456753791185114	ENSG00000002586.20	CD99	False
ENST00000290949	184.24933	5.026716	4.981049	-0.04566717	0.90643376	0.9799172804063941	-0.042663927068985114	ENSG00000159720.13	ATP6V0D1	False
ENST00000296420	38.036762	2.9726715	2.9268823	-0.04578924	0.89661545	0.9787719363421314	-0.047393783999011584	ENSG00000164035.10	EMCN	False
ENST00000376630	10669.717	10.984172	10.93827	-0.045902252	0.78336984	0.9465150449517197	-0.1060331533968891	ENSG00000204592.9	HLA-E	False
ENST00000615891	170.0963	5.024121	4.9779463	-0.046174526	0.90884566	0.9807640036804325	-0.0415098608568406	ENSG00000125843.11	AP5S1	False
ENST00000548861	55.112965	1.9723011	1.9258093	-0.04649186	0.9754565	0.9963659657143651	-0.010792103576327637	ENSG00000257411.2	ENSG00000257411	True
ENST00000682097	21.8584	1.6515073	1.6049021	-0.04660511	0.9521017	0.9913465378354436	-0.02131665599720102	ENSG00000136068.16	FLNB	False
ENST00000301585	27.6	2.514807	2.4682016	-0.04660535	0.9088771	0.9807640036804325	-0.04149485097109365	ENSG00000167862.10	MRPL58	False
ENST00000354232	191.72475	5.0041323	4.957524	-0.046608448	0.9121225	0.9813698161745982	-0.039946836781212455	ENSG00000105379.10	ETFB	False
ENST00000258538	17.215715	1.9281989	1.8815471	-0.04665184	0.9081654	0.9806801320236121	-0.04183505047955109	ENSG00000136052.10	SLC41A2	False
ENST00000678066	1549.0541	8.086434	8.039642	-0.04679203	0.8865742	0.9762529517548046	-0.05228490688100694	ENSG00000196531.14	NACA	False
ENST00000457482	96.88195	4.1119914	4.065172	-0.04681921	0.9244435	0.9846301454399408	-0.034119634659860024	ENSG00000196628.20	TCF4	False
ENST00000548602	17.7	1.7009726	1.6540767	-0.04689586	0.96242446	0.994023620687411	-0.01663334926237126	ENSG00000187778.14	MCRS1	False
ENST00000440692	83.330086	3.7205937	3.6736479	-0.04694581	0.94795847	0.9908778616775317	-0.02321068893774061	ENSG00000138326.21	RPS24	False
ENST00000461073	46.04339	3.4197512	3.3727317	-0.04701948	0.92121905	0.9840764564986135	-0.03563708937003743	ENSG00000204351.13	SKIC2	False
ENST00000317734	219.4198	5.416286	5.3689528	-0.04733324	0.8934406	0.9778540628421185	-0.04893431402716996	ENSG00000080189.15	SLC35C2	False
ENST00000435907	433.71942	6.1528726	6.105342	-0.04753065	0.8979023	0.9790856921506778	-0.04677091119638673	ENSG00000182022.18	CHST15	False
ENST00000699628	7.1619606	1.1573163	1.1094918	-0.047824502	0.95313865	0.9914318518467449	-0.0208439195954937	ENSG00000205111.10	CDKL4	False
ENST00000306200	54.4	3.303095	3.25518	-0.04791522	0.94195193	0.989333493140383	-0.025971259459047092	ENSG00000168818.10	STX18	False
ENST00000263245	164.00261	4.6828284	4.634872	-0.047956467	0.9081593	0.9806801320236121	-0.041837957854816164	ENSG00000242247.11	ARFGAP3	False
ENST00000246115	138.2	4.7067657	4.658694	-0.04807186	0.8923296	0.9774122552991641	-0.04947471336607941	ENSG00000125910.6	S1PR4	False
ENST00000595980	18.304663	1.5458673	1.4977753	-0.048092008	0.9547544	0.9918878004335824	-0.02010832595962864	ENSG00000131148.9	EMC8	False
ENST00000348403	57.191353	3.0330012	2.984875	-0.04812622	0.9690321	0.9951015096561824	-0.013661832405828161	ENSG00000165209.19	STRBP	False
ENST00000673477	51.399567	3.119664	3.0713227	-0.048341274	0.93167925	0.9864446161608946	-0.030733577396924897	ENSG00000160072.20	ATAD3B	False
ENST00000297135	32.29315	2.1951792	2.1466682	-0.04851103	0.976538	0.9967311503045664	-0.01031085124863237	ENSG00000164597.15	COG5	False
ENST00000253039	810.18274	7.278669	7.2301507	-0.04851818	0.75276875	0.9367761286654671	-0.12333841539171536	ENSG00000130741.11	EIF2S3	False
ENST00000340385	1475.9	8.172542	8.123986	-0.048555374	0.9416212	0.9892384294880157	-0.0261237794101545	ENSG00000117592.9	PRDX6	False
ENST00000552002	571.8991	6.5855374	6.5367327	-0.04880476	0.866449	0.9709615110022777	-0.06225699595419675	ENSG00000258289.10	CHURC1	False
ENST00000549115	571.8991	6.5855374	6.5367327	-0.04880476	0.866449	0.9709615110022777	-0.06225699595419675	ENSG00000258289.10	CHURC1	False
ENST00000371242	238.79936	5.515049	5.4661274	-0.048921585	0.8031833	0.9547237562702006	-0.09518532077921193	ENSG00000101146.13	RAE1	False
ENST00000679035	193.6054	4.481543	4.432496	-0.049046993	0.9503312	0.9910506596680162	-0.022125007258915055	ENSG00000082898.19	XPO1	False
ENST00000605140	3549.14	9.4775	9.428358	-0.049141884	0.8793677	0.9746803280472196	-0.05582948594302275	ENSG00000271503.7	CCL5	True
ENST00000618183	236.39114	5.0938883	5.0444775	-0.04941082	0.9465681	0.9908778616775317	-0.023848148565053025	ENSG00000122566.22	HNRNPA2B1	False
ENST00000271628	27.7	2.1585119	2.10895	-0.049561977	0.9511868	0.9912122253221287	-0.02173419611029009	ENSG00000143368.10	SF3B4	False
ENST00000367064	577.64154	6.6888275	6.639209	-0.04961872	0.87313473	0.9726684539396364	-0.05891873572587847	ENSG00000196352.18	CD55	False
ENST00000373387	6.8224897	0.5426626	0.4929957	-0.04966691	0.9368944	0.9879728986860528	-0.028309349113146674	ENSG00000136895.19	GARNL3	False
ENST00000220764	408.48056	6.3015656	6.251878	-0.049687862	0.9007902	0.9795933271878859	-0.045376340293553884	ENSG00000104325.7	DECR1	False
ENST00000538716	344.3687	5.96835	5.9186077	-0.04974222	0.8407382	0.9640760333298781	-0.07533923114349632	ENSG00000168591.16	TMUB2	False
ENST00000335765	95.0	4.258554	4.208659	-0.04989481	0.880269	0.9748224213325505	-0.0553845966528772	ENSG00000109103.12	UNC119	False
ENST00000380338	2160.5513	8.52019	8.470228	-0.049962044	0.95041543	0.9910506596680162	-0.02208652041124724	ENSG00000171843.17	MLLT3	False
ENST00000292211	605.6	6.8698277	6.8197904	-0.050037384	0.7913249	0.9498024925976432	-0.1016451610436177	ENSG00000160714.10	UBE2Q1	True
ENST00000403230	2983.452	9.0527115	9.002601	-0.050110817	0.842676	0.9643619989817128	-0.07433938320682064	ENSG00000100201.23	DDX17	False
ENST00000437089	52.8	3.3573372	3.3071942	-0.050143003	0.94587415	0.9908778616775317	-0.024166641201184936	ENSG00000234127.9	TRIM26	False
ENST00000382070	100.90889	3.5634477	3.5131106	-0.050337076	0.9814604	0.9970770151141867	-0.008127221969807787	ENSG00000005339.15	CREBBP	False
ENST00000698171	34.508816	2.916352	2.8658946	-0.050457478	0.9280311	0.9856693158213936	-0.032437475664302454	ENSG00000234719.9	NPIPB2	False
ENST00000290155	247.8475	5.5261292	5.475657	-0.05047226	0.846682	0.9652914146466268	-0.07227966679842085	ENSG00000159079.19	CFAP298	False
ENST00000545225	59.28788	3.6434288	3.592935	-0.050493717	0.93533903	0.9873345188441023	-0.02903094128276514	ENSG00000131467.12	PSME3	False
ENST00000698832	248.10103	5.0559316	5.0054274	-0.050504208	0.93933344	0.9884169279136201	-0.027180217150634255	ENSG00000269713.9	NBPF9	False
ENST00000422797	16.047874	1.9948926	1.9442599	-0.050632715	0.94433665	0.9903843846043101	-0.02487315361507473	ENSG00000169756.17	LIMS1	True
ENST00000277570	7.17844	1.3171679	1.2664406	-0.05072725	0.9282107	0.9857061144139414	-0.032353440896454165	ENSG00000148426.14	PROSER2	False
ENST00000370456	93.115326	4.263159	4.212369	-0.050789833	0.8972465	0.979053726529255	-0.04708823678379347	ENSG00000183347.15	GBP6	False
ENST00000333610	94.9497	3.4797218	3.4287553	-0.0509665	0.9543587	0.9918878004335824	-0.020288364476287613	ENSG00000183891.6	TTC32	True
ENST00000677325	1703.9905	8.143639	8.092649	-0.05098915	0.87238055	0.9724970867654965	-0.059294023390226776	ENSG00000181163.14	NPM1	True
ENST00000444152	40.99998	2.579876	2.5288439	-0.051032066	0.9634305	0.9941997234701915	-0.016179598275539785	ENSG00000198932.13	GPRASP1	False
ENST00000319778	1964.7556	8.230773	8.17967	-0.05110264	0.90330267	0.9799172804063941	-0.04416670629771519	ENSG00000120616.16	EPC1	False
ENST00000265896	11.339891	1.3594297	1.308243	-0.05118668	0.9438568	0.9901387459857425	-0.025093902117106374	ENSG00000104549.12	SQLE	False
ENST00000263776	43.5	3.0760336	3.024635	-0.051398516	0.85905683	0.9684663890382288	-0.06597810471891927	ENSG00000110455.14	ACCS	False
ENST00000519449	10.121748	1.2858835	1.2344362	-0.05144739	0.97312456	0.995925783110538	-0.011831564806191743	ENSG00000034677.13	RNF19A	False
ENST00000265044	832.6364	7.262877	7.2113123	-0.051564693	0.73509187	0.9332857513397641	-0.13365838336918873	ENSG00000114850.7	SSR3	False
ENST00000309594	318.81427	5.9062076	5.854459	-0.051748753	0.868751	0.97134340028801	-0.06110468777526344	ENSG00000173141.5	MRPL57	False
ENST00000519044	21.16343	2.0134528	1.9614365	-0.05201626	0.9365929	0.9879702851430281	-0.028449149490026245	ENSG00000155970.12	MICU3	False
ENST00000335727	88.639915	2.5321681	2.4801435	-0.052024603	0.9782762	0.9967857094374862	-0.009538515127035007	ENSG00000100354.22	TNRC6B	False
ENST00000642389	72.20398	3.9902542	3.9382086	-0.052045584	0.8853402	0.9762529517548046	-0.05288980888078345	ENSG00000204842.18	ATXN2	False
ENST00000355568	235.15378	5.1730638	5.1208935	-0.052170277	0.8674734	0.9710997026003259	-0.06174382168101768	ENSG00000197168.14	NEK5	False
ENST00000336349	257.1454	5.5811534	5.5288706	-0.05228281	0.8990472	0.9791940592384318	-0.04621750917234927	ENSG00000179119.15	SPTY2D1	False
ENST00000673657	22.496857	2.073103	2.0207891	-0.052313805	0.96078736	0.993754892065245	-0.017372720945568302	ENSG00000100503.27	NIN	False
ENST00000517575	78.118576	3.5396974	3.487307	-0.052390337	0.9502312	0.9910506596680162	-0.0221707165234531	ENSG00000234511.11	C5orf58	False
ENST00000378122	179.03171	4.8464246	4.79391	-0.052514553	0.8872562	0.9762529517548046	-0.05195095470404058	ENSG00000204961.7	PCDHA9	False
ENST00000361580	8.6956835	1.3156961	1.2631669	-0.052529216	0.9629822	0.9941551412400279	-0.01638175044892349	ENSG00000075945.13	KIFAP3	False
ENST00000481266	21.551205	1.3284221	1.2757722	-0.052649856	0.952788	0.9914318518467449	-0.02100372338833165	ENSG00000136861.19	CDK5RAP2	False
ENST00000494948	35.09176	2.244725	2.192072	-0.052653074	0.94776076	0.9908778616775317	-0.023301275935928782	ENSG00000142687.19	KIAA0319L	False
ENST00000370022	86.09857	3.8940048	3.841303	-0.05270171	0.9112518	0.9812113632165093	-0.04036160873441965	ENSG00000134186.12	PRPF38B	True
ENST00000393189	105.3	4.5452094	4.4922223	-0.0529871	0.90634316	0.9799172804063941	-0.042707337453769596	ENSG00000124772.12	CPNE5	False
ENST00000322342	497.77002	6.5661807	6.513098	-0.053082943	0.8551496	0.9674857380353281	-0.06795788950730766	ENSG00000180011.7	PTGR3	False
ENST00000542902	32.41992	2.2735853	2.2204564	-0.053128958	0.9415903	0.9892384294880157	-0.026138019904796986	ENSG00000135090.14	TAOK3	False
ENST00000381679	170.37921	3.8701427	3.8168364	-0.05330634	0.95647436	0.9924542500426337	-0.01932666579112796	ENSG00000159140.23	SON	False
ENST00000295952	52.84159	2.436015	2.3825154	-0.05349946	0.964663	0.9944714493369724	-0.015624365750493467	ENSG00000163681.17	SLMAP	False
ENST00000265085	619.7746	6.4880066	6.434504	-0.05350256	0.8989953	0.9791940592384318	-0.04624258831114965	ENSG00000113742.14	CPEB4	False
ENST00000621774	53.987244	3.109787	3.0561051	-0.05368185	0.95069	0.9910506596680162	-0.021961087312509814	ENSG00000103202.13	NME4	False
ENST00000549612	27.813839	2.39707	2.343351	-0.053719044	0.93797535	0.9880890675034657	-0.027808576103117433	ENSG00000123268.9	ATF1	True
ENST00000327441	81.50044	3.6126044	3.5588546	-0.0537498	0.9149589	0.9821535348192515	-0.03859841675344225	ENSG00000151338.21	MIPOL1	False
ENST00000686016	933.48376	7.2941537	7.2401485	-0.054005146	0.95037544	0.9910506596680162	-0.022104796472037377	ENSG00000125037.13	EMC3	False
ENST00000256151	334.5644	5.999708	5.945626	-0.054082394	0.87090236	0.9721273561975989	-0.06003053283803173	ENSG00000133773.12	CCDC59	False
ENST00000626119	14.5	1.5423317	1.4881682	-0.054163456	0.95922047	0.993589312674561	-0.018081562313280692	ENSG00000111652.10	COPS7A	True
ENST00000429490	71.919044	3.392379	3.3379602	-0.054418802	0.9260374	0.9850627629727291	-0.03337148657890025	ENSG00000198964.14	SGMS1	False
ENST00000585474	253.92021	5.5448556	5.490373	-0.05448246	0.89575297	0.9786202452457206	-0.047811744936076456	ENSG00000141759.15	TXNL4A	False
ENST00000399246	2930.8682	9.112359	9.057869	-0.05449009	0.95161754	0.9912122253221287	-0.021537562231783953	ENSG00000004939.16	SLC4A1	False
ENST00000644138	20.008125	2.0610156	2.0062802	-0.054735422	0.93951684	0.9884169279136201	-0.027095430059747454	ENSG00000168036.19	CTNNB1	False
ENST00000526018	14.663061	1.4564632	1.4016345	-0.054828763	0.94809794	0.9908778616775317	-0.02314679509413335	ENSG00000115523.17	GNLY	False
ENST00000674920	216.9	5.3426566	5.2878084	-0.054848194	0.76138467	0.9398714402171102	-0.11839587398001283	ENSG00000128272.18	ATF4	False
ENST00000508934	97.26309	3.6497376	3.5948079	-0.054929733	0.94608754	0.9908778616775317	-0.024068677519055125	ENSG00000170571.12	EMB	False
ENST00000378052	7.7	0.809433	0.7544307	-0.055002272	0.95153016	0.9912122253221287	-0.02157744229956559	ENSG00000204946.10	ZNF783	False
ENST00000369044	10.396631	1.5017189	1.4467092	-0.055009723	0.9452063	0.9906802672234423	-0.02447339947662239	ENSG00000130348.11	QRSL1	False
ENST00000435662	16.927017	1.831102	1.7760868	-0.055015206	0.9467143	0.9908778616775317	-0.02378107111061055	ENSG00000213397.12	HAUS7	False
ENST00000359530	75.45091	3.96957	3.914519	-0.05505085	0.91499627	0.9821535348192515	-0.038580678065097	ENSG00000047249.18	ATP6V1H	False
ENST00000651566	233.56631	5.512607	5.457403	-0.055203915	0.9295313	0.985911074098404	-0.03173599280562138	ENSG00000271383.9	NBPF19	False
ENST00000679799	104.25041	4.184757	4.129544	-0.05521345	0.8466743	0.9652914146466268	-0.07228361078805161	ENSG00000123607.16	TTC21B	False
ENST00000455343	816.86444	7.226666	7.171417	-0.055248737	0.87393326	0.9727556672489439	-0.058521734184834744	ENSG00000131051.24	RBM39	True
ENST00000533988	15.911392	1.245346	1.1900656	-0.055280328	0.95303446	0.9914318518467449	-0.020891395527699346	ENSG00000158636.17	EMSY	False
ENST00000551061	83.41736	4.0644736	4.009183	-0.0552907	0.9063099	0.9799172804063941	-0.04272327472340627	ENSG00000170515.14	PA2G4	False
ENST00000284320	128.4	4.383513	4.3280973	-0.05541563	0.91364384	0.9817102591587351	-0.03922307098564838	ENSG00000154174.8	TOMM70	False
ENST00000432750	87.21633	2.8969781	2.8412988	-0.05567932	0.969759	0.9951209388217147	-0.013336186802140932	ENSG00000137776.17	SLTM	False
ENST00000472487	42.57286	1.7160698	1.6603172	-0.055752635	0.9660215	0.994863108829913	-0.01501321752894549	ENSG00000162601.12	MYSM1	False
ENST00000468369	212.14798	5.310369	5.254509	-0.055860043	0.81162256	0.956660864285707	-0.09064588973396298	ENSG00000163848.21	ZNF148	True
ENST00000690568	49.3	3.0122201	2.9559734	-0.056246758	0.9042555	0.9799172804063941	-0.0437088365231744	ENSG00000255104.9	ZNF286A-TBC1D26	True
ENST00000644580	60.595276	3.5603426	3.5039153	-0.05642724	0.92982656	0.9859745741870203	-0.03159805368942913	ENSG00000204311.15	PJVK	False
ENST00000435103	13.458798	1.28677	1.2302725	-0.056497455	0.93265325	0.9865976644920984	-0.03027979284134334	ENSG00000101972.20	STAG2	False
ENST00000494309	14.411446	1.734642	1.6781085	-0.056533575	0.94627345	0.9908778616775317	-0.023983346722147587	ENSG00000122068.13	FYTTD1	False
ENST00000301838	161.3	4.8135743	4.75688	-0.056694508	0.8979425	0.9790856921506778	-0.046751480627869144	ENSG00000168040.5	FADD	False
ENST00000672937	761.0516	7.0373516	6.980406	-0.0569458	0.8307932	0.9617724706824102	-0.0805070657951557	ENSG00000123505.20	AMD1	False
ENST00000315576	733.4356	6.906077	6.8490624	-0.057014465	0.8857708	0.9762529517548046	-0.052678641723416325	ENSG00000127507.18	ADGRE2	False
ENST00000612946	32.093254	2.6642616	2.6072338	-0.057027817	0.90989214	0.9809269981133781	-0.04101008568885521	ENSG00000100154.15	TTC28	False
ENST00000314133	190.0	5.1789417	5.121832	-0.057109833	0.8376943	0.9632374861020546	-0.07691444624137617	ENSG00000176340.4	COX8A	False
ENST00000611976	1469.8105	7.8356	7.778451	-0.057148933	0.8786326	0.9745354193411873	-0.056192684587907875	ENSG00000163171.8	CDC42EP3	False
ENST00000244040	366.51154	6.025949	5.968604	-0.057344913	0.79121643	0.9498024925976432	-0.10170470130463154	ENSG00000124209.4	RAB22A	False
ENST00000616671	156.75992	4.805848	4.7484865	-0.057361603	0.9202215	0.9840132836101918	-0.036107620559574914	ENSG00000274933.6	TBC1D3I	False
ENST00000413432	63.279823	3.5409176	3.4833608	-0.057556868	0.8840306	0.9757721701424954	-0.05353271154614378	ENSG00000006607.14	FARP2	False
ENST00000300738	67.865555	3.0476434	2.9900408	-0.057602644	0.96626896	0.9949651161524435	-0.014901972822537116	ENSG00000167325.15	RRM1	False
ENST00000250896	306.29657	5.4921913	5.4345427	-0.05764866	0.915717	0.9823556595241376	-0.038238720479614186	ENSG00000099875.16	MKNK2	False
ENST00000564674	87.24435	4.0060534	3.948399	-0.05765438	0.9053001	0.9799172804063941	-0.04320744087918732	ENSG00000174485.16	DENND4A	False
ENST00000276602	160.02333	2.6217086	2.564018	-0.05769062	0.9767273	0.9967515548872825	-0.010226670328350378	ENSG00000147601.15	TERF1	False
ENST00000477127	8.308838	1.185059	1.1273527	-0.057706237	0.96734214	0.9949740196167494	-0.014419893557780134	ENSG00000163660.12	CCNL1	False
ENST00000611717	406.03638	6.1664786	6.108672	-0.05780649	0.86171705	0.9700337015692152	-0.06463531635043901	ENSG00000275052.5	PPP4R3B	False
ENST00000382743	260.26236	5.497579	5.439762	-0.057816982	0.88322645	0.9756353125630867	-0.05392793150097466	ENSG00000142082.15	SIRT3	False
ENST00000366962	238.38162	5.420025	5.362079	-0.05794573	0.8651416	0.9706390062635414	-0.06291281937250102	ENSG00000174606.14	ANGEL2	False
ENST00000295030	173.34526	4.9685893	4.9106355	-0.057953835	0.8053493	0.9552005372235465	-0.09401571965708548	ENSG00000162928.9	PEX13	False
ENST00000373457	283.94757	5.497638	5.439655	-0.0579834	0.8938314	0.9779700292791195	-0.04874440626466285	ENSG00000169155.10	ZBTB43	False
ENST00000295050	47.907356	2.8889287	2.8306808	-0.058247805	0.9218156	0.9842353161448519	-0.0353559586994695	ENSG00000010072.16	SPRTN	False
ENST00000497269	42.40189	2.7017663	2.6435072	-0.05825901	0.96040004	0.9936974392112409	-0.017547828302988972	ENSG00000204410.16	MSH5	False
ENST00000322652	741.0951	7.0479875	6.989723	-0.058264256	0.85477114	0.967461891822817	-0.06815015093250507	ENSG00000178691.11	SUZ12	False
ENST00000296257	241.55933	5.52997	5.471688	-0.058282375	0.81323636	0.9569372134995232	-0.0897832144383488	ENSG00000163904.13	SENP2	False
ENST00000309934	164.46033	5.0303164	4.97196	-0.058356285	0.77206993	0.9429448836126253	-0.11234336121207074	ENSG00000121542.12	SEC22A	False
ENST00000416258	11.479535	1.1523674	1.0939909	-0.05837643	0.94962	0.9910506596680162	-0.02245014338373971	ENSG00000185049.16	NELFA	False
ENST00000682614	90.31007	3.3043592	3.2458928	-0.058466434	0.9376363	0.9880227729262042	-0.027965580233911613	ENSG00000196267.14	ZNF836	False
ENST00000359856	3201.1274	9.133347	9.074735	-0.05861187	0.7868461	0.9480811921403106	-0.1041102027095899	ENSG00000162704.16	ARPC5	True
ENST00000710813	218.91031	5.4240603	5.365447	-0.0586133	0.9114963	0.9812113632165093	-0.04024509867498586	ENSG00000166508.19	MCM7	False
ENST00000257347	42.568188	3.3061736	3.2472854	-0.058888197	0.8041354	0.9551009493725148	-0.09467082838821937	ENSG00000134905.17	CARS2	False
ENST00000594182	244.4738	5.3850827	5.3261666	-0.058916092	0.90318817	0.9799172804063941	-0.0442217599344701	ENSG00000105373.19	NOP53	False
ENST00000409028	22.909157	1.8653878	1.8063056	-0.05908215	0.95007265	0.9910506596680162	-0.02224318564594096	ENSG00000071082.11	RPL31	False
ENST00000610189	116.37587	4.40761	4.348398	-0.05921173	0.8863272	0.9762529517548046	-0.05240591919727214	ENSG00000198522.14	GPN1	False
ENST00000557549	53.516224	2.7763364	2.717045	-0.059291363	0.94622934	0.9908778616775317	-0.024003590408673323	ENSG00000100461.18	RBM23	False
ENST00000588776	78.95479	3.9272242	3.8677897	-0.059434414	0.84397763	0.9646143871601687	-0.07366906431771544	ENSG00000105519.18	CAPS	False
ENST00000646045	5242.39	9.917329	9.857081	-0.06024742	0.8081883	0.9556108891518913	-0.0924874307319435	ENSG00000082074.19	FYB1	False
ENST00000301244	295.9	5.659237	5.598976	-0.060260773	0.8658295	0.9709615110022777	-0.06256760752874974	ENSG00000167642.13	SPINT2	False
ENST00000616793	123.08732	4.555207	4.4949436	-0.060263157	0.8983083	0.9790856921506778	-0.0465745986542882	ENSG00000176049.16	JAKMIP2	False
ENST00000296015	918.69794	7.285536	7.2252064	-0.060329437	0.8861897	0.9762529517548046	-0.05247330239551091	ENSG00000163728.11	TTC14	False
ENST00000233575	441.35263	6.346058	6.285688	-0.06036997	0.824307	0.9601797487709928	-0.08391099922286123	ENSG00000115234.11	SNX17	False
ENST00000528386	13.147919	1.6704797	1.6101058	-0.060373902	0.9319964	0.9864446161608946	-0.03058576279358559	ENSG00000255192.7	NANOGP8	True
ENST00000480696	58.8201	3.5090935	3.4486384	-0.060455084	0.8958114	0.9786202452457206	-0.04778342527339729	ENSG00000188687.18	SLC4A5	False
ENST00000319211	112.76719	4.3486843	4.288142	-0.060542107	0.72909504	0.9315637277152757	-0.1372158551964597	ENSG00000181104.7	F2R	False
ENST00000262094	47.9	3.1823075	3.1217513	-0.060556173	0.910835	0.9809818127110358	-0.04056027621015435	ENSG00000041353.10	RAB27B	False
ENST00000548898	2857.2437	8.960545	8.899811	-0.060733795	0.85004395	0.9659481202504552	-0.07055861802742401	ENSG00000135404.12	CD63	False
ENST00000256429	1099.8734	7.664596	7.603726	-0.06087017	0.83571887	0.9627594456463211	-0.0779397915445349	ENSG00000134046.12	MBD2	False
ENST00000229003	49.0	2.4906003	2.4296777	-0.060922623	0.9437355	0.990114801179288	-0.025149717079726512	ENSG00000111405.9	ENDOU	False
ENST00000331677	131.16864	4.107661	4.0464516	-0.0612092	0.9329506	0.9865976644920984	-0.0301413442676352	ENSG00000111817.19	DSE	False
ENST00000216144	80.827255	3.9156733	3.8541484	-0.061524868	0.8518748	0.966826986744672	-0.0696242143359644	ENSG00000100314.4	CABP7	False
ENST00000432534	365.53574	6.0561347	5.9945693	-0.0615654	0.85861045	0.9684663890382288	-0.06620382948319614	ENSG00000106066.15	CPVL	False
ENST00000438013	99.11165	4.1344543	4.0727596	-0.061694622	0.86449754	0.9705666349144022	-0.06323623701326622	ENSG00000178623.13	GPR35	False
ENST00000366932	208.52925	5.421129	5.359406	-0.061723232	0.8218692	0.9596230182737303	-0.08519729757429342	ENSG00000067533.6	RRP15	False
ENST00000300811	653.47107	6.853457	6.7916927	-0.06176424	0.7732813	0.9432727370709886	-0.11166250544351583	ENSG00000131116.12	ZNF428	True
ENST00000280571	740.0	7.022012	6.960241	-0.061771393	0.83873236	0.9638007869725905	-0.07637659976636782	ENSG00000150977.11	RILPL2	False
ENST00000531188	23.860504	2.352338	2.2904255	-0.061912537	0.9124614	0.981500115553232	-0.03978549849632027	ENSG00000149273.15	RPS3	False
ENST00000555209	82.39552	3.1184149	3.056499	-0.061915874	0.9636692	0.9942736251242537	-0.016072029977506088	ENSG00000100461.18	RBM23	False
ENST00000402868	190.30952	4.9932027	4.931036	-0.06216669	0.9212894	0.9840764564986135	-0.03560393300336888	ENSG00000183955.14	KMT5A	False
ENST00000338910	101.24049	4.0870404	4.0247917	-0.062248707	0.92702144	0.9851102616776123	-0.032910219646940964	ENSG00000121390.19	PSPC1	False
ENST00000335953	501.63702	6.2788525	6.2166014	-0.06225109	0.9284442	0.9857458949913527	-0.03224418933292535	ENSG00000109906.15	ZBTB16	False
ENST00000522147	49.53003	3.4171126	3.3547997	-0.06231284	0.91295826	0.9815863289187564	-0.039549075670961734	ENSG00000104365.16	IKBKB	True
ENST00000324048	70.5327	3.5569775	3.4942963	-0.0626812	0.9342943	0.98706867455622	-0.029516308435614143	ENSG00000143373.18	ZNF687	False
ENST00000497454	116.1	4.3118415	4.249134	-0.062707424	0.81329703	0.9569372134995232	-0.0897508118870818	ENSG00000237441.10	RGL2	False
ENST00000393436	287.94385	5.3819795	5.3192587	-0.062720776	0.9247592	0.9846904239306189	-0.033971335096931427	ENSG00000127314.18	RAP1B	False
ENST00000504123	961.7048	7.4487023	7.385958	-0.06274414	0.85320216	0.9670574250954352	-0.06894805162010703	ENSG00000138767.14	CNOT6L	False
ENST00000532263	22.310455	1.8945643	1.8317549	-0.06280935	0.955745	0.9921852324269093	-0.01965797360939621	ENSG00000100453.14	GZMB	False
ENST00000453259	19.078072	2.0012927	1.9384733	-0.06281936	0.9349668	0.9872339199749246	-0.02920380913269085	ENSG00000176018.13	LYSMD3	False
ENST00000434248	259.18054	5.4703617	5.4075284	-0.06283331	0.8816535	0.9751666532336161	-0.054702070147641425	ENSG00000128000.17	ZNF780B	False
ENST00000492345	116.77439	3.250521	3.1874607	-0.06306028	0.96711755	0.9949740196167494	-0.014520736526766708	ENSG00000078699.22	CBFA2T2	False
ENST00000396070	80.73529	3.1658087	3.1027474	-0.06306124	0.9515506	0.9912122253221287	-0.02156811123247202	ENSG00000156482.11	RPL30	False
ENST00000376395	139.73943	4.7523947	4.689296	-0.06309891	0.87891334	0.9746317798058651	-0.05605394236956739	ENSG00000135018.14	UBQLN1	False
ENST00000264235	64.06293	3.325507	3.2622733	-0.063233614	0.96301055	0.9941551412400279	-0.016368955259463504	ENSG00000082701.17	GSK3B	False
ENST00000650396	24.53888	2.5243788	2.4610424	-0.06333637	0.90486556	0.9799172804063941	-0.043415939712813635	ENSG00000107815.10	TWNK	False
ENST00000304698	11.239397	1.5494472	1.486014	-0.06343317	0.9001608	0.9795430635977802	-0.0456799086149532	ENSG00000144369.14	FAM171B	False
ENST00000598309	23.761133	1.7758268	1.7123659	-0.063460946	0.92685646	0.9851102616776123	-0.032987519624922565	ENSG00000130307.12	USHBP1	False
ENST00000473282	18.427422	1.3325258	1.2689435	-0.0635823	0.9470941	0.9908778616775317	-0.023606876724929858	ENSG00000136861.19	CDK5RAP2	False
ENST00000473392	60.8	3.523366	3.4597707	-0.063595295	0.845182	0.9647409632698007	-0.07304975995509752	ENSG00000122254.7	HS3ST2	False
ENST00000547276	135.81754	3.6421654	3.5784311	-0.06373429	0.97184813	0.9956628406361802	-0.012401596553093032	ENSG00000135486.19	HNRNPA1	False
ENST00000370562	19.071535	1.7154557	1.6516597	-0.063795924	0.9477122	0.9908778616775317	-0.02332353641108465	ENSG00000171858.18	RPS21	True
ENST00000311549	764.513	5.589811	5.525812	-0.0639987	0.9676984	0.9949740196167494	-0.01425997914593678	ENSG00000122026.11	RPL21	False
ENST00000310613	728.7751	6.878712	6.814637	-0.06407499	0.8160578	0.9578009348644966	-0.08827907914634614	ENSG00000173597.9	SULT1B1	False
ENST00000307145	203.01968	5.268583	5.2044473	-0.06413555	0.8174371	0.9580175559429005	-0.08754564884261747	ENSG00000169926.11	KLF13	False
ENST00000588162	216.82674	5.364924	5.30078	-0.064144135	0.8817916	0.9751669756160649	-0.05463404672074	ENSG00000141759.15	TXNL4A	True
ENST00000486474	10.0242405	1.5768169	1.5126207	-0.06419623	0.95262855	0.9914318518467449	-0.021076405622025732	ENSG00000198482.14	ZNF808	True
ENST00000667201	4.182978	0.81283283	0.74846333	-0.0643695	0.92699426	0.9851102616776123	-0.03292295308981831	ENSG00000169432.19	SCN9A	False
ENST00000504688	70.51806	3.601669	3.5372858	-0.06438327	0.91592747	0.9824675387389527	-0.0381389157895982	ENSG00000122203.15	KIAA1191	True
ENST00000542579	1163.4733	7.580691	7.5162477	-0.06444311	0.8819306	0.9751814020114596	-0.05456559367423341	ENSG00000048740.19	CELF2	False
ENST00000265138	469.4	6.118219	6.053552	-0.06466675	0.9166945	0.9826089672986127	-0.037775363952605535	ENSG00000113369.9	ARRDC3	False
ENST00000376495	74.4	3.5822449	3.5173879	-0.064857006	0.8872688	0.9762529517548046	-0.05194479875880816	ENSG00000165312.7	OTUD1	False
ENST00000592205	19.83643	2.2359731	2.1710818	-0.06489134	0.8988085	0.9791452810995616	-0.04633283912365381	ENSG00000172232.10	AZU1	False
ENST00000356357	18.136553	1.7763761	1.7114631	-0.064913034	0.94602853	0.9908778616775317	-0.02409576582410783	ENSG00000119682.18	AREL1	False
ENST00000490591	40.357155	2.7040126	2.639056	-0.064956665	0.90631974	0.9799172804063941	-0.04271856202901064	ENSG00000081721.12	DUSP12	True
ENST00000393028	9.6	1.4014217	1.3364313	-0.0649904	0.8987791	0.9791452810995616	-0.04634703791159794	ENSG00000123159.16	GIPC1	False
ENST00000370366	149.90045	4.671618	4.6065435	-0.065074444	0.9047311	0.9799172804063941	-0.043480483095330584	ENSG00000101191.17	DIDO1	False
ENST00000458420	22.65103	1.8910618	1.8258762	-0.06518555	0.9329786	0.9865976644920984	-0.030128331427455985	ENSG00000158258.16	CLSTN2	False
ENST00000706829	38.56527	2.6671906	2.6019878	-0.06520271	0.91330355	0.9815902128217565	-0.03938485232164436	ENSG00000126001.17	CEP250	False
ENST00000519332	12.508294	1.0592271	0.9939283	-0.065298796	0.9302045	0.9859745741870203	-0.03142155886610861	ENSG00000105483.18	CARD8	True
ENST00000310331	33.7	2.9282494	2.8629475	-0.065301895	0.86946744	0.9716324955986775	-0.0607466782730428	ENSG00000243056.2	EIF4EBP3	False
ENST00000313543	2087.5	8.484774	8.419395	-0.06537819	0.85639566	0.967743812755714	-0.06732554133985137	ENSG00000179144.5	GIMAP7	False
ENST00000361970	89.04853	4.093345	4.027958	-0.06538725	0.89409554	0.9780145285082213	-0.04861607147463636	ENSG00000198865.10	CCDC152	False
ENST00000303545	159.1	4.7765517	4.711158	-0.065393925	0.8227976	0.9596230182737303	-0.08470698563071663	ENSG00000170881.5	RNF139	False
ENST00000344691	62.647564	2.862344	2.7969458	-0.065398216	0.956976	0.9925621377843229	-0.01909895534835177	ENSG00000159216.20	RUNX1	False
ENST00000381410	447.0	6.059236	5.9937305	-0.065505505	0.8554647	0.9675263843306977	-0.06779790811558532	ENSG00000178996.14	SNX18	False
ENST00000529983	126.341125	4.3098545	4.244239	-0.065615654	0.90699583	0.9801944732038228	-0.04239470824748426	ENSG00000257594.4	GALNT4	False
ENST00000392161	579.26733	6.5522914	6.4866734	-0.06561804	0.84538805	0.9647409632698007	-0.07294389295172711	ENSG00000181007.9	ZFP82	False
ENST00000694907	506.77652	6.37397	6.308316	-0.0656538	0.8087007	0.9558782084971594	-0.09221219131705469	ENSG00000124383.11	MPHOSPH10	True
ENST00000308275	447.92148	6.362168	6.2963357	-0.06583214	0.81380165	0.9569372134995232	-0.08948143595113717	ENSG00000167196.14	FBXO22	False
ENST00000585201	42.958122	2.721318	2.6552453	-0.0660727	0.94324106	0.9899059446914847	-0.025377302433948985	ENSG00000197971.16	MBP	False
ENST00000272249	22.693684	2.0322297	1.9661136	-0.066116095	0.94982237	0.9910506596680162	-0.022357607949177304	ENSG00000143889.16	HNRNPLL	False
ENST00000614887	321.52213	5.8733335	5.8071833	-0.06615019	0.79574525	0.9512430531498312	-0.09922594316574299	ENSG00000267041.6	ZNF850	False
ENST00000374257	1379.5352	7.911783	7.845605	-0.06617832	0.7708663	0.9426301048560082	-0.1130209541654852	ENSG00000119314.16	PTBP3	False
ENST00000264010	108.28231	3.374736	3.308517	-0.06621909	0.96730584	0.9949740196167494	-0.014436190636002474	ENSG00000102974.16	CTCF	False
ENST00000646673	1009.3724	7.4228034	7.3564415	-0.066361904	0.84489304	0.9647067702622658	-0.07319826836175013	ENSG00000101347.11	SAMHD1	False
ENST00000371581	43.73611	3.1034987	3.0370214	-0.0664773	0.8666572	0.9709615110022777	-0.06215265187188331	ENSG00000119912.18	IDE	False
ENST00000562001	173.69775	4.8133836	4.7468586	-0.06652498	0.8735484	0.9726684539396364	-0.058713033132912755	ENSG00000184207.9	PGP	True
ENST00000357901	41.24368	2.2851408	2.2185698	-0.066571	0.9301895	0.9859745741870203	-0.03142857164298673	ENSG00000197044.11	ZNF441	False
ENST00000375957	64.191666	2.6580913	2.591446	-0.066645384	0.97070044	0.9952953018106013	-0.012914772269730285	ENSG00000083223.18	TUT7	False
ENST00000650309	275.9791	5.521309	5.4545965	-0.06671238	0.8268721	0.9610679770822318	-0.08256165617537715	ENSG00000131174.7	COX7B	True
ENST00000398752	4530.673	9.723285	9.656569	-0.066716194	0.7877271	0.9486049675655936	-0.10362420366792059	ENSG00000152234.16	ATP5F1A	False
ENST00000482713	358.7426	6.042626	5.9758086	-0.06681728	0.8314894	0.9617724706824102	-0.08014329115153696	ENSG00000038219.13	BOD1L1	False
ENST00000261191	12.21378	0.75313836	0.68630856	-0.0668298	0.9398322	0.9884169279136201	-0.026949674635054835	ENSG00000064102.15	INTS13	False
ENST00000673841	103.129074	3.7238338	3.656982	-0.066851854	0.9704167	0.9952953018106013	-0.013041727213155385	ENSG00000115415.21	STAT1	False
ENST00000514711	524.64417	6.344415	6.2774525	-0.06696272	0.8912909	0.9771611911582333	-0.0499805260553288	ENSG00000163625.17	WDFY3	False
ENST00000517845	15.5	0.9993653	0.9322846	-0.067080736	0.9545807	0.9918878004335824	-0.020187339549709377	ENSG00000164961.16	WASHC5	False
ENST00000368873	170.94527	5.0374804	4.970219	-0.06726122	0.8700164	0.971839678080249	-0.06047256273187778	ENSG00000143393.17	PI4KB	False
ENST00000698221	71.33485	3.1063936	3.0390058	-0.06738782	0.96202016	0.9939261226276797	-0.016815827390621207	ENSG00000101109.13	STK4	False
ENST00000375747	847.0607	7.220983	7.153553	-0.06743002	0.8453103	0.9647409632698007	-0.07298385417741893	ENSG00000165025.15	SYK	False
ENST00000643088	105.24507	3.7871234	3.7196622	-0.06746125	0.9621493	0.9939664748321452	-0.016757521826587254	ENSG00000103197.20	TSC2	False
ENST00000394065	29.2	1.8564285	1.7889638	-0.06746471	0.9374921	0.9880227729262042	-0.028032395971809433	ENSG00000174996.12	KLC2	False
ENST00000684547	6.5243254	1.0301594	0.96268135	-0.067478	0.9322296	0.9865205011628735	-0.03047712155642595	ENSG00000198879.13	SFMBT2	False
ENST00000650617	148.21419	4.896807	4.8292546	-0.06755257	0.906165	0.9799172804063941	-0.0427927143486397	ENSG00000144659.13	SLC25A38	False
ENST00000593918	37.12391	2.5404859	2.4729276	-0.06755829	0.93520516	0.9873345188441023	-0.0290931048874529	ENSG00000203326.12	ZNF525	True
ENST00000295083	152.74423	4.443258	4.375686	-0.06757164	0.92896885	0.985911074098404	-0.03199884993596503	ENSG00000162976.13	SLC66A3	False
ENST00000250377	182.3726	4.638078	4.570453	-0.067625046	0.969697	0.9951209388217147	-0.013363948614997534	ENSG00000100890.16	PRORP	False
ENST00000495071	128.43808	3.5954483	3.5277362	-0.06771207	0.96634865	0.9949676143704436	-0.014866156591140845	ENSG00000102710.21	SUPT20H	False
ENST00000263697	1002.3615	7.556553	7.488653	-0.067899704	0.80666476	0.9552005372235465	-0.09330691262675536	ENSG00000126698.11	DNAJC8	False
ENST00000295326	15.744997	1.5290989	1.4611585	-0.067940354	0.9273887	0.9852153476557906	-0.03273818722246974	ENSG00000163170.12	BOLA3	False
ENST00000428808	248.88542	5.5502563	5.482048	-0.06820822	0.8762546	0.973650680647956	-0.05736968013565259	ENSG00000112983.18	BRD8	False
ENST00000401506	19.85372	1.8550323	1.7865261	-0.06850624	0.9410131	0.9889998249273535	-0.026404331677274778	ENSG00000213626.13	LBH	False
ENST00000685551	157.1	5.007527	4.9389043	-0.06862259	0.8496498	0.9659481202504552	-0.0707600471526963	ENSG00000124181.15	PLCG1	False
ENST00000545841	24.337963	2.0078776	1.9392073	-0.06867027	0.92700374	0.9851102616776123	-0.03291851309694752	ENSG00000137094.16	DNAJB5	False
ENST00000447944	286.528	5.637129	5.5684137	-0.068715096	0.7921296	0.9502251718469603	-0.10120377089985771	ENSG00000138035.15	PNPT1	False
ENST00000525785	99.45418	2.9722145	2.903391	-0.068823576	0.9625578	0.99404494481921	-0.016573185682955092	ENSG00000150776.18	NKAPD1	False
ENST00000303115	4727.438	9.785566	9.716661	-0.06890488	0.865853	0.9709615110022777	-0.0625558281508444	ENSG00000168685.15	IL7R	False
ENST00000542957	5224.514	9.847709	9.778715	-0.06899357	0.84926033	0.9659481202504552	-0.0709591617712624	ENSG00000067082.15	KLF6	False
ENST00000225235	67.1	3.298686	3.229548	-0.06913805	0.9349881	0.9872339199749246	-0.029193925160868772	ENSG00000108239.9	TBC1D12	False
ENST00000336787	1106.922	7.6811423	7.611917	-0.06922531	0.7954648	0.9512277697385503	-0.0993790260109561	ENSG00000069974.17	RAB27A	False
ENST00000334554	85.0	4.0221925	3.9523935	-0.06979895	0.80063903	0.9532771438730758	-0.09656324068457876	ENSG00000099904.16	ZDHHC8	False
ENST00000297632	303.60718	5.754229	5.6843824	-0.06984663	0.84209627	0.9642726325144354	-0.07463825676362323	ENSG00000164983.9	TMEM65	False
ENST00000231751	206.1	4.929203	4.8592377	-0.06996536	0.9549051	0.9918878004335824	-0.020039790466379062	ENSG00000012223.13	LTF	False
ENST00000380405	9.668261	0.85002404	0.77998674	-0.070037305	0.9437965	0.9901271806561	-0.025121630423044584	ENSG00000120694.20	HSPH1	False
ENST00000594068	18.864855	1.7778431	1.7077342	-0.07010889	0.90206516	0.9798776970139408	-0.04476209140462719	ENSG00000130475.16	FCHO1	False
ENST00000409552	8.299585	1.2879382	1.2177719	-0.07016635	0.9374099	0.9880227729262042	-0.028070474496749608	ENSG00000038532.17	CLEC16A	False
ENST00000578339	246.0717	5.5117316	5.441505	-0.07022667	0.8865043	0.9762529517548046	-0.052319157187280675	ENSG00000198783.6	ZNF830	False
ENST00000644608	11.692153	1.5040002	1.4337437	-0.07025647	0.92694265	0.9851102616776123	-0.03294713648941935	ENSG00000100983.12	GSS	True
ENST00000392245	224.13467	5.0034976	4.9330683	-0.070429325	0.9013472	0.9796827936525487	-0.04510787643831039	ENSG00000116030.17	SUMO1	True
ENST00000322753	202.88423	4.0346	3.9641504	-0.07044935	0.96763337	0.9949740196167494	-0.014289164417430342	ENSG00000173436.15	MICOS10	False
ENST00000246104	46.9	2.238585	2.1679726	-0.07061243	0.9342465	0.98706867455622	-0.02953852956881088	ENSG00000215397.4	SCRT2	False
ENST00000520064	22.634638	2.103918	2.0331595	-0.07075858	0.90624297	0.9799172804063941	-0.04275535096562861	ENSG00000161813.23	LARP4	False
ENST00000344785	480.70898	6.4140515	6.343199	-0.07085276	0.92238796	0.9842542511459073	-0.03508637569792205	ENSG00000132819.17	RBM38	False
ENST00000369143	33.39873	2.5606072	2.4896936	-0.07091355	0.9382867	0.9881861978180526	-0.027664429608865174	ENSG00000112249.14	ASCC3	False
ENST00000529006	986.871	7.4537997	7.382818	-0.0709815	0.8760851	0.973643073359719	-0.057453704589662244	ENSG00000173120.15	KDM2A	False
ENST00000642675	33.621483	1.3118589	1.2407303	-0.07112861	0.9547747	0.9918878004335824	-0.020099107740041255	ENSG00000168724.18	DNAJC21	False
ENST00000258111	58.56614	3.3484745	3.2772963	-0.0711782	0.9052554	0.9799172804063941	-0.043228886757753195	ENSG00000135643.5	KCNMB4	True
ENST00000715566	139.81712	4.69612	4.6248016	-0.07131815	0.8122256	0.9567191578386287	-0.09032333696925567	ENSG00000182150.20	ERCC6L2	False
ENST00000653738	139.81712	4.69612	4.6248016	-0.07131815	0.8122256	0.9567191578386287	-0.09032333696925567	ENSG00000182150.20	ERCC6L2	False
ENST00000695604	41.80128	2.2704778	2.1990545	-0.07142329	0.9641005	0.994412507278134	-0.015877700879278426	ENSG00000004455.18	AK2	False
ENST00000620541	43.884804	2.64315	2.5716758	-0.071474314	0.9487824	0.9909636309439858	-0.022833387250055546	ENSG00000100599.16	RIN3	False
ENST00000533727	9.0	0.96915275	0.897538	-0.07161474	0.9318539	0.9864446161608946	-0.030652177301795737	ENSG00000110497.15	AMBRA1	False
ENST00000639617	101.17424	4.040046	3.9684052	-0.07164097	0.8696445	0.9716941521742408	-0.06065823403952417	ENSG00000175182.15	FAM131A	False
ENST00000398253	91.87548	4.240164	4.168367	-0.071796894	0.82824486	0.9615520282852059	-0.08184124803260809	ENSG00000184939.16	ZFP90	False
ENST00000233027	42.50337	2.7595422	2.6877239	-0.07181835	0.92631096	0.985094240973058	-0.03324319904929462	ENSG00000114904.13	NEK4	False
ENST00000713659	14.005121	1.4119558	1.3398159	-0.07213998	0.9091759	0.980874875715565	-0.04135209785651328	ENSG00000123191.18	ATP7B	False
ENST00000345317	1496.8861	8.06425	7.9919357	-0.07231426	0.79574907	0.9512430531498312	-0.0992238612205549	ENSG00000005020.13	SKAP2	False
ENST00000318779	8.174953	1.0591794	0.98683393	-0.072345495	0.8939326	0.9780145285082213	-0.04869523380632079	ENSG00000114861.24	FOXP1	True
ENST00000263904	221.04985	5.310034	5.2376547	-0.07237911	0.8649764	0.9705923451947363	-0.06299573859466383	ENSG00000115145.10	STAM2	False
ENST00000376387	908.5	7.137682	7.065263	-0.07241917	0.8240515	0.9601797487709928	-0.08404564607969353	ENSG00000125304.10	TM9SF2	False
ENST00000469930	12.525634	1.3307033	1.2580018	-0.072701454	0.91710985	0.9827239322494694	-0.03757864348077998	ENSG00000157764.14	BRAF	False
ENST00000705586	17.888294	2.0536406	1.9809258	-0.072714806	0.85204333	0.966826986744672	-0.0695383186228431	ENSG00000144815.18	NXPE3	False
ENST00000425534	161.79515	4.7924705	4.719722	-0.07274866	0.89008915	0.97688540448899	-0.050566490819366434	ENSG00000163412.13	EIF4E3	False
ENST00000355824	16.89398	1.306037	1.2332394	-0.07279754	0.9300499	0.9859745741870203	-0.03149375135949139	ENSG00000173258.13	ZNF483	False
ENST00000421351	27.8	2.1521432	2.0793066	-0.07283664	0.9223711	0.9842542511459073	-0.03509431790484284	ENSG00000112378.12	PERP	False
ENST00000674388	51.565594	2.6154187	2.5425286	-0.07289004	0.9337682	0.9868165798799684	-0.02976091434458563	ENSG00000151490.15	PTPRO	False
ENST00000409481	5.7	0.565934	0.4929957	-0.07293829	0.9026092	0.9799172804063941	-0.04450023017613676	ENSG00000166762.19	CATSPER2	True
ENST00000587682	21.08188	0.9447448	0.8717514	-0.0729934	0.9474348	0.9908778616775317	-0.023450675149760267	ENSG00000159905.15	ZNF221	False
ENST00000502547	8.581341	1.073906	1.0008516	-0.07305431	0.8893612	0.9766848944208932	-0.05092182003382072	ENSG00000185324.22	CDK10	True
ENST00000401950	541.81665	3.5935612	3.5204945	-0.07306671	0.9783735	0.9967857094374862	-0.009495306794079176	ENSG00000100330.16	MTMR3	False
ENST00000397053	75.252686	3.1795332	3.1063404	-0.073192835	0.9577484	0.9929752700469073	-0.018748558936209712	ENSG00000151461.20	UPF2	False
ENST00000448331	42.30158	2.2141218	2.1409287	-0.07319307	0.9233916	0.9842542511459073	-0.03461408963282388	ENSG00000266302.6	ENSG00000266302	False
ENST00000464597	18.105862	1.5653728	1.4921606	-0.073212266	0.94937444	0.9910506596680162	-0.022562466187332906	ENSG00000123200.17	ZC3H13	False
ENST00000361272	664.6663	6.878844	6.8054476	-0.073396206	0.8264745	0.9607849531666007	-0.08277054800507226	ENSG00000198791.12	CNOT7	False
ENST00000328649	599.8	6.855101	6.781612	-0.07348919	0.72927564	0.931628570694152	-0.1371082906585935	ENSG00000185043.13	CIB1	False
ENST00000599218	388.49323	5.8482394	5.7745886	-0.07365084	0.86633646	0.9709615110022777	-0.06231340537047403	ENSG00000012211.13	PRICKLE3	False
ENST00000010404	55.69999	2.7768574	2.703189	-0.07366848	0.9508451	0.9910506596680162	-0.021890217018386598	ENSG00000008394.13	MGST1	True
ENST00000473989	260.85132	5.655321	5.5816145	-0.07370663	0.7731903	0.9432727370709886	-0.11171359204324743	ENSG00000157741.15	UBN2	False
ENST00000560965	7.9818816	0.79691553	0.7231973	-0.07371825	0.9359449	0.9876089955392044	-0.028749710978398457	ENSG00000187446.12	CHP1	False
ENST00000318129	10.7	1.2820528	1.2082456	-0.07380712	0.9226826	0.9842542511459073	-0.034947677106550876	ENSG00000181938.14	GINS3	False
ENST00000284509	12.4953985	1.3126653	1.2387896	-0.073875785	0.9020612	0.9798776970139408	-0.04476398536718592	ENSG00000104043.15	ATP8B4	False
ENST00000433118	9.062112	1.0203537	0.9464657	-0.073888004	0.9278671	0.9855494466528351	-0.032514217264657704	ENSG00000136699.20	SMPD4	True
ENST00000377694	220.23047	5.107102	5.0330234	-0.07407856	0.8741812	0.9727642839529599	-0.058398532150878715	ENSG00000137142.5	IGFBPL1	False
ENST00000445470	53.56941	3.0151036	2.9409986	-0.074105024	0.90636975	0.9799172804063941	-0.042694599483159124	ENSG00000128510.12	CPA4	False
ENST00000358309	31.61792	1.3947517	1.3204855	-0.074266195	0.9643301	0.9944714493369724	-0.01577428751023423	ENSG00000168329.14	CX3CR1	False
ENST00000453258	353.06543	5.7424865	5.6682167	-0.07426977	0.9048271	0.9799172804063941	-0.043434391961360425	ENSG00000138185.20	ENTPD1	False
ENST00000418063	22.58733	1.9355053	1.8611372	-0.07436812	0.91656744	0.9825950872097442	-0.0378355723522262	ENSG00000213988.11	ZNF90	False
ENST00000674178	8.521709	0.8884253	0.8139596	-0.07446569	0.94269615	0.989641165343793	-0.02562826468999743	ENSG00000130119.17	GNL3L	False
ENST00000355524	476.22174	6.385549	6.310899	-0.07465029	0.78877836	0.9488973448629912	-0.10304501013372099	ENSG00000186431.19	FCAR	False
ENST00000480733	327.9546	5.9182887	5.8435545	-0.07473421	0.80108625	0.9535273410188054	-0.09632072415848564	ENSG00000118007.13	STAG1	False
ENST00000470472	994.973	7.6318054	7.556983	-0.074822426	0.88575643	0.9762529517548046	-0.05268568481963006	ENSG00000116560.12	SFPQ	False
ENST00000263856	1863.1107	8.333904	8.2589	-0.07500458	0.72244877	0.9285724587061361	-0.14119294626259912	ENSG00000115561.16	CHMP3	False
ENST00000642449	9.606863	1.3571405	1.2821207	-0.07501984	0.90468925	0.9799172804063941	-0.04350056903035734	ENSG00000101425.14	BPI	False
ENST00000398970	364.4001	6.017631	5.9425507	-0.075080395	0.7774817	0.9443355109842944	-0.10930983828297393	ENSG00000167193.8	CRK	False
ENST00000688248	36.633133	2.794115	2.719016	-0.07509899	0.9251131	0.9847567265326003	-0.03380517768537247	ENSG00000138688.17	BLTP1	False
ENST00000704027	72.89351	3.055069	2.979917	-0.07515192	0.9443864	0.9903843846043101	-0.024850265364451535	ENSG00000087074.9	PPP1R15A	False
ENST00000376096	141.55527	4.2377853	4.162528	-0.0752573	0.952483	0.9913789709250717	-0.021142767651820885	ENSG00000204482.11	LST1	False
ENST00000690268	469.73724	6.304741	6.2292767	-0.07546425	0.8161936	0.9578009348644966	-0.08820682528076171	ENSG00000026103.25	FAS	False
ENST00000676428	26.945318	2.5544047	2.4788203	-0.07558441	0.8838672	0.9757668794601907	-0.05361298025849307	ENSG00000076685.19	NT5C2	False
ENST00000292433	189.8	5.094324	5.018679	-0.07564497	0.8314011	0.9617724706824102	-0.08018940016384037	ENSG00000160888.7	IER2	False
ENST00000650064	10.6	1.3201228	1.2444484	-0.075674415	0.8850752	0.9761359275949881	-0.05301982245203158	ENSG00000179941.9	BBS10	False
ENST00000574285	530.4268	6.4580727	6.3823867	-0.07568598	0.86599946	0.9709615110022777	-0.06248237867942262	ENSG00000182831.12	HAPSTR1	False
ENST00000502773	21.55197	1.3827254	1.3069801	-0.075745225	0.9417722	0.9892937418959203	-0.026054123178345736	ENSG00000145431.11	PDGFC	False
ENST00000493866	339.67548	5.8194313	5.743532	-0.075899124	0.8582955	0.968375365271549	-0.06636316431225527	ENSG00000136521.13	NDUFB5	False
ENST00000644072	424.96216	6.0399666	5.96406	-0.07590675	0.89039356	0.97688540448899	-0.05041799216694065	ENSG00000113163.19	CERT1	False
ENST00000301843	39.64256	3.0034084	2.927466	-0.07594252	0.90861136	0.9807640036804325	-0.04162183901192318	ENSG00000085733.16	CTTN	False
ENST00000453771	174.78392	5.103321	5.0273404	-0.07598066	0.7924831	0.9502251718469603	-0.10100999524249187	ENSG00000058673.17	ZC3H11A	False
ENST00000222567	219.7	5.195481	5.119434	-0.07604694	0.83686113	0.96299534456408	-0.07734660165474416	ENSG00000105849.6	POLR1F	False
ENST00000700377	61.93471	2.8338993	2.7578137	-0.07608557	0.93967736	0.9884169279136201	-0.027021237714051002	ENSG00000080815.20	PSEN1	False
ENST00000367286	51.00515	2.9834518	2.907176	-0.076275826	0.92063457	0.9840268355880356	-0.03591272236423122	ENSG00000176393.11	RNPEP	False
ENST00000696626	15.664006	1.7157316	1.6393998	-0.076331854	0.9237504	0.9842542511459073	-0.034445360284620516	ENSG00000120549.19	KIAA1217	False
ENST00000703649	43.77265	3.3148918	3.2383027	-0.07658911	0.77464664	0.9437295648427275	-0.11089635861719326	ENSG00000197858.12	GPAA1	False
ENST00000696050	100.99517	4.212484	4.1358914	-0.076592445	0.85150003	0.966826986744672	-0.06981533019073137	ENSG00000144048.11	DUSP11	False
ENST00000225577	106.69287	4.308424	4.2317963	-0.07662773	0.8914012	0.9771611911582333	-0.049926799399857634	ENSG00000108443.14	RPS6KB1	False
ENST00000513182	150.5643	4.75312	4.6764746	-0.076645374	0.8133204	0.9569372134995232	-0.08973833532143649	ENSG00000168214.22	RBPJ	True
ENST00000642363	84.5404	4.125068	4.048341	-0.07672739	0.70233536	0.9221026914234706	-0.15345546734804094	ENSG00000116786.13	PLEKHM2	False
ENST00000541315	22.137985	1.8635651	1.7867533	-0.07681179	0.91255724	0.9815225000208556	-0.03973988292167515	ENSG00000248098.12	BCKDHA	False
ENST00000438166	111.7	4.194212	4.1173663	-0.076845646	0.8901432	0.97688540448899	-0.050540113843335635	ENSG00000115159.17	GPD2	False
ENST00000677868	1357.4	7.9746566	7.897769	-0.07688761	0.7453763	0.935882830083255	-0.12762442667160095	ENSG00000129968.17	ABHD17A	False
ENST00000321117	177.04337	3.0354202	2.9584782	-0.07694197	0.9723706	0.9958430056806056	-0.012168169729887254	ENSG00000119772.19	DNMT3A	False
ENST00000684162	17.599903	1.7842461	1.7072839	-0.07696223	0.9270757	0.9851102616776123	-0.0328848097255028	ENSG00000099381.20	SETD1A	False
ENST00000452825	280.9696	5.641371	5.564353	-0.077017784	0.83935225	0.963832447912024	-0.07605574099573874	ENSG00000126012.13	KDM5C	False
ENST00000699996	395.24838	3.6558132	3.578746	-0.07706714	0.97766924	0.9967857094374862	-0.009808049051186185	ENSG00000144674.19	GOLGA4	False
ENST00000477788	20.00613	2.1192381	2.0417306	-0.077507496	0.9147791	0.9821535348192515	-0.03868375364847091	ENSG00000174891.14	RSRC1	False
ENST00000425441	17.062016	1.4315481	1.353965	-0.077583075	0.9398832	0.9884169279136201	-0.026926125854085048	ENSG00000160799.12	CCDC12	False
ENST00000392132	1215.6133	7.7518115	7.674142	-0.07766962	0.73584664	0.9333255063919794	-0.133212689623606	ENSG00000079246.16	XRCC5	False
ENST00000414288	231.3927	5.2254043	5.147706	-0.07769823	0.91072506	0.9809792967613968	-0.04061271435041629	ENSG00000171055.15	FEZ2	False
ENST00000544409	74.73503	3.752579	3.674757	-0.07782197	0.8761994	0.973650680647956	-0.05739703652400109	ENSG00000284922.2	LRTOMT	False
ENST00000674237	24.093494	2.0466664	1.9688284	-0.077837944	0.90031755	0.9795430635977802	-0.04560428415963354	ENSG00000111490.15	TBC1D30	False
ENST00000377793	169.53836	5.1087914	5.030907	-0.0778842	0.5945468	0.8857079187793583	-0.22581395775966015	ENSG00000110583.13	NAA40	False
ENST00000470681	11.137413	1.3488404	1.2709095	-0.07793081	0.92211384	0.9842353161448519	-0.03521546157858121	ENSG00000188493.15	ACTMAP	True
ENST00000409038	17.984568	1.4604297	1.382391	-0.07803869	0.9387032	0.9881861978180526	-0.027471711189304877	ENSG00000071082.11	RPL31	False
ENST00000484868	104.20042	4.3249087	4.246705	-0.07820368	0.8374224	0.9632374861020546	-0.07705544154214194	ENSG00000126091.21	ST3GAL3	False
ENST00000286918	419.8956	6.2211175	6.1428847	-0.078232765	0.8125022	0.9568085348731064	-0.09017545154351503	ENSG00000156381.9	ANKRD9	False
ENST00000591726	4.78266	0.69829136	0.6199367	-0.07835466	0.8844859	0.9758134587490691	-0.05330908579143682	ENSG00000105298.14	CACTIN	False
ENST00000332438	14.964994	1.414697	1.336314	-0.07838309	0.9231659	0.9842542511459073	-0.034720237723702564	ENSG00000184451.5	CCR10	False
ENST00000371194	31.739609	2.7208622	2.6424742	-0.078387976	0.8956519	0.9786202452457206	-0.04786075965486965	ENSG00000197261.12	C6orf141	False
ENST00000358791	12.952761	1.3295366	1.251056	-0.0784806	0.90340793	0.9799172804063941	-0.04411610093780159	ENSG00000124243.19	BCAS4	False
ENST00000515667	61.63087	3.4239664	3.3454676	-0.07849884	0.95017743	0.9910506596680162	-0.022195289284403445	ENSG00000109684.16	CLNK	False
ENST00000594245	95.13841	3.9739664	3.8953962	-0.07857013	0.880812	0.9750018993383772	-0.05511678253016266	ENSG00000172687.14	ZNF738	True
ENST00000471475	98.82628	3.8198051	3.7408917	-0.07891345	0.89189315	0.9772701461590283	-0.04968717233937819	ENSG00000107625.14	DDX50	True
ENST00000340099	52.8	3.1505845	3.0715342	-0.0790503	0.87723815	0.9741170229271984	-0.056882487471101514	ENSG00000125170.11	DOK4	False
ENST00000307289	36.716892	2.63099	2.5519335	-0.0790565	0.9458305	0.9908778616775317	-0.024186674485481254	ENSG00000162298.19	SYVN1	False
ENST00000539627	230.69946	5.500923	5.4217253	-0.07919788	0.8982654	0.9790856921506778	-0.046595318106256355	ENSG00000142046.15	TMEM91	True
ENST00000638183	3256.1223	9.0791855	8.99994	-0.07924557	0.78273076	0.9464114686871102	-0.1063875998075679	ENSG00000197563.11	PIGN	False
ENST00000330175	8.229177	1.1498848	1.0703433	-0.079541564	0.9345771	0.9872016824460202	-0.029384861273195395	ENSG00000167100.15	SAMD14	False
ENST00000643876	33.80236	2.6259103	2.5463455	-0.07956481	0.90003866	0.9795430635977802	-0.045738835806826604	ENSG00000284952.1	ENSG00000284952	False
ENST00000552951	3987.3782	9.342753	9.263155	-0.07959843	0.74951667	0.936236640367669	-0.12521870591995762	ENSG00000151131.11	NOPCHAP1	False
ENST00000269228	135.15413	4.8118014	4.732005	-0.079796314	0.84230685	0.9643619989817128	-0.07452966621853169	ENSG00000141458.13	NPC1	False
ENST00000313334	119.52504	3.9865406	3.906733	-0.07980752	0.9371362	0.9880227729262042	-0.028197298126730004	ENSG00000134717.18	BTF3L4	False
ENST00000700633	28.569391	2.4887168	2.4086528	-0.08006406	0.9170497	0.9827239322494694	-0.03760712403690452	ENSG00000105223.21	PLD3	False
ENST00000398868	204.781	5.2791023	5.199	-0.08010244	0.8067485	0.9552005372235465	-0.09326182834970828	ENSG00000184743.13	ATL3	False
ENST00000370978	71.24596	3.7756865	3.695562	-0.08012462	0.80507106	0.9552005372235465	-0.09416578693810175	ENSG00000056277.16	ZNF280C	False
ENST00000677901	49.085472	1.9376475	1.8573489	-0.08029854	0.95587254	0.9921852324269093	-0.019600016437750233	ENSG00000107897.20	ACBD5	False
ENST00000398136	658.5741	6.4373813	6.3570266	-0.08035469	0.9165602	0.9825950872097442	-0.03783901792590535	ENSG00000152558.15	TMEM123	True
ENST00000381401	1357.8	7.9943404	7.913901	-0.08043957	0.7492877	0.936236640367669	-0.12535138234622376	ENSG00000169100.14	SLC25A6	False
ENST00000711214	1357.8	7.9943404	7.913901	-0.08043957	0.7492877	0.936236640367669	-0.12535138234622376	ENSG00000292334.1	SLC25A6	False
ENST00000228740	1282.6091	7.803905	7.723362	-0.08054304	0.8060672	0.9552005372235465	-0.09362873527973803	ENSG00000111144.10	LTA4H	False
ENST00000445478	21.974884	2.1864321	2.1058424	-0.08058977	0.8990249	0.9791940592384318	-0.04622827776405872	ENSG00000070495.15	JMJD6	False
ENST00000598068	7.336352	0.8007861	0.7201824	-0.08060366	0.9249359	0.9846904239306189	-0.03388837438529864	ENSG00000099330.9	OCEL1	False
ENST00000530801	16.954784	1.8291582	1.7484128	-0.08074534	0.92072797	0.9840268355880356	-0.035868664432560565	ENSG00000183020.15	AP2A2	False
ENST00000513824	127.5706	4.5122643	4.4314446	-0.08081961	0.6985634	0.9212025833663481	-0.15579417410559018	ENSG00000164338.10	UTP15	False
ENST00000378450	16.80929	1.6443872	1.5632764	-0.081110835	0.911467	0.9812113632165093	-0.04025904301546208	ENSG00000146038.12	DCDC2	False
ENST00000553430	69.721725	3.649989	3.5688684	-0.08112049	0.9221761	0.9842353161448519	-0.03518612688879213	ENSG00000156411.10	ATP5MJ	False
ENST00000415745	16.646587	1.346121	1.2649797	-0.08114123	0.9228237	0.9842542511459073	-0.03488124766899446	ENSG00000155749.13	FLACC1	True
ENST00000342166	19.614143	1.9146763	1.8333081	-0.08136821	0.9034238	0.9799172804063941	-0.044108479123874916	ENSG00000162961.14	DPY30	False
ENST00000228827	30.921991	2.2434683	2.1618414	-0.08162689	0.93776184	0.9880227729262042	-0.027907442340254607	ENSG00000111231.9	GPN3	False
ENST00000316185	111.98305	4.4020324	4.3204045	-0.081627846	0.80563605	0.9552005372235465	-0.09386110944193268	ENSG00000133460.20	SLC2A11	False
ENST00000643348	31.36546	2.3651214	2.2833347	-0.08178663	0.9230193	0.9842542511459073	-0.034789222657555685	ENSG00000197969.14	VPS13A	False
ENST00000341356	280.69788	5.7040234	5.621998	-0.08202553	0.86831915	0.9712385662512119	-0.061320619003010744	ENSG00000172725.14	CORO1B	False
ENST00000323076	673.3125	7.022494	6.9403486	-0.082145214	0.862305	0.9700337015692152	-0.06433910296469535	ENSG00000136167.15	LCP1	False
ENST00000456692	152.38603	4.3791194	4.296929	-0.08219051	0.91729045	0.9827239322494694	-0.037493128356921424	ENSG00000145715.15	RASA1	False
ENST00000242248	93.546524	3.914388	3.8320155	-0.08237243	0.85317	0.9670574250954352	-0.06896443541184	ENSG00000122678.17	POLM	False
ENST00000389195	155.09122	4.7589254	4.6763253	-0.08260012	0.841492	0.9641296755091212	-0.07495000989633002	ENSG00000198862.14	LTN1	False
ENST00000380135	19.016861	1.3259625	1.2430689	-0.08289361	0.9428606	0.9897106568271627	-0.025552510527203212	ENSG00000050426.16	LETMD1	False
ENST00000368926	3805.8594	9.38193	9.298946	-0.08298397	0.7265481	0.930214042416521	-0.13873564315537706	ENSG00000143443.10	C1orf56	False
ENST00000336735	592.3424	6.788189	6.7051616	-0.08302736	0.76222014	0.939913304152022	-0.11791957769649325	ENSG00000071537.14	SEL1L	False
ENST00000676455	25.795185	1.881061	1.7973069	-0.08375406	0.91844875	0.9832315297402185	-0.036945074373622024	ENSG00000114354.15	TFG	False
ENST00000600523	47.768066	3.254779	3.171009	-0.08377004	0.88774097	0.9762929623608356	-0.05171373676522779	ENSG00000133226.19	SRRM1	False
ENST00000612677	27.8	2.478315	2.394533	-0.083782196	0.9050637	0.9799172804063941	-0.043320858693524325	ENSG00000255587.9	RAB44	False
ENST00000426648	12.571299	1.1652657	1.081444	-0.083821654	0.9146266	0.9821535348192515	-0.03875617300540584	ENSG00000123636.19	BAZ2B	False
ENST00000492139	35.63983	2.474163	2.3903399	-0.083823204	0.93826306	0.9881861978180526	-0.02767538240055958	ENSG00000114209.15	PDCD10	False
ENST00000254323	61.543877	2.662614	2.5787342	-0.08387995	0.94014925	0.9884169279136201	-0.02680319716187654	ENSG00000132003.10	ZSWIM4	False
ENST00000399455	609.0843	6.7814994	6.697545	-0.083954334	0.830859	0.9617724706824102	-0.08047266857422664	ENSG00000170242.19	USP47	False
ENST00000256319	151.70903	4.793588	4.7092795	-0.084308624	0.816066	0.9578009348644966	-0.08827470170442993	ENSG00000133935.7	ERG28	False
ENST00000395366	280.15103	5.128944	5.0446243	-0.08431959	0.93192947	0.9864446161608946	-0.03061695495936824	ENSG00000213639.11	PPP1CB	False
ENST00000367334	42.199974	2.7360961	2.6517391	-0.08435702	0.9024394	0.9799172804063941	-0.044581944454795366	ENSG00000116857.17	TMEM9	False
ENST00000269389	1914.6	8.403694	8.319241	-0.08445358	0.86279494	0.9700337015692152	-0.06409241271480559	ENSG00000141574.8	SECTM1	False
ENST00000305536	336.9	6.006348	5.92181	-0.08453798	0.7774775	0.9443355109842944	-0.10931216891365311	ENSG00000134597.17	RBMX2	False
ENST00000378247	18.563152	1.8504578	1.7658565	-0.08460128	0.8041028	0.9551009493725148	-0.09468843725364832	ENSG00000204991.11	SPIRE2	False
ENST00000381272	23.15834	1.444871	1.3602325	-0.08463848	0.9319459	0.9864446161608946	-0.030609288645086954	ENSG00000163029.16	SMC6	False
ENST00000406027	40.701187	2.9443095	2.8594844	-0.08482504	0.88254875	0.9753528853304446	-0.0542612961032778	ENSG00000163449.11	TMEM169	False
ENST00000535237	62.972565	2.781408	2.6965325	-0.08487558	0.94858474	0.9909317823722509	-0.022923868285981763	ENSG00000047932.14	GOPC	False
ENST00000645034	10.037157	1.4424663	1.3574919	-0.08497441	0.8879405	0.9762929623608356	-0.051616122162026025	ENSG00000126091.21	ST3GAL3	False
ENST00000696963	15.094653	1.4792747	1.3942466	-0.08502817	0.90793145	0.9806801320236121	-0.04194694145789434	ENSG00000259207.10	ITGB3	False
ENST00000567991	267.8	5.505838	5.420689	-0.08514881	0.8573632	0.9680839098952313	-0.0668351491710558	ENSG00000182885.17	ADGRG3	False
ENST00000374746	66.37404	2.6361978	2.5509849	-0.085212946	0.94682163	0.9908778616775317	-0.023731829235976887	ENSG00000108094.17	CUL2	False
ENST00000242057	193.94844	5.2712564	5.185846	-0.085410595	0.6435203	0.903967109871297	-0.19143775157736956	ENSG00000106546.14	AHR	False
ENST00000008180	899.2819	7.520134	7.434592	-0.0855422	0.76117337	0.9397259758383656	-0.11851641553740862	ENSG00000008517.19	IL32	False
ENST00000376207	19.1	1.7867814	1.7009728	-0.085808635	0.86727756	0.9710997026003259	-0.06184188911887859	ENSG00000049768.18	FOXP3	False
ENST00000326674	62.983837	3.0417938	2.955895	-0.085898876	0.9292676	0.985911074098404	-0.03185921165086107	ENSG00000110536.14	PTPMT1	False
ENST00000642651	38.39143	2.8734941	2.7873118	-0.086182356	0.9052828	0.9799172804063941	-0.04321573315999058	ENSG00000165240.22	ATP7A	False
ENST00000334678	45.506058	3.1018894	3.0156364	-0.08625293	0.82852715	0.9615679820520636	-0.08169325428830918	ENSG00000187051.9	RPS19BP1	False
ENST00000299424	700.152	6.9930873	6.906824	-0.08626318	0.7141782	0.9257062139447186	-0.14619340784526924	ENSG00000166337.11	TAF10	False
ENST00000561508	13.7192745	1.601623	1.5152653	-0.08635771	0.8549552	0.967461891822817	-0.06805664372153848	ENSG00000103490.14	PYCARD	False
ENST00000397146	15.346959	1.4064627	1.3198277	-0.08663499	0.89957595	0.9793724215497904	-0.04596216448573885	ENSG00000123243.15	ITIH5	False
ENST00000682562	283.14743	5.492953	5.406284	-0.08666897	0.86250895	0.9700337015692152	-0.06423638836800621	ENSG00000046651.16	OFD1	False
ENST00000555329	19.831417	1.9319272	1.8451612	-0.086766005	0.8762856	0.973650680647956	-0.05735431877242392	ENSG00000012963.15	UBR7	True
ENST00000684552	263.4774	5.6499963	5.562901	-0.08709526	0.7926741	0.9502727434283397	-0.10090531852266037	ENSG00000171503.13	ETFDH	False
ENST00000356413	322.1	5.985332	5.898061	-0.08727121	0.70888734	0.9237997576299902	-0.14942278046645258	ENSG00000089289.16	IGBP1	False
ENST00000422769	397.0993	6.0966034	6.009227	-0.087376595	0.80388355	0.9551009493725148	-0.09480685690715238	ENSG00000154001.14	PPP2R5E	False
ENST00000272102	631.6	7.013721	6.926231	-0.08749008	0.7222852	0.9285152025899402	-0.1412912773027678	ENSG00000143761.17	ARF1	False
ENST00000589856	43.051765	3.0443478	2.956735	-0.08761287	0.8312916	0.9617724706824102	-0.08024659957674689	ENSG00000168591.16	TMUB2	False
ENST00000311806	72.87924	3.7108963	3.6232111	-0.08768511	0.875561	0.9733295571151658	-0.05771359193340587	ENSG00000172939.9	OXSR1	False
ENST00000370008	77.1	3.7367537	3.6489444	-0.087809324	0.8172265	0.9580175559429005	-0.08765754357651563	ENSG00000116266.11	STXBP3	False
ENST00000375412	616.73944	6.829996	6.7421436	-0.08785248	0.6210389	0.896545014235253	-0.20688118647826426	ENSG00000188938.17	FAM120AOS	False
ENST00000416804	281.437	5.7625003	5.674626	-0.08787441	0.7928919	0.950284963427056	-0.10078600803514173	ENSG00000223865.12	HLA-DPB1	False
ENST00000449241	19.8	1.7322623	1.6443386	-0.087923646	0.903066	0.9799172804063941	-0.04428051826057289	ENSG00000088543.15	C3orf18	False
ENST00000409734	121.43201	4.5590467	4.4709377	-0.08810902	0.8409338	0.9640760333298781	-0.07523819152390941	ENSG00000168887.11	C2orf68	False
ENST00000438909	20.979115	1.6971031	1.6088529	-0.08825028	0.892527	0.9774122552991641	-0.049378644774960005	ENSG00000092140.16	G2E3	False
ENST00000646020	17.49601	1.66353	1.5752695	-0.08826053	0.93736327	0.9880227729262042	-0.028092069458560076	ENSG00000156313.15	RPGR	False
ENST00000695913	23.59129	2.3394806	2.2510967	-0.08838391	0.8598934	0.9688193122240881	-0.06555539370432269	ENSG00000144354.15	CDCA7	False
ENST00000409107	27.550014	2.3419454	2.2534854	-0.08845997	0.9372984	0.9880227729262042	-0.028122116409202036	ENSG00000158411.11	MITD1	False
ENST00000376753	27.865189	2.4264185	2.3378406	-0.088577986	0.8888333	0.9766784675728976	-0.051179690620897396	ENSG00000116663.11	FBXO6	False
ENST00000313708	147.2	4.788323	4.699705	-0.0886178	0.81854117	0.9580175559429005	-0.08695947252299464	ENSG00000164330.18	EBF1	False
ENST00000514989	48.168816	3.2097185	3.1210723	-0.08864617	0.845958	0.965067805117535	-0.07265120105870781	ENSG00000109743.11	BST1	True
ENST00000402673	243.64139	5.475447	5.386693	-0.08875418	0.7722044	0.9429448836126253	-0.1122677286077572	ENSG00000152700.14	SAR1B	False
ENST00000454668	10.879365	1.2532504	1.1642716	-0.08897877	0.9065331	0.9799172804063941	-0.042616323431394314	ENSG00000099849.15	RASSF7	False
ENST00000353909	60.29035	2.8714526	2.782232	-0.089220524	0.9404972	0.9886257427945475	-0.026642484037510038	ENSG00000141644.19	MBD1	False
ENST00000418458	62.83025	3.3945024	3.3052807	-0.089221716	0.8847798	0.9759503135481337	-0.053164795750485994	ENSG00000163938.17	GNL3	False
ENST00000626172	5.73938	1.0587772	0.969526	-0.08925122	0.9422488	0.989380941703704	-0.02583439717496633	ENSG00000108094.17	CUL2	False
ENST00000636686	29.412928	2.7734509	2.6841125	-0.0893383	0.8774542	0.9742330273766866	-0.05677553238661801	ENSG00000250673.3	REELD1	True
ENST00000259803	61.604412	3.2821982	3.1927962	-0.08940196	0.83705413	0.96299534456408	-0.07724645469097585	ENSG00000137270.11	GCM1	False
ENST00000302764	312.23532	5.8496575	5.760229	-0.089428425	0.7764039	0.9442272701652389	-0.10991228953234028	ENSG00000170584.11	NUDCD2	False
ENST00000479230	17.389229	1.1472471	1.0578039	-0.08944321	0.9274056	0.9852153476557906	-0.032730287986481504	ENSG00000163938.17	GNL3	False
ENST00000299157	289.47125	5.6985126	5.6088314	-0.08968115	0.76219237	0.939913304152022	-0.11793540393924336	ENSG00000166130.15	IKBIP	False
ENST00000371692	140.23209	4.725579	4.6357584	-0.089820385	0.8195154	0.958556088901749	-0.08644287717672682	ENSG00000165716.11	DIPK1B	False
ENST00000694978	148.39417	4.305701	4.215793	-0.089907646	0.9401971	0.9884169279136201	-0.02678108800897459	ENSG00000103540.17	CCP110	False
ENST00000614468	406.4223	6.357731	6.2671885	-0.09054232	0.7928089	0.950284963427056	-0.1008314884355789	ENSG00000135838.14	NPL	False
ENST00000315731	1188.781	7.77908	7.688468	-0.090611935	0.78983957	0.9493683003800718	-0.10246111476481055	ENSG00000148303.17	RPL7A	False
ENST00000401827	396.7467	6.180721	6.0900807	-0.09064007	0.7697897	0.9422918670008684	-0.11362790658686765	ENSG00000205268.11	PDE7A	False
ENST00000370331	66.86119	1.5743054	1.483498	-0.09080744	0.9592493	0.993589312674561	-0.018068501061280898	ENSG00000067208.17	EVI5	False
ENST00000525843	65.37245	2.493172	2.4022088	-0.090963125	0.95967376	0.9935911670185329	-0.01787637873459702	ENSG00000134644.16	PUM1	False
ENST00000564079	156.35004	4.8664536	4.7753596	-0.09109402	0.84840053	0.9657887474168751	-0.07139906721176355	ENSG00000137822.13	TUBGCP4	False
ENST00000378024	481.444	6.586157	6.494988	-0.09116888	0.7346325	0.9332857513397641	-0.1339298671523686	ENSG00000124942.14	AHNAK	False
ENST00000396037	101.19547	4.430721	4.3394394	-0.091281414	0.7287982	0.931435145572666	-0.1373927023336748	ENSG00000111728.11	ST8SIA1	False
ENST00000422843	140.09248	4.632544	4.540959	-0.09158516	0.80929106	0.9560831276025769	-0.09189525456095095	ENSG00000113263.14	ITK	False
ENST00000433700	7.5382104	0.84044677	0.74872893	-0.09171784	0.9176962	0.9827715568544004	-0.03730107705078634	ENSG00000096872.17	IFT74	False
ENST00000377500	46.467087	2.8702393	2.7783735	-0.09186578	0.9190686	0.9834605563857131	-0.03665208318197969	ENSG00000136738.15	STAM	False
ENST00000370800	12.637743	1.2769812	1.185113	-0.09186828	0.92503005	0.984720467896391	-0.033844157538576454	ENSG00000156531.18	PHF6	False
ENST00000312390	154.1	4.9422765	4.8503656	-0.09191084	0.7503323	0.9364552947652945	-0.12474636019122433	ENSG00000175463.12	TBC1D10C	False
ENST00000434735	62.955605	3.729811	3.637621	-0.09219003	0.8139286	0.9569372134995232	-0.08941368871522384	ENSG00000151148.14	UBE3B	False
ENST00000280527	212.06685	5.406557	5.3143	-0.09225702	0.67750907	0.9152017508556867	-0.1690848867523369	ENSG00000150938.10	CRIM1	False
ENST00000263398	733.1027	7.087692	6.9951916	-0.09250021	0.76761657	0.9416169255668378	-0.11485565902762251	ENSG00000026508.21	CD44	False
ENST00000485920	161.3072	4.1413493	4.0487995	-0.0925498	0.9316261	0.9864446161608946	-0.030758361615994184	ENSG00000169402.16	RSPH10B2	False
ENST00000370238	224.68835	5.407057	5.314501	-0.092556	0.6826304	0.9167089134168167	-0.16581436236999297	ENSG00000023909.10	GCLM	False
ENST00000646031	26.168121	2.3280587	2.2354243	-0.09263444	0.9180676	0.9829281224094056	-0.03712535131200619	ENSG00000084754.12	HADHA	True
ENST00000307741	105.602844	4.2994523	4.206813	-0.092639446	0.83329064	0.9622308638046718	-0.07920349819605631	ENSG00000172009.15	THOP1	False
ENST00000369878	596.6091	6.732846	6.6402	-0.092645645	0.6499906	0.9059847552747755	-0.18709291178917276	ENSG00000148842.18	CNNM2	False
ENST00000462991	8.4395685	1.2158653	1.1231744	-0.092690825	0.887053	0.9762529517548046	-0.05205042470115596	ENSG00000116254.18	CHD5	False
ENST00000646236	68.85041	3.7731469	3.6803918	-0.09275508	0.81187266	0.956660864285707	-0.090512082719907	ENSG00000127616.22	SMARCA4	False
ENST00000540331	11.94675	1.6536402	1.560879	-0.09276116	0.9435447	0.9900179292629969	-0.025237527025877005	ENSG00000167562.14	ZNF701	False
ENST00000520210	18.556543	1.4890348	1.396122	-0.09291279	0.93271154	0.9865976644920984	-0.030252649113571548	ENSG00000154582.18	ELOC	False
ENST00000569444	16.418247	1.4370947	1.344115	-0.09297967	0.9306451	0.9859745741870203	-0.031215901106915724	ENSG00000140694.18	PARN	False
ENST00000706297	6.71119	0.6052359	0.5122151	-0.0930208	0.8892292	0.9766784675728976	-0.05098629516035443	ENSG00000008282.10	SYPL1	False
ENST00000393312	126.24288	4.602071	4.50902	-0.09305096	0.83429205	0.962643068203717	-0.07868189263073715	ENSG00000048405.11	ZNF800	False
ENST00000339997	42.281948	2.3910916	2.2979865	-0.09310508	0.9287784	0.9858925217341294	-0.03208788860231422	ENSG00000133318.14	RTN3	False
ENST00000377495	214.81128	5.34384	5.2504215	-0.0934186	0.6506293	0.9062377297493507	-0.18666639490624204	ENSG00000148483.9	TMEM236	False
ENST00000235878	45.845413	2.3043342	2.210915	-0.093419075	0.9245178	0.9846442731719012	-0.034084717971636584	ENSG00000117226.12	GBP3	False
ENST00000569276	387.1	5.782152	5.688699	-0.09345341	0.84979385	0.9659481202504552	-0.07068641554271218	ENSG00000166822.13	TMEM170A	False
ENST00000214869	64.45865	3.5622566	3.46879	-0.09346652	0.852645	0.9669913459773423	-0.06923176055769907	ENSG00000099203.7	TMED1	False
ENST00000313104	13.571368	1.3117203	1.2181933	-0.09352696	0.9248787	0.9846904239306189	-0.033915214527777536	ENSG00000089157.16	RPLP0	False
ENST00000361379	16.485659	1.2562033	1.1626759	-0.093527436	0.9046489	0.9799172804063941	-0.043519940534278156	ENSG00000159173.20	TNNI1	False
ENST00000353258	718.1522	7.135294	7.041649	-0.093645096	0.601387	0.888250341980818	-0.22084594686773806	ENSG00000006007.12	GDE1	False
ENST00000216468	271.32465	5.693176	5.599042	-0.094133854	0.7175437	0.9272141667828993	-0.14415163146227764	ENSG00000100580.8	TMED8	False
ENST00000397766	473.2564	6.377726	6.283456	-0.09427023	0.7352214	0.9332857513397641	-0.13358186877711833	ENSG00000182405.6	PGBD4	False
ENST00000257963	60.195477	3.3901596	3.2958708	-0.094288826	0.8530849	0.9670574250954352	-0.06900773407353061	ENSG00000135503.13	ACVR1B	False
ENST00000683635	1050.1345	7.0850167	6.9906673	-0.094349384	0.8864679	0.9762529517548046	-0.05233699878338165	ENSG00000146263.12	MMS22L	False
ENST00000236147	1376.656	7.9730086	7.8785615	-0.094447136	0.83084095	0.9617724706824102	-0.08048210884459377	ENSG00000188404.10	SELL	False
ENST00000615892	297.90463	5.781469	5.6865573	-0.094911575	0.8187132	0.9581193094812958	-0.08686821375856792	ENSG00000146112.12	PPP1R18	False
ENST00000593071	11.626325	1.2366649	1.1416879	-0.09497702	0.88919604	0.9766784675728976	-0.05100248093893383	ENSG00000170832.13	USP32	False
ENST00000677693	42.991432	1.8793255	1.7840028	-0.09532273	0.93590784	0.9876089955392044	-0.028766914331867934	ENSG00000113013.16	HSPA9	True
ENST00000490090	86.51082	4.0642524	3.9689212	-0.09533119	0.74718755	0.9359070387213771	-0.12657037033115423	ENSG00000151136.15	ABTB3	False
ENST00000677694	33.175533	2.0499957	1.9545628	-0.09543288	0.92919624	0.985911074098404	-0.03189255693711268	ENSG00000139168.9	ZCRB1	False
ENST00000571362	226.6	5.343958	5.2484627	-0.095495224	0.8120926	0.9567191578386287	-0.09039444569176852	ENSG00000040633.13	PHF23	False
ENST00000545889	371.8804	6.1307597	6.035252	-0.09550762	0.8094683	0.9561147010173113	-0.09180013867109527	ENSG00000130779.22	CLIP1	False
ENST00000502276	172.57053	3.4290504	3.333385	-0.095665455	0.9544362	0.9918878004335824	-0.0202531047852743	ENSG00000175857.9	GAPT	False
ENST00000369516	365.9	5.931635	5.835679	-0.09595585	0.87387085	0.9727556672489439	-0.0585527475103699	ENSG00000134198.10	TSPAN2	False
ENST00000599216	11.83173	1.2004665	1.1045094	-0.09595716	0.89567524	0.9786202452457206	-0.04784943028964563	ENSG00000188897.10	ENSG00000188897	False
ENST00000615985	16.561039	1.601551	1.5055249	-0.09602618	0.90685904	0.98016421045012	-0.042460213264770334	ENSG00000124459.12	ZNF45	False
ENST00000285814	118.17271	4.050341	3.954032	-0.096309185	0.90063906	0.9795933271878859	-0.04544922332798594	ENSG00000155438.12	NIFK	False
ENST00000368279	34.076958	2.6647391	2.5681846	-0.09655452	0.8654593	0.9707935622551248	-0.06275333939165446	ENSG00000160783.19	PMF1	False
ENST00000549147	236.08476	5.4958444	5.39926	-0.09658432	0.7458117	0.935882830083255	-0.1273708074025764	ENSG00000135441.8	BLOC1S1	False
ENST00000397753	6.1648602	0.7420923	0.6454172	-0.0966751	0.90886486	0.9807640036804325	-0.04150068966955468	ENSG00000196323.14	ZBTB44	False
ENST00000606369	710.9722	7.00386	6.9069886	-0.096871376	0.7525153	0.9367761286654671	-0.12348465641089165	ENSG00000182149.21	IST1	False
ENST00000650262	35.204353	2.4855947	2.3887043	-0.09689045	0.8674152	0.9710997026003259	-0.061772976971872756	ENSG00000218305.5	CDC14C	False
ENST00000261207	754.2489	6.5060935	6.409197	-0.09689665	0.88106173	0.9750018993383772	-0.054993661097978784	ENSG00000058272.19	PPP1R12A	False
ENST00000274242	9006.32	10.710193	10.61304	-0.09715271	0.7645346	0.9407569392252776	-0.11660285943703863	ENSG00000145592.14	RPL37	False
ENST00000450162	280.3072	5.518881	5.421387	-0.09749365	0.84339845	0.9645005894683456	-0.073967200538505	ENSG00000124380.11	SNRNP27	False
ENST00000198767	46.707638	2.9890049	2.8910725	-0.09793234	0.8727646	0.9726403908374138	-0.05910288364767147	ENSG00000085721.13	RRN3	False
ENST00000262144	229.21321	5.470467	5.3723645	-0.09810257	0.78851575	0.9488973448629912	-0.10318962942401816	ENSG00000103091.15	WDR59	False
ENST00000372718	537.1222	6.658596	6.560488	-0.098107815	0.8525812	0.9669913459773423	-0.06926424655444759	ENSG00000084070.12	SMAP2	False
ENST00000601519	13.156267	1.8059793	1.7078176	-0.0981617	0.8243599	0.9601797487709928	-0.08388314538088172	ENSG00000074219.14	TEAD2	False
ENST00000477695	41.331318	2.7340295	2.6357744	-0.09825516	0.90932125	0.980874875715565	-0.04128266043356598	ENSG00000144824.21	PHLDB2	False
ENST00000314103	230.5491	5.6346498	5.5363836	-0.098266125	0.818515	0.9580175559429005	-0.08697335590743718	ENSG00000159259.8	CHAF1B	False
ENST00000397979	202.74715	5.188232	5.0898805	-0.09835148	0.7498993	0.936236640367669	-0.12499703572178318	ENSG00000076984.18	MAP2K7	False
ENST00000398595	70.69209	3.3775833	3.2792175	-0.09836578	0.89490014	0.9784929251128978	-0.04822542244935482	ENSG00000103415.12	HMOX2	False
ENST00000265016	352.51517	5.9565773	5.858145	-0.098432064	0.7018261	0.9220332408747174	-0.15377048770773957	ENSG00000109743.11	BST1	False
ENST00000357156	132.18364	4.704311	4.60587	-0.098441124	0.7799626	0.9452810143717502	-0.10792622207469431	ENSG00000125971.18	DYNLRB1	False
ENST00000397071	17.058746	1.8404965	1.7420464	-0.098450184	0.8975964	0.9790856921506778	-0.04691888879011619	ENSG00000187630.18	DHRS4L2	False
ENST00000338165	18.61711	1.2784803	1.1797487	-0.09873164	0.9477614	0.9908778616775317	-0.023300975495601613	ENSG00000154920.15	EME1	False
ENST00000577894	5701.0767	9.935234	9.836493	-0.09874153	0.7933177	0.9503201367047278	-0.10055286926618981	ENSG00000185862.7	EVI2B	False
ENST00000359801	34.410603	2.7166586	2.6178153	-0.098843336	0.87536985	0.9732432132574479	-0.05780841726695891	ENSG00000196209.13	SIRPB2	False
ENST00000586354	59.86667	3.282009	3.182918	-0.099090815	0.8535285	0.9671751916955986	-0.06878197306852683	ENSG00000267179.1	ENSG00000267179	False
ENST00000704656	454.59058	6.36591	6.2668138	-0.0990963	0.8511645	0.966826986744672	-0.06998648794134835	ENSG00000124486.15	USP9X	False
ENST00000323037	51.77221	3.0759227	2.9767435	-0.09917927	0.84828925	0.9657887474168751	-0.07145603590853623	ENSG00000180233.11	ZNRF2	False
ENST00000640961	23.174719	2.5259914	2.4268055	-0.09918594	0.91365933	0.9817102591587351	-0.039215704554209904	ENSG00000109911.19	ELP4	False
ENST00000328902	328.2	5.91734	5.8179784	-0.09936142	0.76483905	0.9407861862454446	-0.11642994482156986	ENSG00000133561.15	GIMAP6	False
ENST00000507606	1096.848	7.7708983	7.671379	-0.09951925	0.8590894	0.9684663890382288	-0.06596165240692782	ENSG00000243317.8	STMP1	True
ENST00000395749	50.9	3.1676824	3.0680199	-0.09966254	0.8066759	0.9552005372235465	-0.09330091181595482	ENSG00000058404.21	CAMK2B	False
ENST00000424358	275.60733	5.7582226	5.658354	-0.099868774	0.8184012	0.9580175559429005	-0.08703373323523976	ENSG00000126005.17	MMP24OS	True
ENST00000476549	18.84245	1.2847654	1.1848848	-0.099880576	0.92558926	0.9849199869814509	-0.03358169171421851	ENSG00000026950.17	BTN3A1	False
ENST00000313219	15.286809	1.3396946	1.2397248	-0.099969864	0.91991264	0.9838559333931821	-0.036253415462139976	ENSG00000147457.14	CHMP7	False
ENST00000309117	129.72643	4.7640157	4.664046	-0.099969864	0.6100467	0.8920263818920305	-0.21463692867771836	ENSG00000157538.14	VPS26C	False
ENST00000347067	78.297966	3.9821186	3.8820512	-0.10006738	0.7664793	0.9411355341819907	-0.11549956189107372	ENSG00000184990.13	SIVA1	True
ENST00000325110	96.936295	4.0297637	3.9295268	-0.10023689	0.8459372	0.965067805117535	-0.0726618804471412	ENSG00000112972.15	HMGCS1	False
ENST00000358776	127.13645	4.613886	4.513514	-0.10037184	0.7521433	0.9367761286654671	-0.12369939525909797	ENSG00000196177.13	ACADSB	False
ENST00000407627	196.4006	5.2754045	5.1748533	-0.10055113	0.63984066	0.9030378888992515	-0.19392816354970224	ENSG00000066044.15	ELAVL1	False
ENST00000307221	57.6286	3.5625393	3.4618585	-0.10068083	0.8135926	0.9569372134995232	-0.08959300337360156	ENSG00000172404.5	DNAJB7	False
ENST00000223210	43.3	3.2614899	3.1605399	-0.10095	0.79304487	0.950311776772257	-0.10070224253381974	ENSG00000106479.11	ZNF862	False
ENST00000286713	278.23044	5.552452	5.451403	-0.10104895	0.77873117	0.9446071596283676	-0.10861244309932162	ENSG00000148175.13	STOM	False
ENST00000000442	9.20796	0.9326574	0.83148867	-0.10116875	0.8879848	0.9762929623608356	-0.05159446215858714	ENSG00000173153.17	ESRRA	False
ENST00000576274	79.67263	3.7220297	3.6207151	-0.101314545	0.83506507	0.962643068203717	-0.07827968372895247	ENSG00000080986.13	NDC80	False
ENST00000339754	58.0	3.6439676	3.5425737	-0.10139394	0.7731462	0.9432727370709886	-0.11173836752539036	ENSG00000089818.18	NECAP1	False
ENST00000252602	117.4	4.261061	4.1596212	-0.10143995	0.85417277	0.9673056835485937	-0.06845427940164667	ENSG00000130312.7	MRPL34	False
ENST00000309446	1143.0564	7.6429086	7.5414333	-0.10147524	0.683546	0.9170737297062175	-0.1652322495312187	ENSG00000118263.16	KLF7	False
ENST00000529046	1599.5984	8.385607	8.284031	-0.10157585	0.792928	0.950284963427056	-0.1007662567243693	ENSG00000009307.17	CSDE1	False
ENST00000215770	427.59247	6.415672	6.3139896	-0.101682186	0.73280025	0.9328989707216432	-0.13501439397186676	ENSG00000099974.8	DDTL	False
ENST00000355848	280.47287	5.460541	5.3585143	-0.10202646	0.8400836	0.9640539361853165	-0.07567749391766343	ENSG00000197223.12	C1D	False
ENST00000368608	428.08887	6.420418	6.318385	-0.10203266	0.7158472	0.9265273710846333	-0.1451796729441586	ENSG00000189241.8	TSPYL1	False
ENST00000678528	482.52216	6.2704563	6.168302	-0.102154255	0.8899397	0.97688540448899	-0.05063940662817974	ENSG00000135316.20	SYNCRIP	False
ENST00000546762	545.6297	6.605406	6.5030613	-0.10234451	0.8291877	0.9615679820520636	-0.08134715336847295	ENSG00000058272.19	PPP1R12A	True
ENST00000264805	17.61309	1.6067969	1.5041927	-0.10260415	0.90468633	0.9799172804063941	-0.04350197107475198	ENSG00000138735.16	PDE5A	False
ENST00000370025	248.92245	5.413536	5.310829	-0.10270691	0.80731004	0.9552562251865906	-0.09295964387595677	ENSG00000134186.12	PRPF38B	False
ENST00000259477	204.25688	5.4121614	5.309421	-0.10274029	0.74498343	0.935882830083255	-0.12785338404137186	ENSG00000136950.13	ARPC5L	False
ENST00000368176	79.374504	3.3558328	3.252924	-0.10290885	0.91204417	0.9813698161745982	-0.039984129604532494	ENSG00000163534.15	FCRL1	False
ENST00000682579	5.47993	0.7039104	0.6008611	-0.10304934	0.897034	0.9790162556944926	-0.047191100833278925	ENSG00000189042.14	ZNF567	False
ENST00000306390	773.0503	6.7328835	6.6298227	-0.10306072	0.85550475	0.9675263843306977	-0.06777757418065175	ENSG00000171236.10	LRG1	False
ENST00000582730	391.07413	6.0665894	5.9634438	-0.1031456	0.8020824	0.9538662007121487	-0.09578100272639925	ENSG00000136450.13	SRSF1	False
ENST00000538434	932.2495	7.5558496	7.4526744	-0.10317516	0.57745075	0.8794043640980256	-0.23848504855179434	ENSG00000178982.10	EIF3K	True
ENST00000614272	27.15625	1.6567901	1.5535772	-0.10321295	0.9306623	0.9859745741870203	-0.031207890437698338	ENSG00000270882.3	H4C14	False
ENST00000519742	30.838425	1.7177567	1.6143492	-0.1034075	0.9593929	0.993589312674561	-0.018003497490464156	ENSG00000120885.22	CLU	True
ENST00000367627	18.5	1.546052	1.442481	-0.10357094	0.8936835	0.9779602245737771	-0.048816263667133715	ENSG00000186283.14	TOR3A	False
ENST00000453943	1936.282	8.225941	8.122163	-0.103777885	0.9172443	0.9827239322494694	-0.037514971213077945	ENSG00000143774.18	GUK1	False
ENST00000644773	1696.2	8.227659	8.123716	-0.10394287	0.6467907	0.9052728730894807	-0.18923624453834356	ENSG00000253352.10	TUG1	False
ENST00000261783	485.1932	6.5223994	6.418261	-0.104138374	0.8099292	0.9561862188828891	-0.09155294758938812	ENSG00000081181.8	ARG2	False
ENST00000358689	117.7101	4.6454988	4.5413127	-0.10418606	0.71778476	0.9272141667828993	-0.14400576540015356	ENSG00000197217.13	ENTPD4	False
ENST00000530742	74.96559	2.3476381	2.243349	-0.104289055	0.94814575	0.9908778616775317	-0.0231248985977156	ENSG00000113282.14	CLINT1	False
ENST00000480218	47.004303	3.2043908	3.099975	-0.104415655	0.8254617	0.9605312221906871	-0.0833030799949979	ENSG00000112763.17	BTN2A1	True
ENST00000530245	21.247505	1.7477479	1.6432929	-0.104454994	0.8954921	0.9786202452457206	-0.04793825234450804	ENSG00000133112.17	TPT1	False
ENST00000460620	52.75426	3.3090641	3.204493	-0.104571104	0.84673005	0.9652914611322809	-0.07225502531759297	ENSG00000134242.16	PTPN22	False
ENST00000422453	1264.4347	7.920645	7.8160605	-0.104584694	0.6338871	0.9008885448054796	-0.19798807798523413	ENSG00000169714.17	CNBP	True
ENST00000298198	393.1066	6.2907257	6.1860986	-0.10462713	0.3037632	0.8118754707110037	-0.5174648253565715	ENSG00000165434.8	PGM2L1	False
ENST00000613078	49.765884	3.051923	2.947184	-0.10473895	0.90970695	0.9809269981133781	-0.04109848725402053	ENSG00000139597.18	N4BP2L1	False
ENST00000649266	192.81099	4.4058795	4.3011093	-0.10477018	0.9540072	0.9917847890748872	-0.020448343814104104	ENSG00000136156.15	ITM2B	False
ENST00000684273	73.58702	3.5581982	3.453318	-0.104880095	0.94143885	0.9892384294880157	-0.02620788206831939	ENSG00000135317.14	SNX14	False
ENST00000269466	11.5	1.5026278	1.3974361	-0.10519171	0.8177353	0.9580175559429005	-0.08738724658627467	ENSG00000141642.9	ELAC1	False
ENST00000445268	18.21322	1.6174086	1.5121721	-0.10523653	0.8829779	0.9755348657896304	-0.05405016479541478	ENSG00000197713.15	RPE	False
ENST00000549162	70.998726	1.9518676	1.846211	-0.105656624	0.9457534	0.9908778616775317	-0.024222090776221686	ENSG00000139218.18	SCAF11	False
ENST00000466271	6.81408	0.83657	0.7308012	-0.1057688	0.91118985	0.9812113632165093	-0.040391124654757506	ENSG00000165626.19	BEND7	False
ENST00000380861	777.13513	7.1721597	7.066245	-0.10591459	0.80174875	0.9536949848967953	-0.09596170709888767	ENSG00000047644.20	WWC3	False
ENST00000596827	18.0	1.4437345	1.3375611	-0.106173396	0.89302665	0.9776670439617513	-0.049135580580243754	ENSG00000142025.16	DMRTC2	False
ENST00000216554	367.52322	5.6311755	5.5248065	-0.10636902	0.8702146	0.9719420846130337	-0.0603736438571387	ENSG00000100664.11	EIF5	False
ENST00000274787	163.6	4.9735227	4.867146	-0.10637665	0.70663744	0.9234034770961242	-0.15080335462858813	ENSG00000146066.3	HIGD2A	False
ENST00000550411	47.75955	3.1034641	2.9970126	-0.10645151	0.9376713	0.9880227729262042	-0.027949374824998374	ENSG00000094916.16	CBX5	False
ENST00000523409	20.572557	1.4475886	1.3410949	-0.10649371	0.9218945	0.9842353161448519	-0.035318780378721965	ENSG00000215114.10	UBXN2B	False
ENST00000679033	12.721888	1.6318893	1.5253043	-0.106585026	0.8419086	0.9642057731152803	-0.07473506754764232	ENSG00000116141.17	MARK1	False
ENST00000256367	150.9	4.764321	4.657712	-0.10660887	0.8163804	0.9578009348644966	-0.08810744035002996	ENSG00000133985.3	TTC9	False
ENST00000295087	286.3255	5.7191925	5.612396	-0.10679674	0.8180234	0.9580175559429005	-0.08723428162103085	ENSG00000162980.17	ARL5A	False
ENST00000556257	126.84856	4.2795672	4.172732	-0.106835365	0.8147747	0.9571306184530467	-0.0889624692030607	ENSG00000119684.16	MLH3	False
ENST00000681393	61.07029	3.039182	2.932342	-0.106839895	0.9044991	0.9799172804063941	-0.04359185442750579	ENSG00000086189.11	DIMT1	False
ENST00000465459	130.5477	3.9947722	3.8877854	-0.10698676	0.92487425	0.9846904239306189	-0.033917313670380256	ENSG00000204642.14	HLA-F	True
ENST00000263805	178.07942	5.0990276	4.991845	-0.1071825	0.86667126	0.9709615110022777	-0.06214560290377456	ENSG00000103994.18	ZNF106	False
ENST00000309311	489.82217	6.571693	6.4642878	-0.107405186	0.756061	0.9379412011107189	-0.12144315357290845	ENSG00000167658.16	EEF2	False
ENST00000534207	154.57161	4.930104	4.822511	-0.10759258	0.79122394	0.9498024925976432	-0.10170057902355548	ENSG00000177830.18	CHID1	True
ENST00000357157	26.018408	1.9273996	1.8197672	-0.1076324	0.90295476	0.9799172804063941	-0.04433400958098582	ENSG00000156026.15	MCU	False
ENST00000396507	22.07353	1.628611	1.5209528	-0.10765815	0.8825106	0.9753528853304446	-0.05428006829891016	ENSG00000172322.14	CLEC12A	False
ENST00000697102	42.989605	2.9125478	2.804766	-0.10778189	0.92911625	0.985911074098404	-0.03192994458826502	ENSG00000162591.17	MEGF6	False
ENST00000714109	16.03209	1.0651811	0.95734686	-0.10783428	0.9296993	0.9859745741870203	-0.03165749523166439	ENSG00000166949.18	SMAD3	False
ENST00000280098	551.7722	6.51498	6.4066877	-0.1082921	0.7682383	0.9417990937927123	-0.11450404175632171	ENSG00000144228.9	SPOPL	False
ENST00000678012	6069.0723	10.11337	10.005053	-0.108317375	0.78372145	0.9466986003717168	-0.10583826834961856	ENSG00000108298.12	RPL19	False
ENST00000503787	49.15045	3.107747	2.9992955	-0.108451605	0.90052664	0.9795430635977802	-0.045503433705542363	ENSG00000164294.14	GPX8	False
ENST00000329125	22.1	1.9194845	1.811028	-0.10845649	0.8882255	0.9763974374573753	-0.05147676490140109	ENSG00000185245.9	GP1BA	False
ENST00000514455	37.404076	2.1290517	2.0205703	-0.10848141	0.9118763	0.9812898456425189	-0.04006406169309133	ENSG00000204628.12	RACK1	False
ENST00000331738	396.4149	6.163199	6.054548	-0.10865116	0.65009916	0.9059847552747755	-0.1870203962609763	ENSG00000111011.18	RSRC2	False
ENST00000526731	76.357796	3.5598457	3.4510586	-0.10878706	0.88128114	0.9750662084249124	-0.05488552521648378	ENSG00000137494.14	ANKRD42	False
ENST00000338785	222.0317	5.3496537	5.240753	-0.10890055	0.7245091	0.9291173189122098	-0.13995614333937362	ENSG00000157540.22	DYRK1A	False
ENST00000425849	117.02699	4.4228225	4.313811	-0.10901165	0.70689636	0.9234034770961242	-0.15064425175166174	ENSG00000158552.13	ZFAND2B	False
ENST00000505658	464.06787	6.19321	6.08415	-0.10906029	0.7997132	0.952795327850354	-0.09706573855203961	ENSG00000108848.16	LUC7L3	False
ENST00000506644	81.617325	3.7295525	3.6204674	-0.10908508	0.92958695	0.9859181215891223	-0.03170998316931298	ENSG00000146007.11	ZMAT2	False
ENST00000523344	35.5662	2.477894	2.3686862	-0.10920787	0.86987543	0.9717901738032613	-0.06054293528522981	ENSG00000102225.17	CDK16	False
ENST00000594862	273.61334	5.5690994	5.459453	-0.10964632	0.77704155	0.9442272701652389	-0.1095557554768191	ENSG00000160410.15	SHKBP1	False
ENST00000361028	11.44433	0.7577808	0.64783555	-0.10994524	0.8969233	0.9790162556944926	-0.04724469212379757	ENSG00000158691.15	ZSCAN12	False
ENST00000518868	47.551502	3.074875	2.9648678	-0.110007286	0.8051297	0.9552005372235465	-0.09413414890459791	ENSG00000133943.21	DGLUCY	False
ENST00000260324	127.01455	4.611055	4.500987	-0.110067844	0.8275519	0.9613580229886862	-0.0822047591728732	ENSG00000137767.14	SQOR	False
ENST00000256854	130.06873	4.3698487	4.2595787	-0.11027002	0.82929546	0.9615679820520636	-0.08129071404817147	ENSG00000134440.12	NARS1	False
ENST00000519273	31.140121	2.1985042	2.0880957	-0.110408545	0.8940181	0.9780145285082213	-0.04865368191712938	ENSG00000101199.13	ARFGAP1	False
ENST00000456057	406.43237	6.349466	6.238817	-0.11064863	0.73659945	0.9338680397079866	-0.13276861250331262	ENSG00000124593.16	ENSG00000124593	True
ENST00000336023	919.97815	7.4807816	7.36983	-0.11095142	0.69794387	0.9212025833663481	-0.15617950510884437	ENSG00000123416.15	TUBA1B	False
ENST00000672498	210.67859	5.353441	5.2424774	-0.11096382	0.8013757	0.9535896489958792	-0.09616383773159046	ENSG00000126522.17	ASL	False
ENST00000264433	165.7	4.9889426	4.877395	-0.11154747	0.7769328	0.9442272701652389	-0.10961655685730451	ENSG00000052795.13	FNIP2	False
ENST00000644978	221.27612	5.3097434	5.1978707	-0.11187267	0.7972986	0.9517793571964572	-0.09837899293470279	ENSG00000138411.13	HECW2	False
ENST00000458603	98.018555	3.8760936	3.764139	-0.11195469	0.8961024	0.9787378548850815	-0.04764234573719946	ENSG00000116044.17	NFE2L2	False
ENST00000272139	120.7	4.526299	4.4142847	-0.11201429	0.6931816	0.9195779048796497	-0.15915298990907759	ENSG00000143793.13	C1orf35	False
ENST00000331588	33.2	2.8876622	2.7756414	-0.11202073	0.7626987	0.939913304152022	-0.11764698818013801	ENSG00000184545.11	DUSP8	False
ENST00000614874	124.54325	4.2903695	4.178275	-0.1120944	0.86646074	0.9709615110022777	-0.062251110436163534	ENSG00000111276.12	CDKN1B	False
ENST00000515393	497.02988	6.3609977	6.2488017	-0.11219597	0.69819075	0.9212025833663481	-0.15602591006040337	ENSG00000175471.20	MCTP1	False
ENST00000677391	46.16341	1.9241995	1.8119619	-0.11223757	0.93330365	0.9866338898091199	-0.02997703376112277	ENSG00000128609.16	NDUFA5	True
ENST00000361822	63.65235	3.1066577	2.9943557	-0.112302065	0.89948446	0.9793520520749321	-0.04600633750106748	ENSG00000198839.10	ZNF277	False
ENST00000682305	78.40498	3.9842975	3.871913	-0.11238456	0.76655966	0.9411355341819907	-0.11545403886664206	ENSG00000150433.10	TMEM218	False
ENST00000438720	713.68854	7.100149	6.9877477	-0.112401485	0.83608586	0.9627884956331257	-0.07774912345151355	ENSG00000166685.13	COG1	False
ENST00000419445	607.01526	6.7351775	6.622751	-0.11242628	0.77168196	0.9428173525582542	-0.1125616498786014	ENSG00000164219.10	PGGT1B	False
ENST00000683582	11.961882	1.3807994	1.2682881	-0.11251128	0.8673557	0.9710997026003259	-0.06180276095831596	ENSG00000124356.17	STAMBP	True
ENST00000430070	11.6825695	1.6332754	1.5207182	-0.11255717	0.82110524	0.9595784758313319	-0.08560117541020389	ENSG00000123444.14	KBTBD4	False
ENST00000696791	600.14557	6.7379775	6.625171	-0.11280632	0.70227194	0.9221026914234706	-0.153494684957677	ENSG00000198001.16	IRAK4	False
ENST00000466681	221.58218	5.4336433	5.3206487	-0.11299467	0.55194867	0.8707003204247253	-0.25810131151164317	ENSG00000156928.5	MALSU1	False
ENST00000409064	93.39679	3.681029	3.5679166	-0.11311245	0.8925228	0.9774122552991641	-0.04938067499034837	ENSG00000115548.17	KDM3A	False
ENST00000439977	596.6294	6.8184304	6.7052736	-0.113156796	0.6623919	0.9105659425462344	-0.1788849862555751	ENSG00000051108.15	HERPUD1	False
ENST00000571843	7.8681097	0.87070495	0.7572297	-0.11347526	0.90760016	0.9805622461051541	-0.042105434113844084	ENSG00000140750.17	ARHGAP17	False
ENST00000371790	34.415504	2.8676245	2.7541046	-0.11351991	0.84795874	0.9657860661311792	-0.07162527731261417	ENSG00000152779.14	SLC16A12	False
ENST00000687720	41.25492	2.364102	2.2505336	-0.113568306	0.8906013	0.9769263998001549	-0.050316686314320125	ENSG00000147316.15	MCPH1	True
ENST00000463513	34.51787	2.848163	2.7345874	-0.11357546	0.7720974	0.9429448836126253	-0.11232790507452657	ENSG00000160818.17	GPATCH4	True
ENST00000592588	933.8216	7.4956336	7.381854	-0.113779545	0.73607874	0.9334787413514541	-0.13307572621092553	ENSG00000115268.10	RPS15	False
ENST00000651235	83.747955	3.7120628	3.5982575	-0.113805294	0.8926106	0.9774122552991641	-0.0493379554592353	ENSG00000286192.1	ENSG00000286192	False
ENST00000392465	56.275097	2.156335	2.0424578	-0.1138773	0.9172022	0.9827239322494694	-0.03753492423946313	ENSG00000170633.17	RNF34	False
ENST00000393263	1447.1846	7.9487147	7.8348217	-0.11389303	0.8011953	0.9535442951367988	-0.09626159432390963	ENSG00000187109.15	NAP1L1	False
ENST00000373418	58.603363	3.6304219	3.5165048	-0.11391711	0.6405537	0.9030378888992515	-0.1934444471619784	ENSG00000134686.21	PHC2	False
ENST00000534025	435.3	6.422756	6.308564	-0.11419201	0.7339791	0.9332857513397641	-0.13431630289051605	ENSG00000175348.11	TMEM9B	False
ENST00000532038	119.73679	2.3768008	2.2625597	-0.11424112	0.95231676	0.991359874937818	-0.021218571909435734	ENSG00000159314.13	ARHGAP27	False
ENST00000675419	48.541424	3.1529663	3.038524	-0.11444235	0.8903412	0.97688540448899	-0.05044351857377096	ENSG00000159216.20	RUNX1	False
ENST00000225792	3086.116	9.031911	8.917212	-0.11469936	0.7355374	0.9332952846121519	-0.13339523395086147	ENSG00000108654.16	DDX5	False
ENST00000442561	140.28014	4.838104	4.723091	-0.115012646	0.7119997	0.9253601269841094	-0.147520180584471	ENSG00000122188.13	LAX1	False
ENST00000486085	2433.3042	8.821406	8.706183	-0.11522293	0.66418165	0.9109734671370522	-0.17771312745891807	ENSG00000115310.19	RTN4	False
ENST00000655340	66.75161	3.3569586	3.2416244	-0.11533427	0.84784806	0.9657860661311792	-0.07168197037836242	ENSG00000162601.12	MYSM1	False
ENST00000652382	489.66153	6.6542306	6.538856	-0.115374565	0.78992486	0.949401681485314	-0.10241421812617188	ENSG00000110931.19	CAMKK2	False
ENST00000300131	4.94972	0.8206749	0.704924	-0.11575091	0.8955763	0.9786202452457206	-0.04789740870752144	ENSG00000166886.13	NAB2	False
ENST00000483426	93.5009	4.2455	4.12954	-0.11596012	0.5828621	0.8814375403501482	-0.23443419884839417	ENSG00000115652.15	UXS1	True
ENST00000537820	140.42317	4.6895533	4.5735064	-0.116046906	0.76961166	0.9422918670008684	-0.11372836302417168	ENSG00000196839.14	ADA	False
ENST00000327726	971.0669	7.4235873	7.3075075	-0.11607981	0.8215192	0.9596230182737303	-0.0853822841656049	ENSG00000197766.9	CFD	False
ENST00000567225	109.11465	4.3405247	4.2243185	-0.11620617	0.7462961	0.935882830083255	-0.1270888233921307	ENSG00000157429.16	ZNF19	False
ENST00000450592	31.578466	1.9111155	1.7947214	-0.11639416	0.9237517	0.9842542511459073	-0.03444474378594454	ENSG00000137804.14	NUSAP1	False
ENST00000369577	505.16327	6.31868	6.2022247	-0.11645508	0.8293992	0.9615679820520636	-0.08123637316033	ENSG00000188994.14	ZNF292	False
ENST00000627895	16.308237	1.8498596	1.7333958	-0.11646378	0.8799427	0.9747520106879182	-0.055545599777353835	ENSG00000100902.11	PSMA6	False
ENST00000368457	33.6	2.7814834	2.6649156	-0.11656785	0.8285651	0.9615679820520636	-0.08167335272689323	ENSG00000163348.4	PYGO2	False
ENST00000540200	265.2546	5.771342	5.654695	-0.11664677	0.4521362	0.8472077019271466	-0.3447307308699589	ENSG00000004142.12	POLDIP2	False
ENST00000478547	61.991558	3.158572	3.0419033	-0.1166687	0.8983148	0.9790856921506778	-0.04657145768318105	ENSG00000100353.18	EIF3D	False
ENST00000299927	98.6442	3.7488692	3.6321352	-0.11673403	0.9507986	0.9910506596680162	-0.0219114796148793	ENSG00000166716.10	ZNF592	False
ENST00000587424	372.2604	6.1415877	6.024785	-0.11680269	0.55358654	0.8717795905883926	-0.2568144758902415	ENSG00000263465.5	SRSF8	False
ENST00000647800	880.4498	7.1971507	7.080307	-0.1168437	0.70850724	0.9237315579253875	-0.14965570759409066	ENSG00000136156.15	ITM2B	True
ENST00000298090	44.982506	2.8288233	2.711585	-0.11723828	0.8734852	0.9726684539396364	-0.05874444538107471	ENSG00000156504.17	PABIR2	False
ENST00000264192	787.794	7.237129	7.11987	-0.117259026	0.7223265	0.9285152025899402	-0.14126644159681057	ENSG00000115165.10	CYTIP	False
ENST00000370775	10.6	1.2925978	1.1753339	-0.11726391	0.8224397	0.9596230182737303	-0.08489594955141157	ENSG00000203950.7	RTL8A	False
ENST00000534762	173.70735	5.1114216	4.9940267	-0.117394924	0.7601298	0.9390140958672711	-0.11911223576752526	ENSG00000029363.17	BCLAF1	True
ENST00000262030	302.5	6.069487	5.9520764	-0.11741066	0.7383556	0.9345533232895651	-0.13173444043228896	ENSG00000110955.9	ATP5F1B	False
ENST00000553325	21.990189	2.1398823	2.0224478	-0.1174345	0.8358468	0.9627594456463211	-0.0778733253688702	ENSG00000126214.22	KLC1	False
ENST00000261973	335.4018	5.775446	5.657875	-0.11757088	0.80504584	0.9552005372235465	-0.0941793881425953	ENSG00000119707.14	RBM25	False
ENST00000494502	16.062307	1.5688268	1.451151	-0.11767578	0.91136533	0.9812113632165093	-0.04030749668932906	ENSG00000114209.15	PDCD10	False
ENST00000698097	23.15759	1.2792679	1.1615796	-0.1176883	0.91521835	0.9821535348192515	-0.038475279367692405	ENSG00000124831.20	LRRFIP1	True
ENST00000698733	18.45315	1.0854954	0.9676225	-0.117872834	0.9244556	0.9846301454399408	-0.03411395035651999	ENSG00000148606.15	POLR3A	False
ENST00000370454	174.5	4.967451	4.8494473	-0.118003845	0.7424073	0.9352336696717043	-0.12935775357517829	ENSG00000171488.15	LRRC8C	False
ENST00000367500	37.70852	3.0668852	2.9487844	-0.11810088	0.78227496	0.9461447931192052	-0.10664057013587587	ENSG00000116668.13	SWT1	False
ENST00000430331	15.351666	1.3744715	1.2562792	-0.118192315	0.8783476	0.9745253108727094	-0.05633359306594022	ENSG00000112983.18	BRD8	False
ENST00000285093	331.51556	5.948054	5.82977	-0.11828375	0.62666273	0.8986654492835523	-0.2029661328542303	ENSG00000167315.18	ACAA2	False
ENST00000325089	152.01906	4.863928	4.7455664	-0.11836147	0.58649814	0.8824937645522923	-0.2317333598985206	ENSG00000165300.8	SLITRK5	False
ENST00000362031	549.6568	6.689606	6.571037	-0.118569374	0.5636159	0.8750364609798353	-0.24901674964500664	ENSG00000129515.20	SNX6	False
ENST00000357736	249.69392	5.3577905	5.2392197	-0.118570805	0.7441037	0.9358045784008151	-0.12836651861138254	ENSG00000197063.11	MAFG	False
ENST00000013222	376.81033	5.894686	5.776016	-0.11866999	0.7254127	0.9293352268139775	-0.1394148295691996	ENSG00000241644.2	INMT	False
ENST00000489923	8.825188	1.1078696	0.98909295	-0.11877668	0.84766537	0.9657860661311792	-0.07177555913081667	ENSG00000065485.20	PDIA5	False
ENST00000306917	139.1	4.676826	4.5578756	-0.11895037	0.74978685	0.936236640367669	-0.12506217844686238	ENSG00000169018.6	FEM1B	False
ENST00000523771	146.30696	4.5787606	4.4597197	-0.119040966	0.77518153	0.9439809014552641	-0.11059658256049196	ENSG00000133943.21	DGLUCY	False
ENST00000539783	14.853861	1.3918983	1.2726189	-0.119279385	0.9015182	0.9796827936525487	-0.04502548887742112	ENSG00000115827.14	DCAF17	False
ENST00000361138	343.35638	6.041614	5.9222927	-0.11932135	0.7715822	0.9428173525582542	-0.11261780761545236	ENSG00000198887.9	SMC5	False
ENST00000359591	3625.8452	9.323605	9.204094	-0.11951065	0.7231982	0.9288826280834955	-0.14074267822068132	ENSG00000197324.9	LRP10	False
ENST00000296802	2216.147	8.670742	8.551063	-0.11967945	0.64312094	0.9036586217086631	-0.19170734653191812	ENSG00000164346.10	NSA2	False
ENST00000645249	31.309607	2.2166324	2.0969484	-0.11968398	0.89773935	0.9790856921506778	-0.04684973787894295	ENSG00000101266.19	CSNK2A1	True
ENST00000440804	43.1993	2.7599764	2.640228	-0.119748354	0.8128562	0.9569372134995232	-0.08998627878255898	ENSG00000129450.9	SIGLEC9	False
ENST00000704358	18.030619	1.1924925	1.0726483	-0.1198442	0.9061387	0.9799172804063941	-0.0428053123606536	ENSG00000181722.18	ZBTB20	False
ENST00000338637	22.283855	1.6210123	1.5010018	-0.120010495	0.8788448	0.9746317798058651	-0.05608781376847959	ENSG00000197779.15	ZNF81	False
ENST00000488048	20.477325	1.6059858	1.4858754	-0.12011039	0.886106	0.9762529517548046	-0.05251431575380711	ENSG00000135218.19	CD36	False
ENST00000440613	30.940527	2.4760787	2.3558986	-0.12018013	0.871572	0.9722812046007222	-0.05969672148077325	ENSG00000151465.14	CDC123	False
ENST00000575329	62.114815	2.313002	2.192783	-0.12021899	0.93933177	0.9884169279136201	-0.027180988769877117	ENSG00000141456.16	PELP1	False
ENST00000642789	22.01543	2.0916965	1.971379	-0.12031746	0.9344171	0.9870941770635946	-0.02945920921692608	ENSG00000167460.17	TPM4	True
ENST00000673742	39.499138	2.1056683	1.9850764	-0.12059188	0.93642354	0.9878548702575575	-0.028527677404180066	ENSG00000064012.24	CASP8	False
ENST00000576861	7.775972	0.9731954	0.8525286	-0.1206668	0.85126096	0.966826986744672	-0.06993728344190425	ENSG00000183011.14	NAA38	False
ENST00000379977	9.4	0.95987767	0.8391749	-0.12070274	0.8393588	0.963832447912024	-0.07605234856378444	ENSG00000134470.21	IL15RA	False
ENST00000380707	8.8358555	1.1295242	1.0088043	-0.12071991	0.9064879	0.9799172804063941	-0.04263799714605595	ENSG00000172062.17	SMN1	False
ENST00000651955	72.26094	3.6728125	3.5520551	-0.12075734	0.8104143	0.9563098145739991	-0.09129289667840289	ENSG00000148337.22	CIZ1	False
ENST00000556752	199.08713	5.291578	5.1707673	-0.12081051	0.6762027	0.9146725356462561	-0.16992309020240007	ENSG00000186469.9	GNG2	False
ENST00000377953	85.3513	4.1059933	3.9851284	-0.12086487	0.61171967	0.8924767740121592	-0.2134475559119879	ENSG00000204922.5	UQCC3	False
ENST00000413938	39.285698	1.7370714	1.6159587	-0.121112704	0.9067448	0.9800933882678206	-0.04251493679461136	ENSG00000171055.15	FEZ2	True
ENST00000302418	1046.2	7.5791473	7.45784	-0.12130737	0.708577	0.9237315579253875	-0.14961296266390792	ENSG00000170759.11	KIF5B	False
ENST00000641638	17.015535	1.6538793	1.5325689	-0.12131035	0.85806406	0.9682522704940816	-0.06648029037161453	ENSG00000167332.9	OR51E2	False
ENST00000446745	432.7	6.455937	6.334537	-0.12139988	0.71489656	0.9259404163439828	-0.14575679287690702	ENSG00000227507.3	LTB	False
ENST00000353533	191.87234	4.6956496	4.5742397	-0.12140989	0.89129704	0.9771611911582333	-0.049977534612753484	ENSG00000065559.15	MAP2K4	False
ENST00000306846	52.346638	2.9783392	2.8565383	-0.1218009	0.8675965	0.9710997026003259	-0.06168220511590662	ENSG00000172239.14	PAIP1	False
ENST00000648678	30.23827	1.1899654	1.0680921	-0.12187326	0.90970886	0.9809269981133781	-0.04109757668593293	ENSG00000043514.17	TRIT1	True
ENST00000698243	25.166542	1.2380239	1.1160754	-0.12194848	0.9316224	0.9864446161608946	-0.030760084338501668	ENSG00000107960.12	STN1	False
ENST00000696782	90.88272	3.5797012	3.457634	-0.12206721	0.89775765	0.9790856921506778	-0.046840885742432455	ENSG00000026103.25	FAS	False
ENST00000271843	1006.2	7.5994663	7.47736	-0.12210655	0.64098805	0.9030378888992515	-0.1931500657167948	ENSG00000143543.15	JTB	False
ENST00000641137	16.01484	1.5032792	1.3809674	-0.12231183	0.86391705	0.9703678487233361	-0.06352795342861596	ENSG00000237988.6	OR2I1P	False
ENST00000610426	239.26302	5.2861047	5.1636467	-0.12245798	0.7227615	0.9287220764812147	-0.14100498236562325	ENSG00000164346.10	NSA2	False
ENST00000465804	16.580956	1.818971	1.6964924	-0.122478604	0.79860646	0.9523230441536691	-0.09766718362181546	ENSG00000018408.15	WWTR1	False
ENST00000525018	38.29281	2.9273272	2.8047776	-0.122549534	0.7931625	0.9503201367047278	-0.1006378135040618	ENSG00000166575.17	TMEM135	False
ENST00000367900	7.786012	0.75925875	0.636582	-0.12267673	0.85685354	0.9678888268359075	-0.06709340229945618	ENSG00000143228.13	NUF2	False
ENST00000555885	22.8263	2.0275228	1.9047022	-0.122820616	0.88615966	0.9762529517548046	-0.052488024693887844	ENSG00000118308.16	IRAG2	False
ENST00000317198	313.20056	5.829984	5.7071047	-0.122879505	0.7773594	0.9443355109842944	-0.10937813094786089	ENSG00000104529.19	EEF1D	False
ENST00000450772	73.50762	3.3476257	3.224528	-0.12309766	0.9116337	0.9812113632165093	-0.04017964293823966	ENSG00000015285.12	WAS	False
ENST00000313288	25.742481	2.3068137	2.1834908	-0.12332296	0.8706079	0.971960535235006	-0.06017739006509732	ENSG00000013810.21	TACC3	False
ENST00000682445	53.25007	2.5081193	2.384437	-0.12368226	0.91266435	0.9815474135482289	-0.0396889114832758	ENSG00000133835.18	HSD17B4	False
ENST00000339818	79.9	4.0605607	3.936857	-0.12370372	0.6525462	0.9067753778781373	-0.18538871707708476	ENSG00000160226.16	CFAP410	False
ENST00000565765	11.657928	1.5125861	1.3887662	-0.12381995	0.80873805	0.9558782084971594	-0.09219212192981462	ENSG00000140950.16	MEAK7	False
ENST00000230036	77.69191	3.9861152	3.8622813	-0.123833895	0.5811065	0.8805743150655008	-0.23574427871360965	ENSG00000112293.15	GPLD1	False
ENST00000445950	136.49976	4.6406455	4.5167804	-0.12386513	0.73217005	0.9326695814816518	-0.13538804299627819	ENSG00000078140.14	UBE2K	False
ENST00000650540	21.679554	2.047417	1.9234776	-0.123939276	0.77738667	0.9443355109842944	-0.10936291317360188	ENSG00000134871.20	COL4A2	False
ENST00000688532	10.567621	1.1292999	1.0050964	-0.12420344	0.8704608	0.9719420846130337	-0.06025077782883834	ENSG00000146282.19	RARS2	False
ENST00000377698	51.824097	3.3267202	3.2025056	-0.12421465	0.7422995	0.9352336696717043	-0.12942083366099094	ENSG00000137124.8	ALDH1B1	False
ENST00000648635	108.041824	4.182637	4.058161	-0.12447643	0.74808294	0.9359746432369647	-0.12605025164354566	ENSG00000168216.13	LMBRD1	True
ENST00000585900	22.511478	2.0804427	1.9558245	-0.12461817	0.83593947	0.9627594456463211	-0.07782517007292461	ENSG00000064961.19	HMG20B	False
ENST00000337195	691.9873	6.993258	6.8686123	-0.12464571	0.592498	0.8847213646920881	-0.2273131080413672	ENSG00000175029.17	CTBP2	False
ENST00000368830	25.83308	2.0728104	1.9481418	-0.1246686	0.89272016	0.9774122552991641	-0.04928465619327222	ENSG00000143436.11	MRPL9	False
ENST00000335643	23.243656	2.0772007	1.9524868	-0.1247139	0.9071795	0.9802997978959656	-0.042306784364570624	ENSG00000186625.14	KATNA1	False
ENST00000514561	17.08863	2.0064633	1.8816822	-0.12478113	0.8198003	0.9586982370975586	-0.08629191793442324	ENSG00000150961.15	SEC24D	True
ENST00000289902	417.55048	6.140633	6.0157337	-0.12489939	0.77328664	0.9432727370709886	-0.11165949266001818	ENSG00000158869.11	FCER1G	True
ENST00000341162	427.9295	6.2928658	6.167938	-0.12492752	0.64013016	0.9030378888992515	-0.1937317088370562	ENSG00000119616.11	FCF1	False
ENST00000327570	31.320484	1.8860749	1.7609277	-0.12514722	0.9237212	0.9842542511459073	-0.034459091618313925	ENSG00000182552.15	RWDD4	False
ENST00000602540	44.237495	3.0187705	2.8931983	-0.1255722	0.82269055	0.9596230182737303	-0.08476349311680234	ENSG00000139289.15	PHLDA1	True
ENST00000437411	64.80083	3.4820697	3.3564813	-0.12558842	0.8574881	0.9680871278606209	-0.06677190041811251	ENSG00000100150.20	DEPDC5	False
ENST00000340535	20.846542	1.8182815	1.6926143	-0.12566721	0.9176662	0.9827715568544004	-0.03731526568431823	ENSG00000154305.18	MIA3	False
ENST00000397640	9.6	0.8287614	0.70304203	-0.12571937	0.86592644	0.9709615110022777	-0.06251899723351428	ENSG00000257949.7	TEN1	True
ENST00000229195	256.46265	5.7570057	5.631278	-0.12572765	0.76690984	0.9412607163018049	-0.11525569117636648	ENSG00000111596.14	CNOT2	False
ENST00000240095	34.758667	2.427492	2.3015642	-0.12592769	0.8535014	0.9671751916955986	-0.06879577261091521	ENSG00000104635.15	SLC39A14	False
ENST00000487519	163.36067	4.9899335	4.863896	-0.1260376	0.77561134	0.9441831755219591	-0.11035584928706914	ENSG00000108064.11	TFAM	False
ENST00000306072	859.21564	7.4232693	7.2969575	-0.12631178	0.7489599	0.936236640367669	-0.1255414348126038	ENSG00000172183.16	ISG20	False
ENST00000320585	172.21307	4.890707	4.7643414	-0.12636566	0.8211671	0.9595950148288359	-0.08556845290217556	ENSG00000110172.12	CHORDC1	False
ENST00000367242	485.7	6.6039777	6.4774666	-0.1265111	0.6752214	0.9142632374641173	-0.17055381250191076	ENSG00000163444.12	TMEM183A	False
ENST00000258301	137.21921	4.636273	4.5093884	-0.12688446	0.75231093	0.9367761286654671	-0.12360262748703048	ENSG00000135823.14	STX6	True
ENST00000687902	182.03268	2.1871245	2.0601964	-0.12692809	0.9462498	0.9908778616775317	-0.02399420706908139	ENSG00000164754.16	RAD21	False
ENST00000331327	568.19385	6.7755046	6.6485424	-0.12696218	0.75768185	0.938541525608948	-0.12051311793440699	ENSG00000185129.8	PURA	False
ENST00000679078	99.90342	4.2730007	4.145996	-0.12700462	0.6915334	0.9190096639099691	-0.160186847640383	ENSG00000182481.10	KPNA2	False
ENST00000359052	47.04785	2.4832847	2.3562672	-0.1270175	0.89130473	0.9771611911582333	-0.04997378807781481	ENSG00000163104.18	SMARCAD1	False
ENST00000403510	12.57518	1.0438675	0.91680104	-0.12706643	0.9142447	0.9818836633608401	-0.03893754323147163	ENSG00000133794.20	BMAL1	False
ENST00000458234	17.218388	1.0185174	0.89119935	-0.12731802	0.89767706	0.9790856921506778	-0.04687987109671353	ENSG00000196498.15	NCOR2	False
ENST00000054950	93.502396	4.1330686	4.005575	-0.12749338	0.7208667	0.9284856217274275	-0.14214504794498362	ENSG00000049449.10	RCN1	False
ENST00000367042	7.5396614	1.0022784	0.8747251	-0.12755334	0.909946	0.9809269981133781	-0.04098436811044208	ENSG00000117335.21	CD46	False
ENST00000357503	50.835827	3.3251245	3.1975667	-0.12755775	0.67330307	0.9141900609544965	-0.17178940680745372	ENSG00000198113.3	TOR4A	False
ENST00000474839	10.300564	1.2667131	1.1389524	-0.12776077	0.8882027	0.9763974374573753	-0.05148789784758302	ENSG00000204351.13	SKIC2	True
ENST00000316495	7.84814	0.7200306	0.59216565	-0.12786496	0.8704537	0.9719420846130337	-0.06025431669325533	ENSG00000178381.12	ZFAND2A	False
ENST00000261942	208.4	5.222499	5.094557	-0.12794209	0.7727439	0.9432727370709886	-0.11196442536860332	ENSG00000113194.13	FAF2	False
ENST00000530522	16.237804	1.0444552	0.91648215	-0.12797302	0.90797937	0.9806801320236121	-0.041924019276529556	ENSG00000138050.15	THUMPD2	False
ENST00000501744	53.793774	3.0755203	2.947441	-0.12807918	0.7845429	0.9468946155988359	-0.10538329346661197	ENSG00000246705.5	H2AJ	False
ENST00000463369	18.650768	1.960514	1.8323679	-0.12814605	0.78539544	0.9473372535610051	-0.1049116226668599	ENSG00000144736.14	SHQ1	False
ENST00000340149	297.57614	5.733541	5.605325	-0.12821579	0.74291855	0.9352336696717043	-0.12905879701202383	ENSG00000033327.13	GAB2	False
ENST00000589228	1810.8024	8.267553	8.139253	-0.12830067	0.58969	0.8835878660490217	-0.22937621513746242	ENSG00000108946.17	PRKAR1A	False
ENST00000377453	193.45789	4.9330645	4.8045797	-0.12848473	0.80665904	0.9552005372235465	-0.09330999328910847	ENSG00000102805.16	CLN5	False
ENST00000433976	100.405396	4.245053	4.1165013	-0.12855148	0.61399746	0.8932568117461984	-0.21183342587153017	ENSG00000170100.14	ZNF778	False
ENST00000547815	159.9161	4.790562	4.6617484	-0.12881374	0.69448924	0.9200987304432667	-0.15833447816842403	ENSG00000139436.22	GIT2	False
ENST00000315901	22.064291	1.640323	1.5115052	-0.1288178	0.8941222	0.9780145285082213	-0.04860313006633975	ENSG00000162444.12	RBP7	True
ENST00000412055	50.25142	3.3817303	3.2524796	-0.12925076	0.721136	0.9285152025899402	-0.14198283908093368	ENSG00000163704.13	PRRT3	False
ENST00000638442	15.84969	1.0311252	0.90159035	-0.12953484	0.9037717	0.9799172804063941	-0.04394126268243833	ENSG00000113319.13	RASGRF2	False
ENST00000556551	82.42921	3.430599	3.3010104	-0.1295886	0.8764293	0.9737027574590501	-0.05728310232002154	ENSG00000258653.3	ENSG00000258653	False
ENST00000282058	13.648783	1.4862682	1.3566475	-0.12962067	0.820179	0.9588860764100686	-0.08609136228182256	ENSG00000152240.13	HAUS1	False
ENST00000382762	62.108032	3.5906708	3.4610112	-0.12965965	0.814067	0.9569372134995232	-0.08933984672423817	ENSG00000177951.18	BET1L	False
ENST00000651004	2515.4377	8.864956	8.735135	-0.12982082	0.8798048	0.9747520106879182	-0.05561367787451563	ENSG00000119950.21	MXI1	False
ENST00000216180	51.92506	3.4884055	3.3584952	-0.12991023	0.77879596	0.9446071596283676	-0.1085763114042359	ENSG00000100344.11	PNPLA3	False
ENST00000337630	33.56019	2.9157746	2.785672	-0.13010263	0.90643406	0.9799172804063941	-0.04266378427882671	ENSG00000111305.19	GSG1	False
ENST00000373087	25.3	2.2533853	2.1231012	-0.13028407	0.8648412	0.9705870928508895	-0.06306361786158046	ENSG00000163874.11	ZC3H12A	False
ENST00000569173	13.303647	1.5482641	1.4173902	-0.13087392	0.80762297	0.9553704652716132	-0.09279133802770298	ENSG00000137817.17	PARP6	True
ENST00000283243	79.8565	4.011395	3.8803942	-0.13100076	0.40341026	0.8303154186824399	-0.39425306490349077	ENSG00000153246.13	PLA2R1	False
ENST00000600147	4017.7036	9.543349	9.412224	-0.13112545	0.67384815	0.914254914313221	-0.17143795822509114	ENSG00000105640.13	RPL18A	False
ENST00000569174	10.35424	1.1636759	1.0324519	-0.13122404	0.825029	0.9603060401966621	-0.0835307774285133	ENSG00000198373.13	WWP2	False
ENST00000379645	32.605946	2.831899	2.7005386	-0.13136029	0.7443715	0.935882830083255	-0.12821027849306424	ENSG00000138741.11	TRPC3	False
ENST00000263368	632.7267	6.792374	6.66101	-0.13136435	0.8690526	0.9714645671804724	-0.060953942313977744	ENSG00000090013.11	BLVRB	False
ENST00000241261	1421.8337	7.877823	7.7464414	-0.13138151	0.80052084	0.9531928496798682	-0.09662735904804394	ENSG00000121858.11	TNFSF10	False
ENST00000216487	12.10894	1.0298346	0.89821607	-0.13161856	0.91291183	0.9815863289187564	-0.0395711639557347	ENSG00000100599.16	RIN3	False
ENST00000303562	55.86363	3.065677	2.9339623	-0.13171458	0.8270172	0.9611478742423897	-0.08248546432007435	ENSG00000170345.10	FOS	False
ENST00000326737	46.930206	3.0344088	2.9026213	-0.13178754	0.7819982	0.9459238584059522	-0.10679423709612017	ENSG00000180423.4	HARBI1	False
ENST00000610179	958.5999	7.275887	7.144052	-0.13183498	0.700729	0.9214451344510692	-0.15444990091205626	ENSG00000125779.24	PANK2	False
ENST00000714253	101.77763	4.297912	4.1652474	-0.13266468	0.8173221	0.9580175559429005	-0.08760677089572401	ENSG00000172123.14	SLFN12	False
ENST00000355693	49.726738	3.0181475	2.8852034	-0.1329441	0.8313609	0.9617724706824102	-0.0802104170366881	ENSG00000181924.7	COA4	True
ENST00000397111	98.03425	3.1253393	2.9922285	-0.13311076	0.93127966	0.9862569881481195	-0.030919882670259278	ENSG00000110619.18	CARS1	False
ENST00000379671	63.8	3.7169116	3.5837426	-0.13316894	0.748847	0.936233343231704	-0.1256069012273665	ENSG00000134986.14	NREP	True
ENST00000485928	173.32657	5.03533	4.902158	-0.13317204	0.5802242	0.8802063166690811	-0.2364041496303766	ENSG00000134686.21	PHC2	True
ENST00000262971	150.9	4.7380238	4.6048174	-0.13320637	0.7039156	0.9222985764678387	-0.15247941242807767	ENSG00000105229.7	PIAS4	False
ENST00000621999	165.80383	4.8879857	4.754659	-0.13332653	0.72007114	0.9280763849316231	-0.14262459681960638	ENSG00000085365.18	SCAMP1	False
ENST00000547458	36.744125	2.7822492	2.6489072	-0.13334203	0.8750632	0.9732060155834779	-0.05796058910817429	ENSG00000075089.10	ACTR6	True
ENST00000368594	27.041254	2.0609853	1.927421	-0.13356435	0.86361706	0.9702966159146235	-0.06367878585353655	ENSG00000068383.19	INPP5A	False
ENST00000517746	29.327091	2.1771748	2.0435302	-0.13364458	0.89635056	0.9787484288066763	-0.0475221046069133	ENSG00000154188.10	ANGPT1	False
ENST00000676755	20.882359	0.9376729	0.80399716	-0.13367575	0.8986279	0.9791452810995616	-0.04642011284991766	ENSG00000164733.23	CTSB	False
ENST00000555028	177.85071	4.975506	4.841567	-0.13393879	0.71655387	0.9268730199474257	-0.14475115599640453	ENSG00000205659.12	LIN52	False
ENST00000499023	114.428024	4.4217396	4.2877874	-0.13395214	0.7493732	0.936236640367669	-0.12530184415106904	ENSG00000171566.12	PLRG1	False
ENST00000269214	189.16708	5.128267	4.9942	-0.13406658	0.7203069	0.9281329674182118	-0.14248244107313365	ENSG00000141446.11	ESCO1	False
ENST00000371065	580.05164	6.674273	6.5399013	-0.13437176	0.59886795	0.8872137205946347	-0.2226689266623961	ENSG00000213625.9	LEPROT	False
ENST00000311086	60.355907	3.383052	3.2485075	-0.13454461	0.8164308	0.9578009348644966	-0.08808061602476963	ENSG00000145919.11	BOD1	False
ENST00000381815	18.277063	1.9382706	1.8033991	-0.13487148	0.87380135	0.9727556672489439	-0.05858728835741842	ENSG00000159131.17	GART	False
ENST00000377275	42.5	2.6616678	2.5267944	-0.13487339	0.84985596	0.9659481202504552	-0.07065467585276898	ENSG00000165997.5	ARL5B	False
ENST00000402802	1643.3289	8.192019	8.057116	-0.13490391	0.72629845	0.9301911768010126	-0.13888488181806602	ENSG00000197461.13	PDGFA	False
ENST00000315580	86.87938	3.8105032	3.6755145	-0.13498878	0.8264853	0.9607849531666007	-0.08276487894963808	ENSG00000182196.14	ARL6IP4	False
ENST00000376389	582.0	6.6109557	6.475857	-0.13509893	0.7757038	0.9441897587930264	-0.11030408786713695	ENSG00000137312.15	FLOT1	False
ENST00000592316	28.947422	2.2162883	2.081088	-0.13520026	0.8417794	0.9642057731152803	-0.07480170090722547	ENSG00000105290.13	APLP1	False
ENST00000372428	10.516149	1.5050584	1.3697908	-0.13526762	0.8131235	0.9569372134995232	-0.08984347433373259	ENSG00000147224.13	PRPS1	False
ENST00000343450	78.451866	3.594924	3.4596274	-0.13529658	0.8536973	0.9672304130561934	-0.06869609214692293	ENSG00000171148.14	TADA3	False
ENST00000458035	46.153812	3.228485	3.0929885	-0.13549662	0.7128364	0.9253601269841094	-0.14701014103772833	ENSG00000213799.13	ZNF845	False
ENST00000278947	39.920357	2.7530746	2.617568	-0.13550663	0.7531941	0.9367761286654671	-0.12309309423386637	ENSG00000149575.9	SCN2B	False
ENST00000369415	240.04477	4.9335012	4.7976017	-0.13589954	0.7912563	0.9498024925976432	-0.10168281440275242	ENSG00000025039.15	RRAGD	False
ENST00000342745	232.8	5.3253818	5.1894717	-0.13591003	0.747902	0.9359746432369647	-0.1261553192810359	ENSG00000100647.8	SUSD6	False
ENST00000379066	188.66559	5.1388836	5.0029693	-0.13591433	0.8236269	0.9599754815031427	-0.08426949030217949	ENSG00000115825.11	PRKD3	False
ENST00000607367	7.044	0.57054335	0.4346147	-0.13592866	0.8177354	0.9580175559429005	-0.08738721493059473	ENSG00000272391.6	POM121C	False
ENST00000206595	70.00689	3.5976298	3.46149	-0.13613987	0.8311832	0.9617724706824102	-0.08030324594050565	ENSG00000092140.16	G2E3	False
ENST00000621441	333.6247	5.9379964	5.8017697	-0.13622665	0.6803987	0.9163592447993505	-0.16723652316775497	ENSG00000070367.17	EXOC5	False
ENST00000245304	207.13676	4.9689345	4.8325825	-0.13635206	0.87318677	0.9726684539396364	-0.05889285452317894	ENSG00000125249.7	RAP2A	False
ENST00000431010	17.66555	1.8012408	1.6647933	-0.13644755	0.8284298	0.9615679820520636	-0.0817442776848919	ENSG00000196639.7	HRH1	False
ENST00000255945	537.7313	6.733965	6.597489	-0.13647604	0.77797127	0.9444613458165366	-0.10903644222583904	ENSG00000133574.10	GIMAP4	False
ENST00000592273	62.45269	3.4068024	3.2702386	-0.13656378	0.9098659	0.9809269981133781	-0.04102260364531083	ENSG00000123144.11	TRIR	False
ENST00000293208	41.372364	2.276913	2.1402035	-0.13670945	0.928387	0.9857371855121982	-0.032270955933670575	ENSG00000161526.15	SAP30BP	False
ENST00000540759	26.7	2.352548	2.2157035	-0.1368444	0.8272665	0.9612421074538889	-0.08235455448138777	ENSG00000166908.18	PIP4K2C	False
ENST00000311575	22.0	1.9296751	1.7927449	-0.13693023	0.8353478	0.9626844520213611	-0.07813268156745617	ENSG00000174721.10	FGFBP3	False
ENST00000373715	815.9753	7.0962925	6.959306	-0.13698673	0.7578335	0.938541525608948	-0.12042621164921495	ENSG00000112081.17	SRSF3	False
ENST00000317881	390.6	6.0785584	5.9415493	-0.13700914	0.7653332	0.9410486189242496	-0.11614946046718723	ENSG00000005022.6	SLC25A5	False
ENST00000519688	21.683788	1.9351487	1.7980433	-0.13710546	0.82249016	0.9596230182737303	-0.08486929137447854	ENSG00000164756.13	SLC30A8	False
ENST00000545939	57.6	2.8683884	2.7310653	-0.13732314	0.9100524	0.9809361663924436	-0.04093359174447158	ENSG00000156265.17	MAP3K7CL	True
ENST00000484201	136.16988	4.7703853	4.633025	-0.1373601	0.62498826	0.8981746216663314	-0.20412814198978632	ENSG00000134262.15	AP4B1	False
ENST00000428225	15.983469	1.9409328	1.8034842	-0.13744855	0.880759	0.9750018993383772	-0.05514290991983301	ENSG00000168878.19	SFTPB	False
ENST00000507754	237.86316	5.511046	5.3734436	-0.13760233	0.40675908	0.831725697822197	-0.39066274012327656	ENSG00000186010.19	NDUFA13	False
ENST00000287461	130.2	4.599414	4.461617	-0.13779688	0.72082716	0.9284856217274275	-0.142168856601852	ENSG00000156853.13	ZNF689	False
ENST00000575203	291.741	5.321101	5.183227	-0.13787413	0.8179379	0.9580175559429005	-0.08727966225288243	ENSG00000167261.14	DPEP2	False
ENST00000252818	676.3	6.953476	6.8155622	-0.1379137	0.50126594	0.8548764927378353	-0.2999318011673823	ENSG00000130522.6	JUND	False
ENST00000368455	85.1	3.8135185	3.6754386	-0.13807988	0.7831376	0.9465050500662499	-0.1061619133753508	ENSG00000025156.13	HSF2	False
ENST00000304056	248.0	5.555546	5.417061	-0.13848495	0.6937738	0.9198200683019081	-0.1587821012698261	ENSG00000170852.12	KBTBD2	False
ENST00000674725	163.29987	4.982652	4.8440366	-0.13861561	0.42547137	0.8388703576585074	-0.3711296629465624	ENSG00000196233.14	LCOR	False
ENST00000700631	26.994135	1.4996806	1.3609942	-0.13868642	0.89731175	0.979053726529255	-0.047056646685576124	ENSG00000105223.21	PLD3	False
ENST00000465093	29.906796	2.4169242	2.2781796	-0.1387446	0.8810338	0.9750018993383772	-0.055007440735993195	ENSG00000114790.13	ARHGEF26	False
ENST00000343411	90.24545	3.8427975	3.7038736	-0.13892388	0.7824258	0.9462488711202854	-0.10655682583566646	ENSG00000140943.18	MBTPS1	False
ENST00000381070	42.57021	1.5062265	1.367244	-0.13898253	0.9151358	0.9821535348192515	-0.03851445437223395	ENSG00000153015.17	CWC27	False
ENST00000598742	13217.456	11.279321	11.13994	-0.13938046	0.64115477	0.9030378888992515	-0.19303712501660292	ENSG00000105372.8	RPS19	False
ENST00000296953	2921.824	9.0878	8.948193	-0.13960743	0.582189	0.8812149076079202	-0.23493598694360393	ENSG00000164463.12	CREBRF	False
ENST00000354434	198.42192	5.1489735	5.0093527	-0.13962078	0.7129092	0.9253601269841094	-0.1469657675489738	ENSG00000159840.16	ZYX	False
ENST00000584317	49.6099	3.440407	3.3007412	-0.13966584	0.526607	0.8628966334781174	-0.2785133912489069	ENSG00000126653.18	NSRP1	True
ENST00000513710	80.1	3.9187143	3.7790434	-0.13967085	0.5856471	0.8820984150529122	-0.23236399833082017	ENSG00000134987.13	WDR36	False
ENST00000545444	260.3012	5.6718388	5.5319514	-0.13988733	0.72040945	0.9282056700489815	-0.14242059718236108	ENSG00000198000.12	NOL8	False
ENST00000467196	27.544012	2.3910358	2.251125	-0.1399107	0.9006862	0.9795933271878859	-0.04542648917621029	ENSG00000101361.17	NOP56	False
ENST00000258991	36.28939	2.5382283	2.3981771	-0.14005113	0.8988212	0.9791452810995616	-0.04632670469964817	ENSG00000136478.9	TEX2	False
ENST00000240587	124.3	4.24607	4.105902	-0.14016771	0.7875735	0.9485030191746254	-0.10370889625185122	ENSG00000121297.8	TSHZ3	False
ENST00000587460	30.674274	2.2790315	2.1385064	-0.1405251	0.8905153	0.97688540448899	-0.05035860110670177	ENSG00000160953.17	PWWP3A	False
ENST00000265271	310.09546	5.730477	5.589943	-0.14053392	0.8009042	0.953423533488751	-0.09641942106024907	ENSG00000091009.8	RBM27	False
ENST00000540583	43.985043	2.6664608	2.5258403	-0.14062047	0.8430968	0.9644278042051889	-0.07412256283496041	ENSG00000178878.13	APOLD1	False
ENST00000441668	16.922428	1.654542	1.5137979	-0.14074409	0.811787	0.956660864285707	-0.09055790283503591	ENSG00000100029.18	PES1	False
ENST00000298130	193.03262	5.0252895	4.8845406	-0.14074898	0.7457496	0.935882830083255	-0.1274069751137158	ENSG00000165389.7	SPTSSA	False
ENST00000231061	426.0	6.1705837	6.029827	-0.1407566	0.8477308	0.9657860661311792	-0.07174202974873571	ENSG00000113140.11	SPARC	False
ENST00000002596	29.80737	2.7195003	2.5786576	-0.14084268	0.5252139	0.862790740734902	-0.2796637909418725	ENSG00000002587.10	HS3ST1	False
ENST00000263461	56.3	2.738066	2.5970683	-0.14099765	0.90538526	0.9799172804063941	-0.04316658226282635	ENSG00000120008.16	WDR11	False
ENST00000331163	17.1	1.8998357	1.7587702	-0.14106548	0.81407094	0.9569372134995232	-0.08933774803977068	ENSG00000100311.17	PDGFB	False
ENST00000587169	732.69257	7.0903893	6.949217	-0.14117241	0.5332138	0.8656930641736459	-0.27309862392229234	ENSG00000099622.14	CIRBP	True
ENST00000590465	35.703163	2.9857943	2.8445158	-0.1412785	0.7831121	0.9465050500662499	-0.10617606079289628	ENSG00000021488.13	SLC7A9	False
ENST00000295571	31.872952	2.204372	2.0629826	-0.14138937	0.8808695	0.9750018993383772	-0.055088423306908586	ENSG00000163378.14	EOGT	False
ENST00000029410	39.58471	3.1748593	3.0334585	-0.14140081	0.49565127	0.8537766521893764	-0.3048237723873093	ENSG00000027847.14	B4GALT7	False
ENST00000590258	21.486261	1.8858732	1.7444133	-0.14145994	0.8414185	0.9641296755091212	-0.07498794108628208	ENSG00000134779.15	TPGS2	True
ENST00000395915	15.602274	1.8246366	1.6829816	-0.14165497	0.8047191	0.9552005372235465	-0.09435569572307248	ENSG00000087586.18	AURKA	False
ENST00000593424	158.56395	5.0176916	4.875982	-0.1417098	0.5365727	0.866669630156121	-0.270371431568615	ENSG00000187994.14	RINL	False
ENST00000375094	56.4	3.5531995	3.4113941	-0.14180541	0.7254348	0.9293352268139775	-0.13940162651617477	ENSG00000204308.8	RNF5	False
ENST00000594140	50.937145	2.9718666	2.829887	-0.1419797	0.8127933	0.9569372134995232	-0.09001987728751912	ENSG00000269858.6	EGLN2	False
ENST00000691867	5.458725	0.74129003	0.59912616	-0.14216387	0.8499051	0.9659481202504552	-0.07062957816257816	ENSG00000272047.4	GTF2H5	True
ENST00000644968	10.900846	1.2816908	1.1391168	-0.14257407	0.8840054	0.9757721701424954	-0.05354506862324382	ENSG00000120278.17	PLEKHG1	False
ENST00000674749	85.91949	1.7781392	1.6353843	-0.14275491	0.9253148	0.9848671698552585	-0.033710498915388354	ENSG00000116991.12	SIPA1L2	False
ENST00000357338	6.56528	0.55064327	0.40772143	-0.14292184	0.79823923	0.9521242876859368	-0.09786693173147505	ENSG00000171462.15	DLK2	False
ENST00000265174	117.7	4.0824003	3.9394324	-0.14296794	0.8573625	0.9680839098952313	-0.06683551148161535	ENSG00000138801.9	PAPSS1	False
ENST00000199389	1436.9927	8.25846	8.115483	-0.14297676	0.7217313	0.9285152025899402	-0.14162445675426627	ENSG00000086232.13	EIF2AK1	False
ENST00000612661	1999.2	8.37802	8.234908	-0.14311218	0.78136384	0.9456684473017747	-0.10714668824313194	ENSG00000277443.3	MARCKS	False
ENST00000552909	13.1556225	1.4487458	1.3055775	-0.14316833	0.8710625	0.9721955167052022	-0.05995067405556278	ENSG00000050405.14	LIMA1	False
ENST00000368868	37.08326	2.237009	2.0938222	-0.14318681	0.9293386	0.985911074098404	-0.03182603604975212	ENSG00000143416.21	SELENBP1	False
ENST00000413988	98.57784	3.989486	3.846254	-0.14323187	0.7694622	0.9422655828454117	-0.11381269441779829	ENSG00000283632.4	EXOC3L2	False
ENST00000415912	300.35538	3.234835	3.0915968	-0.14323807	0.95149106	0.9912122253221287	-0.021595288863834224	ENSG00000117298.16	ECE1	False
ENST00000575877	673.091	6.897764	6.754311	-0.14345312	0.42500287	0.8384964729269883	-0.37160813418626265	ENSG00000141480.18	ARRB2	False
ENST00000263266	149.15222	4.849319	4.705749	-0.14356995	0.8528029	0.9670574250954352	-0.0691513453985076	ENSG00000105523.4	FAM83E	False
ENST00000359788	25.28502	2.206198	2.0626135	-0.14358449	0.8570682	0.9679461824583995	-0.06698462793594417	ENSG00000197372.10	ZNF675	False
ENST00000566132	15.487462	1.3082323	1.1646087	-0.14362359	0.8900499	0.97688540448899	-0.050585656573106624	ENSG00000178761.15	FAM219B	False
ENST00000440391	81.09721	3.9841468	3.840496	-0.14365077	0.7515193	0.9367004660724456	-0.12405984874069652	ENSG00000197343.11	ZNF655	False
ENST00000466766	16.247545	1.7623081	1.6186545	-0.14365363	0.84538627	0.9647409632698007	-0.07294481155930205	ENSG00000101294.19	HM13	False
ENST00000375976	16.72603	1.2588077	1.1149733	-0.14383435	0.9211618	0.9840764564986135	-0.03566409401019885	ENSG00000204463.14	BAG6	False
ENST00000453007	37.29228	3.0574944	2.913484	-0.1440103	0.74799377	0.9359746432369647	-0.1261020209259303	ENSG00000153253.20	SCN3A	False
ENST00000414892	20.473179	1.5144938	1.3704255	-0.14406836	0.82249135	0.9596230182737303	-0.0848686619213627	ENSG00000257591.6	ZNF625	True
ENST00000433307	208.02066	5.275139	5.131014	-0.14412498	0.6127203	0.8927658698984382	-0.2127377232692691	ENSG00000107679.15	PLEKHA1	False
ENST00000643745	22.452318	1.926099	1.7815692	-0.1445297	0.8536109	0.9672140331587491	-0.06874006154235868	ENSG00000103197.20	TSC2	False
ENST00000704649	26.112522	1.9928628	1.8482487	-0.1446141	0.9127659	0.9815474135482289	-0.039640583491027816	ENSG00000124486.15	USP9X	False
ENST00000392625	157.52933	4.889338	4.7445965	-0.14474154	0.61596453	0.8944279309061053	-0.21044429440089535	ENSG00000167851.15	CD300A	False
ENST00000280886	30.0	2.4379013	2.2931502	-0.14475107	0.83122593	0.9617724706824102	-0.08028091661255378	ENSG00000151240.18	DIP2C	False
ENST00000368314	100.81974	3.28206	3.1372797	-0.14478016	0.89862514	0.9791452810995616	-0.04642143793273506	ENSG00000118518.17	RNF146	False
ENST00000427199	63.3	3.4433222	3.2984784	-0.14484382	0.7969855	0.9516880556973771	-0.09854957607214174	ENSG00000243414.6	TICAM2	False
ENST00000306503	7.737597	1.2260084	1.0810509	-0.14495754	0.74860877	0.9362265126992814	-0.12574509057216243	ENSG00000171150.9	SOCS5	False
ENST00000546266	22.6	1.6986876	1.5533912	-0.14529634	0.88049966	0.9748949618261566	-0.05527080691920986	ENSG00000135336.16	ORC3	False
ENST00000304030	74.3642	3.6980212	3.5526109	-0.1454103	0.72959584	0.9317594251458877	-0.13691765094070016	ENSG00000171291.9	ZNF439	False
ENST00000612477	356.65756	6.0000787	5.8546352	-0.14544344	0.59151053	0.8844109433291127	-0.22803751656139512	ENSG00000139668.9	WDFY2	True
ENST00000534938	38.308365	2.8247092	2.6791723	-0.1455369	0.8250705	0.9603060401966621	-0.08350894040137406	ENSG00000119616.11	FCF1	False
ENST00000370661	74.638374	3.4488914	3.3033242	-0.14556718	0.91712564	0.9827239322494694	-0.03757116376332255	ENSG00000129680.16	MAP7D3	False
ENST00000423485	88.84099	4.316073	4.170382	-0.14569092	0.79289144	0.950284963427056	-0.10078626921551666	ENSG00000131747.15	TOP2A	False
ENST00000369022	509.7976	6.7132697	6.5674534	-0.14581633	0.6069846	0.8902072735238908	-0.2168223164432422	ENSG00000146285.15	SCML4	False
ENST00000379016	174.4236	3.4870026	3.341186	-0.14581656	0.9335176	0.9868081601429025	-0.02987750120894539	ENSG00000110422.12	HIPK3	False
ENST00000417584	1332.5945	8.091403	7.9455175	-0.14588547	0.5162634	0.8587697515903885	-0.2871286414281473	ENSG00000135821.19	GLUL	False
ENST00000704422	78.35064	3.144432	2.9984663	-0.14596581	0.92251074	0.9842542511459073	-0.0350285675431427	ENSG00000148737.18	TCF7L2	False
ENST00000371158	37.483658	1.8698865	1.7238446	-0.14604187	0.9142337	0.9818836633608401	-0.03894278136187582	ENSG00000132849.22	PATJ	False
ENST00000656825	3179.9956	9.222519	9.076461	-0.14605808	0.37394282	0.8216366408512873	-0.42719479858457	ENSG00000070831.18	CDC42	False
ENST00000370996	303.5	5.6302285	5.483865	-0.14636374	0.6631644	0.9108073128400928	-0.1783788105572104	ENSG00000132825.7	PPP1R3D	False
ENST00000582019	50.383762	3.4976044	3.351026	-0.14657831	0.6698594	0.9130319046815818	-0.17401633783376802	ENSG00000169696.16	ASPSCR1	False
ENST00000484216	76290.73	13.183696	13.037109	-0.14658642	0.9084668	0.9806896596019142	-0.04169093177220159	ENSG00000188536.13	HBA2	False
ENST00000368012	52.884655	3.3424957	3.1958117	-0.14668393	0.57024175	0.8768692392893742	-0.24394098972549433	ENSG00000143217.9	NECTIN4	False
ENST00000308158	50.73231	3.231569	3.0847807	-0.14678836	0.6617957	0.9104548772915186	-0.17927607489462163	ENSG00000175309.15	PHYKPL	False
ENST00000405303	208.8	5.151058	5.004238	-0.14682007	0.72448665	0.9291173189122098	-0.139969613371884	ENSG00000169762.17	TAPT1	False
ENST00000496424	61.493572	3.4702313	3.3233528	-0.14687848	0.6855655	0.9173021276178854	-0.16395106367798862	ENSG00000148655.16	LRMDA	False
ENST00000565076	31.050537	2.4510577	2.3041677	-0.14688993	0.8330499	0.9622308638046718	-0.07932898686407079	ENSG00000101307.16	SIRPB1	True
ENST00000272519	192.58475	5.260514	5.113568	-0.14694595	0.6694525	0.9128606008228843	-0.17428023978441415	ENSG00000144118.14	RALB	False
ENST00000635175	1111.2483	7.7577987	7.6106043	-0.14719439	0.630535	0.8998400021113475	-0.2002907969294572	ENSG00000122545.22	SEPTIN7	True
ENST00000688649	85.4706	1.9791113	1.8318812	-0.14723015	0.93012834	0.9859745741870203	-0.03145712483226721	ENSG00000113648.17	MACROH2A1	False
ENST00000641276	107.1224	4.2655764	4.1182885	-0.14728785	0.5605119	0.8737225059335263	-0.2514151726574253	ENSG00000177201.3	OR2T12	False
ENST00000475180	9.074249	1.0617532	0.9143919	-0.14736128	0.83329624	0.9622308638046718	-0.07920057811903253	ENSG00000133606.11	MKRN1	True
ENST00000367470	155.83304	3.2648792	3.1173038	-0.14757538	0.9329888	0.9865976644920984	-0.03012355922557478	ENSG00000157181.16	ODR4	False
ENST00000713780	17.24609	2.1148622	1.9672239	-0.14763832	0.7804255	0.9455001254750774	-0.10766855484767485	ENSG00000046604.15	DSG2	False
ENST00000626993	662.98254	6.998486	6.8506126	-0.1478734	0.513339	0.8579435221911546	-0.2895957540822609	ENSG00000163349.22	HIPK1	False
ENST00000713685	276.54184	5.083552	4.9356704	-0.14788151	0.8965975	0.9787719363421314	-0.04740247418437313	ENSG00000134755.19	DSC2	False
ENST00000394295	184.40805	5.1509843	5.0030937	-0.14789057	0.4971107	0.8537766521893764	-0.3035468935173179	ENSG00000196975.16	ANXA4	False
ENST00000338896	7.3	0.96861047	0.82070005	-0.14791042	0.7386563	0.9345775597603275	-0.13155760405666345	ENSG00000256660.7	CLEC12B	False
ENST00000359523	434.52557	6.1486993	6.0006437	-0.14805555	0.7425453	0.9352336696717043	-0.12927704256031805	ENSG00000197965.12	MPZL1	False
ENST00000368108	94.9	4.204661	4.0565968	-0.14806414	0.667835	0.9124991026791659	-0.17533082594853272	ENSG00000158716.9	DUSP23	False
ENST00000511629	25.767324	2.0139828	1.8658428	-0.14813995	0.82729846	0.9612421074538889	-0.0823377828474929	ENSG00000183474.16	GTF2H2C	True
ENST00000238738	1499.0587	8.132581	7.9842606	-0.1483202	0.61110526	0.8922290531111089	-0.21388397583951604	ENSG00000119729.12	RHOQ	False
ENST00000281703	544.3078	6.6741486	6.525797	-0.14835167	0.69580483	0.9206832478772543	-0.15751255815365522	ENSG00000151948.12	GLT1D1	False
ENST00000372079	41.88963	1.467522	1.3191469	-0.14837515	0.9097899	0.9809269981133781	-0.041058879306876274	ENSG00000117450.15	PRDX1	False
ENST00000578049	516.10754	6.533175	6.384718	-0.14845705	0.58449626	0.8819641855083519	-0.23321826363213516	ENSG00000265808.4	SEC22B	False
ENST00000614886	10.426912	1.0374652	0.8890002	-0.14846504	0.8405907	0.9640760333298781	-0.0754154112247047	ENSG00000010318.22	PHF7	False
ENST00000436584	63.010323	3.5330257	3.384389	-0.14863682	0.7116798	0.9252573768236176	-0.14771535090382013	ENSG00000105383.15	CD33	False
ENST00000345239	63.400066	3.34954	3.200872	-0.14866805	0.7564692	0.9380515844258299	-0.12120875545712097	ENSG00000164347.18	GFM2	False
ENST00000560869	909.6761	7.345959	7.19712	-0.148839	0.66714764	0.9124991026791659	-0.17577804826522014	ENSG00000185215.11	TNFAIP2	False
ENST00000563926	21.385052	1.86387	1.7149647	-0.14890528	0.86781657	0.9710997026003259	-0.06157206304430321	ENSG00000077238.14	IL4R	False
ENST00000312849	45.10667	2.609815	2.4606931	-0.14912176	0.8725137	0.9725407766505689	-0.05922773942739232	ENSG00000181016.9	LSMEM1	False
ENST00000563659	14.895889	1.8452395	1.6961174	-0.14912212	0.7670289	0.9412919837748902	-0.11518825671812974	ENSG00000198373.13	WWP2	False
ENST00000253108	143.05624	4.831852	4.68249	-0.14936209	0.65301514	0.9068527311245123	-0.18507675177663013	ENSG00000130811.12	EIF3G	False
ENST00000537328	477.29742	6.5067196	6.35735	-0.14936972	0.6785864	0.9156795930024131	-0.16839483361327245	ENSG00000134825.16	TMEM258	False
ENST00000344103	16.0	1.9297261	1.7802308	-0.14949536	0.828506	0.9615679820520636	-0.08170434582112501	ENSG00000089012.14	SIRPG	False
ENST00000356708	43.6593	2.7212837	2.5717628	-0.14952087	0.84994054	0.9659481202504552	-0.07061145633899076	ENSG00000165629.20	ATP5F1C	False
ENST00000066544	222.65256	5.396765	5.2470994	-0.14966583	0.62947536	0.8998400021113475	-0.20102126846733767	ENSG00000004897.12	CDC27	False
ENST00000581355	11.43478	0.93903047	0.78929627	-0.1497342	0.83667254	0.96299534456408	-0.0774444822115453	ENSG00000256525.8	POLG2	False
ENST00000320054	146.85875	4.5935183	4.4437537	-0.14976454	0.7505788	0.9364552947652945	-0.12460369436010689	ENSG00000165630.15	PRPF18	False
ENST00000574428	88.86543	4.1294327	3.9796562	-0.14977646	0.5812985	0.8807287155652309	-0.23560081975052705	ENSG00000123472.13	ATPAF1	False
ENST00000456179	37.920845	2.1584635	2.0086713	-0.1497922	0.9059961	0.9799172804063941	-0.042873679374235425	ENSG00000165775.18	FUNDC2	False
ENST00000417056	24.622707	1.878362	1.7284806	-0.14988148	0.8341737	0.962643068203717	-0.07874351755013487	ENSG00000135842.17	NIBAN1	True
ENST00000458360	18.415218	1.6662394	1.5160713	-0.15016806	0.9086985	0.9807640036804325	-0.0415801892232734	ENSG00000101040.20	ZMYND8	False
ENST00000376573	1785.8119	8.659852	8.509679	-0.15017319	0.7117938	0.9253207749023556	-0.14764581119243228	ENSG00000150867.14	PIP4K2A	False
ENST00000436087	211.31438	5.1118293	4.9616246	-0.15020466	0.80501026	0.9552005372235465	-0.09419858489365106	ENSG00000183621.15	ZNF438	False
ENST00000585169	52.93577	2.7711942	2.620878	-0.15031624	0.90424466	0.9799172804063941	-0.04371404663740156	ENSG00000132589.16	FLOT2	False
ENST00000394908	52.93577	2.7711942	2.620878	-0.15031624	0.90424466	0.9799172804063941	-0.04371404663740156	ENSG00000132589.16	FLOT2	False
ENST00000336032	2543.6255	8.833394	8.683029	-0.15036488	0.539628	0.867777183814941	-0.2679055006842058	ENSG00000146278.11	PNRC1	False
ENST00000533099	81.70387	2.9166336	2.7662177	-0.1504159	0.91861707	0.9833593778395493	-0.03686548879306036	ENSG00000185946.16	RNPC3	False
ENST00000689445	75.120804	2.7200248	2.5693302	-0.15069461	0.9102981	0.9809361663924436	-0.04081635941977058	ENSG00000170836.13	PPM1D	False
ENST00000379965	288.0317	5.5812798	5.430542	-0.15073776	0.8221369	0.9596230182737303	-0.0850558700131231	ENSG00000132274.17	TRIM22	False
ENST00000568449	496.28427	6.503887	6.353094	-0.15079308	0.65667045	0.909001728958572	-0.1826525256418068	ENSG00000197774.14	EME2	False
ENST00000409228	251.69682	5.106042	4.9550095	-0.15103245	0.9099549	0.9809269981133781	-0.040980129407975865	ENSG00000081320.12	STK17B	False
ENST00000547691	17.87273	1.6093057	1.4581558	-0.15114999	0.89727193	0.979053726529255	-0.047075917814642314	ENSG00000198707.17	CEP290	False
ENST00000588783	66.25141	3.4991453	3.3479025	-0.15124273	0.879713	0.9747123089375246	-0.05565899073409959	ENSG00000181038.14	METTL23	False
ENST00000511529	96.321304	3.2593076	3.1080275	-0.15128016	0.927044	0.9851102616776123	-0.03289966457598195	ENSG00000174720.18	LARP7	False
ENST00000486199	439.49292	6.4856296	6.334337	-0.15129232	0.60737365	0.8903837439043735	-0.21654404976500236	ENSG00000129292.21	PHF20L1	False
ENST00000234313	921.0	7.411595	7.2602673	-0.15132761	0.7609183	0.9395198466545356	-0.11866196006728351	ENSG00000115956.10	PLEK	False
ENST00000614400	20.876186	1.9431707	1.7917649	-0.15140581	0.7717592	0.9428393022090433	-0.1125181779076761	ENSG00000277200.2	CCDC92B	False
ENST00000361557	530.7861	6.4679065	6.3164783	-0.15142822	0.67696464	0.9150876468922042	-0.16943401489801918	ENSG00000198961.10	PJA2	False
ENST00000614860	15.20976	1.4644665	1.312911	-0.15155542	0.8729043	0.9726545809114232	-0.05903336678764188	ENSG00000132952.12	USPL1	False
ENST00000430262	581.80646	6.733272	6.5816007	-0.15167141	0.5791223	0.8799660572403326	-0.23722970787692502	ENSG00000198740.9	ZNF652	False
ENST00000482349	9.935221	1.4143348	1.2626423	-0.15169251	0.8725536	0.9725407766505689	-0.05920789181139949	ENSG00000113812.14	ACTR8	False
ENST00000311124	344.51187	5.783968	5.6322436	-0.15172434	0.79042816	0.9495309400752145	-0.1021375949655131	ENSG00000173638.19	SLC19A1	False
ENST00000298510	63.2	3.1683452	3.0164514	-0.15189385	0.8289433	0.9615679820520636	-0.08147516794714173	ENSG00000165672.7	PRDX3	False
ENST00000337288	332.7	5.9840775	5.832114	-0.15196323	0.6191505	0.8960176400207205	-0.20820375843429348	ENSG00000084090.14	STARD7	False
ENST00000414069	13.252978	1.3024148	1.1502398	-0.15217495	0.7922622	0.9502251718469603	-0.1011310663066616	ENSG00000203772.8	SPRN	False
ENST00000372114	103.46596	4.020706	3.8685305	-0.15217566	0.831995	0.9620066277152278	-0.07987927824374479	ENSG00000172315.6	TP53RK	False
ENST00000370645	271.65726	5.736465	5.5839767	-0.15248823	0.5733679	0.877589260808717	-0.24156662945915428	ENSG00000174021.12	GNG5	True
ENST00000443035	252.09634	5.676584	5.523949	-0.15263462	0.64264834	0.9036259336282183	-0.19202661042265995	ENSG00000174485.16	DENND4A	False
ENST00000377673	64.25989	3.5647771	3.412106	-0.1526711	0.67731625	0.9151541648517211	-0.1692085058004642	ENSG00000204856.12	FAM216A	True
ENST00000522543	220.6409	5.4557433	5.302959	-0.15278435	0.82125264	0.959616584378367	-0.08552321919812172	ENSG00000029534.22	ANK1	False
ENST00000650197	37.69645	1.5927649	1.4399267	-0.15283811	0.9137588	0.9817646928607268	-0.03916842070600392	ENSG00000134371.15	CDC73	False
ENST00000428792	239.19145	5.410955	5.258056	-0.15289879	0.58944875	0.8835878660490217	-0.22955394892594988	ENSG00000099977.16	DDT	False
ENST00000315212	176.01729	5.1561003	5.003145	-0.15295506	0.62186724	0.8967648830813091	-0.2063023216072532	ENSG00000171865.10	RNASEH1	False
ENST00000300714	184.7	5.029554	4.8765097	-0.15304422	0.7733365	0.9432763761087828	-0.11163147477446231	ENSG00000167302.11	TEPSIN	False
ENST00000380698	332.1051	6.082466	5.9293914	-0.15307474	0.5169411	0.8587697515903885	-0.28655896211061727	ENSG00000170542.6	SERPINB9	False
ENST00000672766	500.83398	6.6223598	6.469091	-0.15326881	0.6904018	0.9189182498219659	-0.16089808970992922	ENSG00000172086.9	KRCC1	False
ENST00000585731	67.68498	3.2350433	3.081718	-0.15332532	0.916338	0.9825934581097044	-0.03794429055308217	ENSG00000071564.19	TCF3	False
ENST00000492830	115.50127	4.560885	4.4075127	-0.15337229	0.65320885	0.9069338587396417	-0.18494793865054912	ENSG00000159461.15	AMFR	False
ENST00000505890	115.80544	4.172303	4.0185494	-0.15375376	0.9303614	0.9859745741870203	-0.03134832107457977	ENSG00000181381.15	DDX60L	False
ENST00000615724	9.56552	1.0969057	0.9430706	-0.15383512	0.90032154	0.9795430635977802	-0.04560235777706817	ENSG00000023909.10	GCLM	False
ENST00000491998	15.713324	2.0133462	1.8595062	-0.15383995	0.8383164	0.9635104544470567	-0.07659204750144562	ENSG00000169598.17	DFFB	False
ENST00000373358	178.39001	5.00021	4.846162	-0.15404797	0.69626474	0.9208130999550951	-0.15722559528632474	ENSG00000102390.11	PBDC1	False
ENST00000334746	45.00699	2.6784909	2.524438	-0.15405297	0.9009994	0.9796225385914418	-0.045275485291248405	ENSG00000011114.15	BTBD7	False
ENST00000676340	209.08884	5.267309	5.1131005	-0.15420866	0.6803101	0.9163453126624377	-0.16729310020423602	ENSG00000166801.17	FAM111A	False
ENST00000484937	29.298462	1.7860152	1.6317701	-0.15424502	0.90619284	0.9799172804063941	-0.04277937399507275	ENSG00000132849.22	PATJ	False
ENST00000555295	163.35938	5.1310363	4.976609	-0.15442705	0.67341185	0.9141900609544965	-0.17171924809486463	ENSG00000100836.11	PABPN1	True
ENST00000506955	11.319627	1.394477	1.2400053	-0.15447176	0.85424966	0.9673135122840025	-0.06841518731444433	ENSG00000146067.17	FAM193B	False
ENST00000284727	403.64166	6.2441826	6.0896187	-0.1545639	0.57204425	0.8771852707673807	-0.24257037288180286	ENSG00000154518.10	ATP5MC3	False
ENST00000375050	85.8	4.256398	4.1017528	-0.15464544	0.5287381	0.8638331966906078	-0.2767594091517747	ENSG00000204304.12	PBX2	False
ENST00000333884	57.564533	3.5600014	3.4051828	-0.15481853	0.8318668	0.9619437525431535	-0.0799462077418519	ENSG00000088053.11	GP6	False
ENST00000244709	238.149	5.4092183	5.254368	-0.15485048	0.6492506	0.9059168869193345	-0.18758762257941794	ENSG00000124731.13	TREM1	False
ENST00000566423	289.31354	5.574779	5.4198427	-0.15493631	0.6916069	0.9190096639099691	-0.16014069556201946	ENSG00000128989.11	ARPP19	False
ENST00000373335	12.193829	1.1614804	1.0064585	-0.1550219	0.8153841	0.9574549835822188	-0.08863776690366328	ENSG00000131174.7	COX7B	True
ENST00000381140	668.58014	7.062687	6.907412	-0.15527487	0.6164178	0.8945130946178907	-0.2101248110898476	ENSG00000122034.17	GTF3A	False
ENST00000419155	68.70096	3.823289	3.6677449	-0.15554404	0.75927794	0.938790070041057	-0.11959921801204736	ENSG00000119403.15	PHF19	False
ENST00000396602	88.883255	3.8751094	3.7193205	-0.1557889	0.8088599	0.9558782084971594	-0.0921267028066563	ENSG00000166478.10	ZNF143	False
ENST00000696424	128.23398	4.064601	3.9086995	-0.15590143	0.92366993	0.9842542511459073	-0.03448319255981841	ENSG00000160211.20	G6PD	False
ENST00000243706	139.6252	4.630116	4.474019	-0.15609694	0.7326158	0.9328989707216432	-0.13512370243086666	ENSG00000214367.10	HAUS3	False
ENST00000509982	11.33917	1.1996098	1.0434096	-0.15620017	0.90762967	0.9805622461051541	-0.04209131628249671	ENSG00000008128.23	CDK11A	False
ENST00000416283	111.9554	4.3079824	4.1516733	-0.15630913	0.6983773	0.9212025833663481	-0.15590987836290968	ENSG00000006576.17	PHTF2	False
ENST00000572485	113.382835	3.7965648	3.6401525	-0.15641236	0.9160848	0.982511203280513	-0.03806431044257402	ENSG00000181856.15	SLC2A4	False
ENST00000600821	16.440088	1.9625229	1.805954	-0.15656888	0.7394234	0.9345775597603275	-0.13110681314534686	ENSG00000196214.11	ZNF766	False
ENST00000544905	45.39168	3.215121	3.0584989	-0.15662217	0.68876094	0.9181348553753873	-0.16193149228569706	ENSG00000248098.12	BCKDHA	False
ENST00000232905	363.9	6.26782	6.111128	-0.15669203	0.6763381	0.9147941027881961	-0.16983616190471817	ENSG00000114784.4	EIF1B	False
ENST00000469762	126.222244	3.9978313	3.841044	-0.1567874	0.86437595	0.9705231554257557	-0.06329732578087077	ENSG00000113810.16	SMC4	False
ENST00000374980	1741.4	8.352596	8.195702	-0.15689468	0.5900998	0.8837537276609903	-0.22907452405120676	ENSG00000125977.7	EIF2S2	False
ENST00000440209	72.12394	3.693969	3.536994	-0.15697503	0.7162543	0.9268660837715982	-0.14493276143702397	ENSG00000001631.17	KRIT1	False
ENST00000252891	88.86074	4.158983	4.0019684	-0.15701485	0.7103107	0.9246761569437865	-0.1485516446347771	ENSG00000105245.9	NUMBL	False
ENST00000397641	157.06792	4.8230205	4.665578	-0.15744257	0.6407283	0.9030378888992515	-0.19332609694519812	ENSG00000133422.14	MORC2	False
ENST00000261180	28.539417	2.355292	2.1978436	-0.15744853	0.81108457	0.9563933529011291	-0.090933861302616	ENSG00000072657.10	TRHDE	False
ENST00000299240	60.081318	3.5460346	3.388505	-0.15752959	0.7220618	0.9285152025899402	-0.14142562259297006	ENSG00000052841.16	TTC17	False
ENST00000509730	9.277272	1.055327	0.89767194	-0.15765512	0.74950945	0.936236640367669	-0.12522288490273287	ENSG00000152700.14	SAR1B	False
ENST00000677572	29.338934	2.5125532	2.3548596	-0.15769362	0.81373894	0.9569372134995232	-0.08951489998746585	ENSG00000010278.15	CD9	False
ENST00000635932	121.989456	4.49247	4.3347597	-0.15771008	0.8001091	0.9529847055285272	-0.09685079642133902	ENSG00000179859.10	RNF227	False
ENST00000334529	86.07072	3.8443735	3.6864629	-0.15791059	0.77098536	0.9426301048560082	-0.11295386578489602	ENSG00000186265.10	BTLA	False
ENST00000540243	309.38892	5.8495364	5.691474	-0.15806246	0.7285603	0.9313879942172696	-0.13753448062325496	ENSG00000143033.18	MTF2	False
ENST00000530277	45.376877	3.1847725	3.0266042	-0.15816832	0.89045435	0.97688540448899	-0.05038833922735644	ENSG00000166257.10	SCN3B	True
ENST00000620660	130.43645	4.509738	4.3514376	-0.1583004	0.77279586	0.9432727370709886	-0.11193521542485567	ENSG00000163785.14	RYK	False
ENST00000298573	209.2729	5.284409	5.1257405	-0.15866852	0.47233954	0.8496956940584058	-0.32574569702818756	ENSG00000111266.9	DUSP16	False
ENST00000309032	19.187618	2.1120126	1.9532993	-0.15871334	0.7722062	0.9429448836126253	-0.11226672294377574	ENSG00000002330.14	BAD	False
ENST00000628453	247.65508	4.9251475	4.7662754	-0.15887213	0.93607485	0.987643340702197	-0.028689421645984474	ENSG00000205045.13	SLFN12L	False
ENST00000285083	34.948513	2.2233908	2.0644138	-0.15897703	0.85478806	0.967461891822817	-0.06814155033535209	ENSG00000154814.14	OXNAD1	False
ENST00000636667	283.19476	5.705642	5.546609	-0.1590333	0.7028693	0.922182151926897	-0.15312542785554573	ENSG00000114062.22	UBE3A	False
ENST00000409753	548.1876	6.495266	6.3361197	-0.15914631	0.7101422	0.9246331852359964	-0.14865468167762563	ENSG00000189159.16	JPT1	False
ENST00000397120	28.456415	2.337548	2.1783714	-0.15917659	0.7978105	0.9519383560243246	-0.09810025500653681	ENSG00000213983.12	AP1G2	False
ENST00000482621	105.13054	3.0804539	2.9210596	-0.15939426	0.9215924	0.9842353161448519	-0.03546110858107159	ENSG00000221978.13	CCNL2	True
ENST00000373365	82.1	3.6843364	3.5247102	-0.15962625	0.79965264	0.9527796250141717	-0.09709862676726494	ENSG00000124767.7	GLO1	False
ENST00000420864	50.991955	2.8584013	2.6987545	-0.15964675	0.84186625	0.9642057731152803	-0.07475689830220254	ENSG00000128654.14	MTX2	True
ENST00000331434	51.016438	3.5900803	3.4304104	-0.15966988	0.7795829	0.9450069992259602	-0.1081376857603301	ENSG00000182307.14	C8orf33	False
ENST00000310455	264.25797	5.385517	5.2257752	-0.15974188	0.61458707	0.8935328187316467	-0.2114165819141668	ENSG00000173281.5	PPP1R3B	False
ENST00000401061	341.03592	5.8257957	5.665983	-0.15981245	0.5497057	0.8698453977153369	-0.25986977222577656	ENSG00000132763.15	MMACHC	False
ENST00000406451	46.256866	2.8777037	2.7177866	-0.15991712	0.8879152	0.9762929623608356	-0.051628512286306195	ENSG00000048052.25	HDAC9	False
ENST00000298159	44.91118	2.5928922	2.4329572	-0.159935	0.8802608	0.9748224213325505	-0.055388625414705114	ENSG00000165410.15	CFL2	False
ENST00000371378	103.51222	3.9612675	3.8012834	-0.15998411	0.7531903	0.9367761286654671	-0.12309529380789622	ENSG00000081870.12	IFT25	False
ENST00000558181	190.77292	5.0595217	4.8995256	-0.15999603	0.73411417	0.9332857513397641	-0.1342363929756073	ENSG00000128915.12	ICE2	True
ENST00000699576	45.32924	2.310189	2.1500244	-0.1601646	0.89383835	0.9779700292791195	-0.04874101787780065	ENSG00000081087.16	OSTM1	True
ENST00000696068	8.65526	1.0169967	0.85683	-0.16016674	0.8933872	0.9778488303920384	-0.048960274925683736	ENSG00000064012.24	CASP8	False
ENST00000420826	1889.709	8.413047	8.252835	-0.16021156	0.50999194	0.8568035079821409	-0.2924366842454214	ENSG00000188612.12	SUMO2	False
ENST00000380003	86.666916	3.1438236	2.9835699	-0.16025376	0.87991005	0.9747520106879182	-0.05556172102443544	ENSG00000147894.17	C9orf72	False
ENST00000366927	88.7	4.030743	3.870427	-0.16031623	0.7409051	0.9350236387210914	-0.13023741219644427	ENSG00000143353.12	LYPLAL1	False
ENST00000393350	152.49612	4.7165084	4.5561905	-0.1603179	0.76247174	0.939913304152022	-0.11777625080569114	ENSG00000178573.7	MAF	False
ENST00000491614	341.11017	6.099983	5.9396076	-0.1603756	0.58337164	0.881844908962138	-0.23405468802860815	ENSG00000165609.14	NUDT5	False
ENST00000612220	93.33256	4.1337285	3.9733338	-0.16039467	0.5301507	0.8648242843919811	-0.2756006513724092	ENSG00000013810.21	TACC3	False
ENST00000381061	178.70802	5.186329	5.025932	-0.16039705	0.6220219	0.8967648830813091	-0.2061943150570249	ENSG00000130638.18	ATXN10	False
ENST00000368170	116.3016	4.257139	4.0966043	-0.16053486	0.74163055	0.9352195071985765	-0.12981238613598037	ENSG00000158481.13	CD1C	False
ENST00000510732	29.054409	1.6090792	1.4484348	-0.16064441	0.889232	0.9766784675728976	-0.05098492696571553	ENSG00000175471.20	MCTP1	False
ENST00000438828	30.25706	1.9050665	1.7443756	-0.1606909	0.86780196	0.9710997026003259	-0.06157937117350687	ENSG00000138380.18	CARF	False
ENST00000452274	44.623783	2.8121824	2.651479	-0.16070342	0.88402265	0.9757721701424954	-0.053536606037238664	ENSG00000074054.21	CLASP1	False
ENST00000502871	108.62534	4.4728236	4.3113737	-0.16144991	0.71265805	0.9253601269841094	-0.14711880623607596	ENSG00000138756.19	BMP2K	False
ENST00000045347	17.194798	1.6216751	1.4601642	-0.16151094	0.8586678	0.9684663890382288	-0.06617482742526036	ENSG00000042317.17	SPATA7	False
ENST00000514639	104.50856	3.857442	3.6954858	-0.16195607	0.7979602	0.952060519711832	-0.09801875764361882	ENSG00000109458.10	GAB1	False
ENST00000369313	89.466324	3.4539669	3.291832	-0.16213489	0.9102506	0.9809361663924436	-0.040839024143441476	ENSG00000121851.13	POLR3GL	False
ENST00000488034	390.0257	6.2880917	6.1257296	-0.1623621	0.5786851	0.8798183608129018	-0.23755769608129065	ENSG00000112514.18	CUTA	False
ENST00000448223	29.90892	2.2406662	2.077941	-0.16272521	0.87913805	0.9746659813132817	-0.05594292160947026	ENSG00000163029.16	SMC6	False
ENST00000299299	17.3	1.9213117	1.7585857	-0.16272604	0.7874236	0.9484225667193386	-0.10379156714617531	ENSG00000166228.9	PCBD1	True
ENST00000644155	439.70932	6.061814	5.8990226	-0.16279125	0.59847385	0.8870710539601689	-0.22295482335248457	ENSG00000131626.19	PPFIA1	False
ENST00000372146	100.87083	4.1241126	3.961267	-0.16284561	0.7962821	0.9513914343252948	-0.09893304000281056	ENSG00000125484.12	GTF3C4	False
ENST00000294678	125.104324	3.6975863	3.5346012	-0.16298509	0.9197811	0.9837675617674718	-0.03631552398749258	ENSG00000122417.16	ODF2L	False
ENST00000612413	239.36792	5.464523	5.3015003	-0.16302252	0.7343573	0.9332857513397641	-0.13409258512085973	ENSG00000141552.18	ANAPC11	False
ENST00000647377	1310.0192	7.902622	7.7394786	-0.16314363	0.58549786	0.8820984150529122	-0.23247469080205904	ENSG00000065413.20	ANKRD44	False
ENST00000336273	1043.3735	7.7285137	7.5653396	-0.16317415	0.43297172	0.8425983519898724	-0.36354047320317834	ENSG00000147649.10	MTDH	False
ENST00000536364	52.7	3.2615557	3.098351	-0.16320467	0.83776635	0.9632374861020546	-0.07687708799488999	ENSG00000184887.14	BTBD6	False
ENST00000396912	43.4	2.8469875	2.6837673	-0.16322017	0.7784694	0.9445930724984782	-0.10875846305014267	ENSG00000146587.18	RBAK	False
ENST00000532828	224.773	5.512754	5.349431	-0.16332293	0.74013335	0.9345775597603275	-0.13069002913950495	ENSG00000245680.11	ZNF585B	False
ENST00000336812	163.7	4.8878484	4.724514	-0.16333437	0.6844205	0.9173021276178854	-0.16467697428160502	ENSG00000109606.13	DHX15	False
ENST00000251269	25.600122	2.2450385	2.0816948	-0.16334367	0.87538654	0.9732432132574479	-0.05780013733583779	ENSG00000159905.15	ZNF221	False
ENST00000615234	1412.5802	7.8932195	7.7298594	-0.16336012	0.62750906	0.8990447799084473	-0.20238000115631574	ENSG00000099817.12	POLR2E	False
ENST00000503518	42.713833	2.8301952	2.6666768	-0.16351843	0.8481341	0.9657887474168751	-0.0715354750127661	ENSG00000125388.20	GRK4	True
ENST00000046640	215.44595	5.4259853	5.2624183	-0.16356707	0.66658056	0.9121934046677811	-0.17614735757204625	ENSG00000040531.16	CTNS	False
ENST00000495461	672.60535	6.933389	6.769756	-0.16363335	0.42965633	0.840824720967489	-0.3668787887559242	ENSG00000113811.12	SELENOK	False
ENST00000260010	1570.2751	7.765814	7.602172	-0.16364193	0.7925001	0.9502251718469603	-0.10100068599415224	ENSG00000137462.10	TLR2	False
ENST00000710397	76.7	3.8471143	3.6834393	-0.16367507	0.6636061	0.9108073128400928	-0.17808962577269852	ENSG00000104756.17	KCTD9	False
ENST00000221200	76.7	3.8471143	3.6834393	-0.16367507	0.6636061	0.9108073128400928	-0.17808962577269852	ENSG00000104756.17	KCTD9	False
ENST00000405002	11.508872	1.479205	1.3154823	-0.16372275	0.8082539	0.9556108891518913	-0.0924521995741483	ENSG00000144504.16	ANKMY1	False
ENST00000521861	1309.4114	7.920625	7.7568665	-0.16375875	0.6153043	0.8941876930917578	-0.21091005604968016	ENSG00000147677.12	EIF3H	False
ENST00000343742	20.61568	1.2047449	1.0408732	-0.16387177	0.85896933	0.9684663890382288	-0.06602234223099858	ENSG00000188906.17	LRRK2	False
ENST00000397128	254.48103	5.4845448	5.320669	-0.16387558	0.73548466	0.9332952846121519	-0.13342638111370872	ENSG00000132356.12	PRKAA1	False
ENST00000423484	89.00016	3.9212244	3.7572646	-0.16395974	0.8447056	0.9647067702622658	-0.07329463606677222	ENSG00000234444.10	ZNF736	False
ENST00000316436	68.48562	3.5534544	3.3892481	-0.16420627	0.83094126	0.9617724706824102	-0.08042967587882412	ENSG00000179564.4	LSMEM2	False
ENST00000306802	190.15034	5.1555777	4.9913473	-0.16423035	0.7449165	0.935882830083255	-0.12789240671906238	ENSG00000138688.17	BLTP1	False
ENST00000480003	330.37527	5.8821907	5.71793	-0.16426086	0.7824876	0.9462488711202854	-0.10652255190928663	ENSG00000117335.21	CD46	False
ENST00000378904	61.74342	3.4760559	3.3112547	-0.16480112	0.73813754	0.9344630779843305	-0.13186270499582023	ENSG00000183060.16	LYSMD4	True
ENST00000590018	12.1	1.0645294	0.89963305	-0.16489637	0.83887154	0.9638007869725905	-0.07630454016260273	ENSG00000125746.18	EML2	False
ENST00000510994	51.6157	3.1032593	2.9381807	-0.16507864	0.8064686	0.9552005372235465	-0.09341253405112714	ENSG00000129055.13	ANAPC13	True
ENST00000618336	33.409893	2.582043	2.4168434	-0.16519952	0.6776281	0.9152315315422074	-0.16900859295708096	ENSG00000106952.8	TNFSF8	True
ENST00000349893	80.06828	3.1303756	2.9648116	-0.16556406	0.9091736	0.980874875715565	-0.04135317979021932	ENSG00000105669.14	COPE	False
ENST00000517309	475.5334	6.602241	6.4366736	-0.1655674	0.16450132	0.8093544299533921	-0.7838306014700608	ENSG00000156471.13	PTDSS1	False
ENST00000304568	48.572	3.3380172	3.1723647	-0.16565251	0.6153781	0.8942303074621656	-0.21085797627747802	ENSG00000168955.4	TM4SF20	False
ENST00000375167	5.97288	0.9271572	0.76149875	-0.16565847	0.7802408	0.9453902493372461	-0.10777135788519829	ENSG00000188486.4	H2AX	False
ENST00000696578	67.34186	2.344606	2.178781	-0.16582489	0.9230108	0.9842542511459073	-0.03479320504925092	ENSG00000130826.19	DKC1	False
ENST00000228741	133.36258	4.6002145	4.434345	-0.16586971	0.51671296	0.8587697515903885	-0.28675064249709814	ENSG00000111145.8	ELK3	False
ENST00000316694	127.91565	4.5553727	4.3894424	-0.16593027	0.5984001	0.8870710539601689	-0.22300833097959927	ENSG00000176974.22	SHMT1	False
ENST00000419322	35.13923	2.535664	2.3696713	-0.16599274	0.8127679	0.9569372134995232	-0.090033444813925	ENSG00000176155.21	CCDC57	False
ENST00000704485	322.494	5.706858	5.5408607	-0.1659975	0.80632144	0.9552005372235465	-0.09349179105799943	ENSG00000100811.15	YY1	False
ENST00000495610	145.9	4.8636637	4.697526	-0.1661377	0.6982172	0.9212025833663481	-0.1560094487249623	ENSG00000182866.18	LCK	False
ENST00000367385	160.50406	4.524415	4.358162	-0.16625309	0.79328007	0.9503201367047278	-0.10057345929426763	ENSG00000151414.15	NEK7	False
ENST00000504108	512.90594	6.5766263	6.410216	-0.16641045	0.51447463	0.8586675090427289	-0.2886360361942988	ENSG00000109790.18	KLHL5	False
ENST00000510898	124.90816	4.427383	4.2608705	-0.16651249	0.6942685	0.9200487664346836	-0.15847252346890492	ENSG00000146094.16	DOK3	False
ENST00000380502	126.92442	4.582206	4.4156523	-0.1665535	0.7155163	0.9263524993499126	-0.14538045074854405	ENSG00000147874.11	HAUS6	False
ENST00000456909	17.5	1.8283924	1.6616578	-0.16673458	0.8138965	0.9569372134995232	-0.08943083126584198	ENSG00000144589.22	STK11IP	False
ENST00000369089	255.89212	5.5755725	5.408652	-0.16692066	0.71983427	0.9280202813894063	-0.14276748237122414	ENSG00000057657.17	PRDM1	False
ENST00000362012	117.7	4.6365767	4.4695377	-0.16703892	0.7884165	0.9488931661220348	-0.10324429269477428	ENSG00000095303.17	PTGS1	False
ENST00000342422	639.4666	6.8934226	6.7260184	-0.16740417	0.4795959	0.8506036878052632	-0.31912453866026763	ENSG00000101084.19	RAB5IF	False
ENST00000377294	198.35532	4.979481	4.8120394	-0.16744184	0.6573909	0.9092904601187954	-0.18217631692908334	ENSG00000187626.9	ZKSCAN4	False
ENST00000332598	1141.0771	7.6844916	7.516991	-0.1675005	0.51917404	0.8596276200549111	-0.28468703200680534	ENSG00000184840.12	TMED9	False
ENST00000399035	1140.865	7.4997425	7.331934	-0.16780853	0.71730876	0.9272141667828993	-0.14429386557957627	ENSG00000122545.22	SEPTIN7	False
ENST00000534365	232.9874	5.216067	5.0482144	-0.1678524	0.76736265	0.9414816663086462	-0.11499934074567786	ENSG00000197852.12	INKA2	False
ENST00000692794	10.524763	1.1901064	1.0221082	-0.1679982	0.87850136	0.9745354193411873	-0.056257563992238586	ENSG00000130713.17	EXOSC2	False
ENST00000396123	52.65864	3.4389036	3.2707136	-0.16819	0.687414	0.9178436063724108	-0.16278163319083427	ENSG00000196208.14	GREB1	False
ENST00000254193	22.365622	1.4528723	1.2844466	-0.16842568	0.88693726	0.9762529517548046	-0.052107099815223754	ENSG00000131876.18	SNRPA1	False
ENST00000022615	140.7	4.6643853	4.495851	-0.16853428	0.6411504	0.9030378888992515	-0.19304007232698653	ENSG00000078668.14	VDAC3	False
ENST00000518898	13.988226	1.1050464	0.9364074	-0.168639	0.85188216	0.966826986744672	-0.0696204767441295	ENSG00000145736.15	GTF2H2	False
ENST00000394597	830.66534	7.2906876	7.1219625	-0.16872501	0.4969837	0.8537766521893764	-0.3036578488867895	ENSG00000092871.17	RFFL	False
ENST00000370282	193.89195	5.176078	5.0073214	-0.16875648	0.6459747	0.9049129263557762	-0.18978449398740377	ENSG00000117500.13	TMED5	False
ENST00000674370	324.62897	5.8744683	5.7057037	-0.16876459	0.6598122	0.9103157985469302	-0.18057965067163234	ENSG00000152133.17	GPATCH11	False
ENST00000674077	5.1355906	0.8242462	0.6553688	-0.16887742	0.8620905	0.9700337015692152	-0.06444712657502237	ENSG00000130368.7	MAS1	False
ENST00000556831	37.848232	2.6762545	2.50735	-0.16890454	0.86969775	0.9716996357993184	-0.0606316536820098	ENSG00000119705.10	SLIRP	False
ENST00000539556	23.507061	2.070709	1.9017165	-0.16899252	0.80004317	0.9529626287922844	-0.09688658036740619	ENSG00000153789.14	CIBAR2	False
ENST00000274712	1346.301	8.079936	7.91084	-0.169096	0.59169406	0.8844636541269182	-0.22790279278211023	ENSG00000146007.11	ZMAT2	False
ENST00000593135	66.42027	3.480469	3.3112314	-0.16923761	0.8760506	0.973643073359719	-0.05747081282586944	ENSG00000186185.14	KIF18B	False
ENST00000535432	841.2301	7.275831	7.106593	-0.16923809	0.628162	0.8993548591065981	-0.20192832107519199	ENSG00000112242.16	E2F3	False
ENST00000054666	66.68833	3.812198	3.642951	-0.16924691	0.6877699	0.9178436063724108	-0.16255684125935374	ENSG00000049245.13	VAMP3	False
ENST00000688290	11.475011	1.2603127	1.0908518	-0.1694609	0.8604809	0.9691554741577686	-0.06525876290517905	ENSG00000181555.22	SETD2	False
ENST00000337478	415.1	6.139219	5.9694614	-0.16975737	0.7058285	0.9227805806219989	-0.15130081710611443	ENSG00000148841.17	ITPRIP	False
ENST00000492164	24.658024	2.1408713	1.9709275	-0.16994381	0.8250101	0.9603060401966621	-0.08354072367982006	ENSG00000113845.10	TIMMDC1	False
ENST00000473940	7.1631203	0.86919886	0.69922495	-0.16997391	0.85493934	0.967461891822817	-0.06806469763062008	ENSG00000095794.21	CREM	False
ENST00000270625	2455.9036	8.8485155	8.678427	-0.17008877	0.6923987	0.9192063902011168	-0.1596437392994948	ENSG00000142534.7	RPS11	False
ENST00000396934	911.4421	7.513925	7.343704	-0.17022085	0.70715797	0.9234034770961242	-0.15048355988358358	ENSG00000186470.14	BTN3A2	False
ENST00000309522	24.34617	2.3129256	2.1426992	-0.17022634	0.8682802	0.9712385662512119	-0.06134011621578805	ENSG00000138796.18	HADH	False
ENST00000541970	191.50089	5.023908	4.8535514	-0.17035675	0.7833812	0.9465150449517197	-0.10602684196673696	ENSG00000071994.11	PDCD2	False
ENST00000373548	74.7	3.8439512	3.6734452	-0.170506	0.70311564	0.922182151926897	-0.1529732402961117	ENSG00000116478.12	HDAC1	False
ENST00000696136	644.7401	6.9219604	6.7512465	-0.1707139	0.3784318	0.8230751633283137	-0.4220123799513843	ENSG00000121966.8	CXCR4	False
ENST00000373049	242.48344	5.5061316	5.335225	-0.17090654	0.71311134	0.9255030053244286	-0.14684265667460628	ENSG00000147202.19	DIAPH2	False
ENST00000360954	85.11055	3.9329808	3.7620647	-0.17091608	0.559498	0.8736187755043462	-0.2522014522104287	ENSG00000125430.9	HS3ST3B1	False
ENST00000296603	222.7	5.3700085	5.1990905	-0.17091799	0.6935054	0.9197041494523714	-0.15895014893573078	ENSG00000164187.7	LMBRD2	False
ENST00000409300	133.68831	4.290465	4.1194954	-0.17096949	0.74561095	0.935882830083255	-0.12748772119847085	ENSG00000151164.19	RAD9B	False
ENST00000696125	16.186062	1.1065897	0.93561596	-0.17097372	0.8873671	0.9762929623608356	-0.051896662859483494	ENSG00000131374.15	TBC1D5	False
ENST00000396257	6.56157	0.61791795	0.4465958	-0.17132217	0.78168046	0.9457925762414158	-0.10697074151563359	ENSG00000106086.21	PLEKHA8	False
ENST00000652202	21.31367	2.1019351	1.9306095	-0.17132568	0.7560135	0.9379412011107189	-0.12147044206477602	ENSG00000189241.8	TSPYL1	False
ENST00000590474	120.89421	4.341973	4.170532	-0.1714406	0.6594587	0.9101539440874783	-0.18081239995877743	ENSG00000108984.16	MAP2K6	False
ENST00000467420	10.731804	1.5187483	1.3472935	-0.17145479	0.86617625	0.9709615110022777	-0.06239372972543669	ENSG00000151150.22	ANK3	False
ENST00000530257	146.20181	4.855659	4.6841617	-0.17149734	0.5500639	0.8698453977153369	-0.259586849918764	ENSG00000118363.13	SPCS2	False
ENST00000678225	12.079134	1.6901083	1.5185654	-0.17154288	0.75914395	0.938790070041057	-0.11967586555958967	ENSG00000085982.16	USP40	False
ENST00000697182	18.38315	1.4001808	1.2283785	-0.17180228	0.86693263	0.9710546236986305	-0.06201465030001397	ENSG00000143669.16	LYST	True
ENST00000694986	77.90715	3.5579405	3.3861315	-0.17180896	0.7481281	0.9359746432369647	-0.126024023306349	ENSG00000148735.16	PLEKHS1	False
ENST00000697272	30.3	2.8596747	2.6877599	-0.17191482	0.736017	0.9334787413514541	-0.13311216115559446	ENSG00000116670.16	MAD2L2	True
ENST00000269701	53.69856	2.3185484	2.1465657	-0.17198277	0.8974378	0.9790856921506778	-0.0469956366991439	ENSG00000105127.10	AKAP8	False
ENST00000223641	243.4	5.3613124	5.1892185	-0.17209387	0.70413476	0.9222985764678387	-0.15234421455574731	ENSG00000106803.10	SEC61B	False
ENST00000397826	16.6	1.3833896	1.2112814	-0.17210817	0.8227057	0.9596230182737303	-0.0847555010771664	ENSG00000160256.14	SLX9	False
ENST00000703500	125.261154	3.000803	2.8286018	-0.17220116	0.9306698	0.9859745741870203	-0.031204385816378407	ENSG00000145216.17	FIP1L1	False
ENST00000400960	359.99872	5.840891	5.6685762	-0.17231464	0.67802876	0.9153570361619477	-0.168751882739371	ENSG00000203710.12	CR1	False
ENST00000544408	6.5857124	1.2073238	1.0349389	-0.17238486	0.6488794	0.9058007019088778	-0.18783600727233155	ENSG00000100372.15	SLC25A17	False
ENST00000392273	10.827192	1.5983475	1.4259453	-0.17240226	0.8852421	0.9762529517548046	-0.05293793802277328	ENSG00000131023.13	LATS1	False
ENST00000296504	96.3	4.229231	4.0567183	-0.17251253	0.73386073	0.9332857513397641	-0.13438635076890165	ENSG00000164105.4	SAP30	False
ENST00000389169	56.392628	3.895642	3.7231207	-0.17252135	0.80481875	0.9552005372235465	-0.09430191464627312	ENSG00000154803.13	FLCN	False
ENST00000372430	101.6656	4.3196535	4.1471105	-0.17254305	0.6750197	0.9142632374641173	-0.17068356432137682	ENSG00000178922.18	HYI	False
ENST00000696884	116.96033	3.6894634	3.516673	-0.17279029	0.8904931	0.97688540448899	-0.050369443802405184	ENSG00000140968.12	IRF8	False
ENST00000298097	431.3	6.3865	6.2135653	-0.17293453	0.3466362	0.81719736681995	-0.4601260774950809	ENSG00000165355.8	FBXO33	False
ENST00000503719	516.74945	6.1662426	5.9931626	-0.17307997	0.694453	0.9200987304432667	-0.1583571409808449	ENSG00000249437.8	NAIP	False
ENST00000428202	22.220821	1.3764535	1.2033083	-0.17314517	0.8691418	0.9715103074725212	-0.06090935432718269	ENSG00000152359.15	POC5	False
ENST00000014930	38.1	2.9721334	2.7989738	-0.1731596	0.81630963	0.9578009348644966	-0.08814507963756496	ENSG00000013583.10	HEBP1	False
ENST00000696588	11.291524	1.4880695	1.3148692	-0.17320037	0.80537283	0.9552005372235465	-0.09400302354106173	ENSG00000130826.19	DKC1	False
ENST00000484291	48.016228	2.9319105	2.758594	-0.17331648	0.7621147	0.939913304152022	-0.11797965934862695	ENSG00000081721.12	DUSP12	False
ENST00000264709	128.16869	2.936661	2.7626295	-0.1740315	0.9353352	0.9873345188441023	-0.029032712517891055	ENSG00000119772.19	DNMT3A	False
ENST00000376901	19.629036	1.567803	1.3937129	-0.17409015	0.86844254	0.9712685271621075	-0.06125891341052812	ENSG00000174851.17	YIF1A	False
ENST00000378119	733.659	7.107797	6.933569	-0.17422819	0.5420769	0.8677958347030249	-0.26593911075456933	ENSG00000112308.14	C6orf62	False
ENST00000481799	31.65008	2.2883613	2.1140678	-0.17429352	0.8579242	0.968228078087851	-0.06655106997143122	ENSG00000204136.12	GGTA1	False
ENST00000241052	765.6	6.9508796	6.7764225	-0.17445707	0.75347793	0.9367964491441557	-0.1229294634229355	ENSG00000121691.7	CAT	False
ENST00000421176	120.47038	4.3461595	4.1716595	-0.17449999	0.6760717	0.9146704529817763	-0.17000724081236065	ENSG00000186026.7	ZNF284	False
ENST00000596148	1394.2229	8.1125345	7.9379063	-0.17462826	0.40406695	0.8303453948335059	-0.3935466704275954	ENSG00000181029.9	TRAPPC5	False
ENST00000284719	203.87296	5.193489	5.0187235	-0.17476559	0.68964994	0.9186431748190395	-0.16137129753124407	ENSG00000138430.16	OLA1	False
ENST00000394942	102.70325	3.6179044	3.4428024	-0.175102	0.83236605	0.9620066277152278	-0.07968564218799043	ENSG00000140006.12	WDR89	False
ENST00000253110	38.8	3.0352666	2.860141	-0.1751256	0.8291299	0.9615679820520636	-0.08137743633694453	ENSG00000130813.18	SHFL	False
ENST00000264265	21.8	1.1720144	0.9968548	-0.17515957	0.8497881	0.9659481202504552	-0.07068933985349815	ENSG00000079257.8	LXN	False
ENST00000245816	274.33246	5.7528214	5.5776033	-0.1752181	0.5117914	0.8573422501952089	-0.29090700930970054	ENSG00000125656.11	CLPP	False
ENST00000312026	114.135254	4.4799886	4.304633	-0.17535543	0.70408386	0.9222985764678387	-0.15237561112529666	ENSG00000173480.11	ZNF417	False
ENST00000320954	567.44434	6.706091	6.53068	-0.17541075	0.5027124	0.8551707956010974	-0.2986803775677163	ENSG00000170275.15	CRTAP	False
ENST00000371384	2913.5735	9.12201	8.946578	-0.1754322	0.82332104	0.9597767554024879	-0.08443078369020553	ENSG00000124098.10	FAM210B	False
ENST00000502664	11.408129	1.4773607	1.3019143	-0.17544639	0.86285144	0.9700337015692152	-0.0640639713164862	ENSG00000250361.10	GYPB	False
ENST00000470914	565.6581	6.793787	6.6179266	-0.1758604	0.4662153	0.8494197755236921	-0.3314134665152269	ENSG00000134330.19	IAH1	True
ENST00000428046	19.226652	1.6597185	1.4838064	-0.17591214	0.8493073	0.9659481202504552	-0.07093514371899746	ENSG00000168803.16	ADAL	False
ENST00000678073	30.289917	2.4802408	2.3043277	-0.1759131	0.8629538	0.9700933846308378	-0.06401246352514507	ENSG00000130234.13	ACE2	False
ENST00000713811	141.63733	2.8119628	2.6359313	-0.17603159	0.92991596	0.9859745741870203	-0.031556296347164586	ENSG00000134086.10	VHL	False
ENST00000303004	798.5	7.0372777	6.861176	-0.17610168	0.5181811	0.8589934435588001	-0.2855184434831707	ENSG00000172216.6	CEBPB	False
ENST00000467525	2263.3914	8.550714	8.374585	-0.17612839	0.74201643	0.9352199817307463	-0.12958647557376274	ENSG00000143226.16	FCGR2A	True
ENST00000238856	368.15863	5.885357	5.708974	-0.17638302	0.630775	0.8998400021113475	-0.20012554507025984	ENSG00000119844.17	AFTPH	False
ENST00000360538	1097.1934	7.2807007	7.1042585	-0.17644215	0.7513065	0.936603159209308	-0.12418286871241109	ENSG00000197579.8	TOPORS	False
ENST00000494079	17.673504	2.0070665	1.8305125	-0.17655396	0.8236408	0.9599754815031427	-0.08426213592184383	ENSG00000234545.8	FAM133B	False
ENST00000557957	6.5710297	0.88328344	0.7067051	-0.17657834	0.85298795	0.9670574250954352	-0.06905710649052588	ENSG00000073417.15	PDE8A	False
ENST00000687633	35.7761	1.4908348	1.3141571	-0.1766777	0.9166327	0.9825950872097442	-0.03780464814002724	ENSG00000136861.19	CDK5RAP2	False
ENST00000525141	28.611639	2.3648405	2.1880827	-0.17675781	0.7871977	0.9483343874480521	-0.10391617846621867	ENSG00000166002.7	SMCO4	False
ENST00000540757	58.71892	3.3902743	3.2134378	-0.17683649	0.7699618	0.9424182155911544	-0.11353083534867396	ENSG00000010219.14	DYRK4	False
ENST00000262940	57.45041	3.3763769	3.1993492	-0.1770277	0.6602815	0.9103157985469302	-0.1802708843491853	ENSG00000105808.19	RASA4	False
ENST00000262809	180.8	5.026275	4.8489065	-0.17736864	0.5000954	0.8548764927378353	-0.3009471167020571	ENSG00000105656.13	ELL	False
ENST00000372876	122.07438	4.444988	4.2674856	-0.17750216	0.6506345	0.9062377297493507	-0.18666289374806608	ENSG00000124659.7	TBCC	False
ENST00000379598	83.37688	3.0388908	2.8613563	-0.17753458	0.9039258	0.9799172804063941	-0.04386722902448305	ENSG00000101224.18	CDC25B	False
ENST00000498153	18.566463	2.0336661	1.8558058	-0.17786038	0.73986745	0.9345775597603275	-0.13084607946920626	ENSG00000198223.18	CSF2RA	False
ENST00000711138	18.566463	2.0336661	1.8558058	-0.17786038	0.73986745	0.9345775597603275	-0.13084607946920626	ENSG00000292357.1	CSF2RA	False
ENST00000194214	19.73516	1.4830183	1.3051449	-0.17787337	0.8363384	0.9627884956331257	-0.07761796193772078	ENSG00000081870.12	IFT25	False
ENST00000576384	37.969353	2.5053804	2.3272398	-0.17814064	0.7765709	0.9442272701652389	-0.10981887850908777	ENSG00000183011.14	NAA38	True
ENST00000651779	92.629776	3.764701	3.586357	-0.17834377	0.85605156	0.9675263843306977	-0.06750007483187342	ENSG00000122644.13	ARL4A	False
ENST00000398532	1187.1956	7.615538	7.437188	-0.17834997	0.63775456	0.902209141798481	-0.19534642779311667	ENSG00000188895.12	MSL1	False
ENST00000543117	1339.2048	7.608855	7.4304314	-0.1784234	0.77962804	0.9450069992259602	-0.10811255038278748	ENSG00000106052.14	TAX1BP1	False
ENST00000675864	23.476036	1.862996	1.6843934	-0.17860258	0.8426303	0.9643619989817128	-0.07436291442083671	ENSG00000075785.14	RAB7A	False
ENST00000262056	460.87955	6.45433	6.2757225	-0.17860746	0.54937214	0.8697139849430424	-0.2601333711819872	ENSG00000063046.18	EIF4B	False
ENST00000343505	84.9	4.0425572	3.8639355	-0.17862177	0.62009525	0.8962923551817317	-0.2075415932907299	ENSG00000135540.12	NHSL1	False
ENST00000361831	15.406332	1.6189857	1.4403498	-0.17863584	0.8819049	0.9751814020114596	-0.054578244346489745	ENSG00000163374.21	YY1AP1	False
ENST00000426263	206.90312	5.46559	5.286542	-0.17904806	0.58212185	0.8811795547307322	-0.23498609982499782	ENSG00000117394.24	SLC2A1	False
ENST00000562351	15.0015	1.864966	1.685782	-0.17918408	0.7635846	0.9401057048805548	-0.1171428312069437	ENSG00000047346.13	ATOSA	False
ENST00000697718	55.232483	3.3169432	3.1376348	-0.17930841	0.8207173	0.9594038483473283	-0.08580642508756696	ENSG00000132963.9	POMP	True
ENST00000346595	38.899223	2.3314903	2.1520448	-0.1794455	0.83162624	0.961787625928753	-0.08007181784846139	ENSG00000088826.18	SMOX	False
ENST00000639477	7.80898	0.69040704	0.5109407	-0.17946637	0.78111327	0.9456684473017747	-0.10728598578667306	ENSG00000102755.13	FLT1	False
ENST00000460006	316.1533	5.828959	5.649479	-0.17948008	0.5431835	0.8685822893933551	-0.2650534264371267	ENSG00000101290.14	CDS2	False
ENST00000590247	85.79635	3.5256789	3.3461967	-0.17948222	0.8262977	0.9607335080450382	-0.08286345588782092	ENSG00000105185.12	PDCD5	True
ENST00000456094	23.175798	1.7430125	1.563138	-0.17987454	0.8231945	0.9597767554024879	-0.08449753788625838	ENSG00000137757.11	CASP5	False
ENST00000270586	109.184204	4.4763956	4.296431	-0.17996454	0.5532625	0.8717352478286011	-0.2570687870237572	ENSG00000142507.10	PSMB6	False
ENST00000320330	467.09735	6.450668	6.2706127	-0.18005514	0.45828328	0.8478742186373767	-0.3388659916508416	ENSG00000280789.2	PAGR1	False
ENST00000633708	19.30041	1.5518155	1.3715116	-0.18030393	0.83346516	0.9622308638046718	-0.07911255012108494	ENSG00000166900.17	STX3	False
ENST00000325686	29.757275	2.0714612	1.8906031	-0.18085814	0.8523396	0.9668680825455632	-0.06938732069204519	ENSG00000179630.11	LACC1	False
ENST00000308824	135.18501	4.385429	4.2043614	-0.18106747	0.7388572	0.9345775597603275	-0.1314394845264978	ENSG00000203880.13	PCMTD2	False
ENST00000368037	48.4049	1.9907366	1.8095782	-0.18115842	0.88045776	0.9748949618261566	-0.05529147503477957	ENSG00000122224.18	LY9	False
ENST00000359062	16.534203	1.822763	1.6412799	-0.18148303	0.7983451	0.9521242876859368	-0.09780934193903008	ENSG00000172572.7	PDE3A	False
ENST00000444347	5.3	0.94026095	0.7585314	-0.18172956	0.7575107	0.9384303956788781	-0.12061121584872164	ENSG00000138617.16	PARP16	False
ENST00000296674	214.91855	3.8235586	3.641628	-0.18193054	0.9209043	0.9840268355880356	-0.035785509183019704	ENSG00000186468.13	RPS23	False
ENST00000435842	12.8	1.630219	1.4480581	-0.18216085	0.8428858	0.9643619989817128	-0.0742312666011265	ENSG00000168062.10	BATF2	True
ENST00000589866	32.086647	1.5843815	1.402206	-0.18217552	0.9193638	0.9835440848369649	-0.0365126021717677	ENSG00000101654.18	RNMT	False
ENST00000272902	20.774017	1.8001398	1.6177908	-0.18234897	0.7885703	0.9488973448629912	-0.10315959217741055	ENSG00000144455.14	SUMF1	False
ENST00000588981	19.083914	1.5540107	1.3712635	-0.18274724	0.8169696	0.9579963903732966	-0.08779411765128659	ENSG00000105048.18	TNNT1	False
ENST00000674457	635.0745	6.841919	6.6591396	-0.18277931	0.2945502	0.8111088466013822	-0.5308406629468136	ENSG00000130032.17	PRRG3	False
ENST00000366935	112.37688	4.1040893	3.921275	-0.18281436	0.71692884	0.92711982117781	-0.14452394902741533	ENSG00000092978.11	GPATCH2	False
ENST00000251722	23.903952	2.3284886	2.145529	-0.18295956	0.7902311	0.9494860246915532	-0.1022458776464473	ENSG00000085982.16	USP40	False
ENST00000369183	392.79584	6.2513237	6.068237	-0.18308687	0.5746964	0.8780690654036739	-0.24056150701476878	ENSG00000165669.14	FAM204A	False
ENST00000512215	1084.4916	7.686039	7.5029345	-0.18310452	0.5845409	0.8819641855083519	-0.23318509344577704	ENSG00000138814.17	PPP3CA	False
ENST00000513565	16.040081	0.99480695	0.81169313	-0.18311381	0.8585743	0.9684663890382288	-0.06622213011511821	ENSG00000168944.17	CEP120	False
ENST00000405489	148.1	4.644764	4.461609	-0.18315506	0.730794	0.9321540723766666	-0.13620501951415076	ENSG00000138085.18	ATRAID	False
ENST00000250617	64.61226	1.6187426	1.4355714	-0.18317115	0.9208228	0.9840268355880356	-0.0358239362867338	ENSG00000129675.16	ARHGEF6	False
ENST00000378182	1026.5065	7.5827866	7.3995376	-0.183249	0.4684477	0.8496539504698483	-0.32933890270460087	ENSG00000204977.10	TRIM13	False
ENST00000475997	858.6701	7.290418	7.1069803	-0.18343782	0.54905725	0.8697044944691829	-0.260382373214617	ENSG00000153187.21	HNRNPU	True
ENST00000409892	405.68158	6.1823516	5.9988546	-0.18349695	0.50628877	0.8558786284660064	-0.29560170829243687	ENSG00000138069.18	RAB1A	False
ENST00000302327	113.2	4.574017	4.3904667	-0.18355036	0.4596878	0.8479586958753978	-0.33753702290572746	ENSG00000168556.7	ING2	False
ENST00000374481	187.29991	4.845929	4.6621037	-0.1838255	0.8303444	0.9617724706824102	-0.08074174996394538	ENSG00000178562.18	CD28	False
ENST00000551744	8.113381	1.013394	0.82947254	-0.18392146	0.8228135	0.9596230182737303	-0.0846985856466484	ENSG00000075188.9	NUP37	False
ENST00000230895	125.30449	4.599369	4.4154434	-0.18392563	0.57713944	0.8792004419030465	-0.23871924838660258	ENSG00000112977.16	DAP	False
ENST00000703867	121.62755	4.561478	4.377366	-0.18411207	0.6880397	0.9178436063724108	-0.16238648951990853	ENSG00000185261.16	KIAA0825	False
ENST00000678886	596.87537	6.7830977	6.5987363	-0.18436146	0.5675589	0.8759860490160728	-0.24598907344910104	ENSG00000103811.18	CTSH	False
ENST00000590669	10.2655735	1.1259308	0.94150805	-0.18442273	0.74057144	0.934775537827411	-0.1304330408799653	ENSG00000105364.14	MRPL4	False
ENST00000583676	13.720198	1.4173985	1.2329443	-0.1844542	0.8349067	0.962643068203717	-0.07836205520314883	ENSG00000258890.8	CEP95	False
ENST00000170564	152.6	4.9335294	4.74888	-0.18464947	0.4733339	0.8500118764885034	-0.32483239480509213	ENSG00000076650.7	GPATCH1	False
ENST00000556611	39.051212	1.8469146	1.6616404	-0.18527424	0.8920424	0.9773343847935156	-0.049614503273567534	ENSG00000100852.14	ARHGAP5	False
ENST00000530840	13.485056	1.7822905	1.5969867	-0.1853038	0.78289676	0.9464414659333293	-0.10629550584352987	ENSG00000132780.17	NASP	True
ENST00000528467	22.614126	1.9509864	1.7655699	-0.18541646	0.82174027	0.9596230182737303	-0.08526542975631772	ENSG00000111087.10	GLI1	False
ENST00000268389	3531.1304	9.185005	8.999512	-0.18549347	0.58009756	0.8802063166690811	-0.23649896416238822	ENSG00000140749.9	IGSF6	False
ENST00000392246	65.09361	3.0662992	2.8807294	-0.18556976	0.89150137	0.9771611911582333	-0.04987798650981089	ENSG00000116030.17	SUMO1	True
ENST00000394566	66.79537	3.246111	3.0604482	-0.18566275	0.8849104	0.9760076914472783	-0.05310069847945363	ENSG00000172716.17	SLFN11	False
ENST00000262418	65.76522	2.9771116	2.7913918	-0.18571973	0.89806426	0.9790856921506778	-0.046692588829514624	ENSG00000004939.16	SLC4A1	False
ENST00000566909	10.165209	1.1239753	0.93804157	-0.18593371	0.8046642	0.9552005372235465	-0.09438532319224668	ENSG00000153786.13	ZDHHC7	False
ENST00000399213	52.13041	3.3721626	3.18622	-0.18594265	0.72534996	0.9293352268139775	-0.13945240694124583	ENSG00000241973.11	PI4KA	False
ENST00000599056	42.526695	1.6639615	1.4777515	-0.18621004	0.86397	0.9703678487233361	-0.06350134666623039	ENSG00000170949.18	ZNF160	False
ENST00000378619	28.453312	2.5093777	2.3230255	-0.18635225	0.7222005	0.9285152025899402	-0.14134220748562376	ENSG00000147036.12	LANCL3	False
ENST00000678950	168.81827	4.7105346	4.523935	-0.18659973	0.7616524	0.939913304152022	-0.1182431793769309	ENSG00000166352.18	IFTAP	False
ENST00000424296	13.823428	1.493333	1.3066312	-0.18670177	0.86517674	0.9706390062635414	-0.0628951662953274	ENSG00000155085.16	AK9	False
ENST00000589759	8.932825	1.3013606	1.1145028	-0.18685782	0.81124604	0.9563933529011291	-0.09084741149003583	ENSG00000033627.18	ATP6V0A1	False
ENST00000693128	10.7	0.93817455	0.7512278	-0.18694675	0.81138813	0.9564764162859632	-0.09077134733499091	ENSG00000189221.11	MAOA	False
ENST00000295683	1880.8298	8.355908	8.168956	-0.18695259	0.72190714	0.9285152025899402	-0.14151866349661651	ENSG00000163464.8	CXCR1	False
ENST00000397572	238.17915	5.444826	5.2577333	-0.18709278	0.39186972	0.8282186175044186	-0.40685828920343314	ENSG00000214114.9	MYCBP	False
ENST00000602657	6.3807096	0.78827864	0.60104203	-0.1872366	0.71742773	0.9272141667828993	-0.14422184065619864	ENSG00000213523.12	SRA1	True
ENST00000367498	597.1571	6.673294	6.4858303	-0.18746376	0.6120328	0.8924767740121592	-0.21322532306451755	ENSG00000116679.16	IVNS1ABP	False
ENST00000367506	202.4	5.22777	5.040304	-0.18746567	0.53049964	0.8648242843919811	-0.27531490882923626	ENSG00000121486.12	TRMT1L	False
ENST00000409600	971.05896	7.4793053	7.2918215	-0.18748379	0.55105424	0.8702473315036294	-0.258805652223204	ENSG00000082153.18	BZW1	False
ENST00000667897	26.033245	2.3636715	2.1760697	-0.1876018	0.7840243	0.946795898683074	-0.1056704776130363	ENSG00000163041.13	H3-3A	False
ENST00000296786	319.6063	5.9594913	5.771844	-0.18764734	0.652734	0.9067753778781373	-0.1852637771596028	ENSG00000164332.8	UBLCP1	False
ENST00000294517	24.113611	2.5768461	2.3890314	-0.18781471	0.74642867	0.935882830083255	-0.12701168875269256	ENSG00000142920.18	AZIN2	False
ENST00000652472	10.47222	1.4696215	1.2816632	-0.18795836	0.7424817	0.9352336696717043	-0.12931424097884286	ENSG00000144810.16	COL8A1	False
ENST00000238081	444.098	6.4595795	6.271618	-0.18796158	0.43480495	0.842654100473947	-0.361705524180342	ENSG00000134308.14	YWHAQ	False
ENST00000372960	11.2	1.386891	1.1988525	-0.18803847	0.7322451	0.9326988036553406	-0.13534353316650216	ENSG00000007952.18	NOX1	False
ENST00000467513	19.029392	1.6202158	1.4319984	-0.1882174	0.8075325	0.9553196282027449	-0.09283999575875661	ENSG00000133606.11	MKRN1	True
ENST00000373910	454.08145	5.987161	5.7989407	-0.1882205	0.83229786	0.9620066277152278	-0.07972122119896477	ENSG00000072401.15	UBE2D1	False
ENST00000375592	78.7	4.0318336	3.8434958	-0.1883378	0.56236213	0.8744884066712214	-0.24998392936476946	ENSG00000037637.11	FBXO42	False
ENST00000371001	95.89997	3.7488956	3.5605073	-0.18838835	0.82686394	0.9610679770822318	-0.08256594510364912	ENSG00000196074.13	SYCP2	False
ENST00000403532	75.84419	3.1244047	2.9357834	-0.18862128	0.9054901	0.9799172804063941	-0.043116293414206246	ENSG00000100219.17	XBP1	False
ENST00000615073	62.8	3.69922	3.5104144	-0.18880558	0.34645134	0.81719736681995	-0.46035775192894846	ENSG00000161091.15	MFSD12	False
ENST00000677859	89.945114	3.8716443	3.6827962	-0.18884802	0.77512944	0.9439809014552641	-0.11062576939689958	ENSG00000180228.14	PRKRA	False
ENST00000370397	66.8	3.51141	3.3222272	-0.18918276	0.74008846	0.9345775597603275	-0.13071636591423352	ENSG00000213341.11	CHUK	False
ENST00000380909	7.9553804	0.90448314	0.7151771	-0.18930602	0.85479367	0.967461891822817	-0.06813870369634603	ENSG00000170638.10	TRABD	False
ENST00000492112	339.753	5.519636	5.33033	-0.18930626	0.7738944	0.9434418629576694	-0.11131827954967363	ENSG00000188529.15	SRSF10	False
ENST00000511591	11.25819	1.6406406	1.4513108	-0.18932986	0.80694306	0.9552005372235465	-0.09315710970003883	ENSG00000171604.12	CXXC5	False
ENST00000333845	48.329876	2.7400968	2.550696	-0.18940091	0.8559539	0.9675263843306977	-0.06754963904612513	ENSG00000241404.7	EGFL8	False
ENST00000554876	14.372195	1.707209	1.5177586	-0.18945038	0.69596446	0.9207701935938762	-0.15741294017247232	ENSG00000256053.9	COA8	False
ENST00000689426	176.97903	5.1356235	4.9460945	-0.18952894	0.7849236	0.9471794353103088	-0.1051726057206565	ENSG00000230989.8	HSBP1	False
ENST00000706171	14.5011215	1.5249009	1.3350881	-0.18981278	0.86388284	0.9703678487233361	-0.06354515281134976	ENSG00000198453.15	ZNF568	True
ENST00000253452	1152.2842	7.823255	7.6332808	-0.18997431	0.546331	0.8693177891645862	-0.262544165195583	ENSG00000131143.10	COX4I1	False
ENST00000474047	21.821295	1.6892408	1.4990898	-0.19015098	0.8638565	0.9703678487233361	-0.06355839739955035	ENSG00000117533.15	VAMP4	True
ENST00000338502	78.85569	3.857662	3.6674871	-0.19017482	0.3823146	0.823716002720574	-0.41757912503969524	ENSG00000188766.13	SPRED3	False
ENST00000679442	13.813364	1.2407343	1.0505149	-0.1902194	0.83911675	0.9638007869725905	-0.07617760855644252	ENSG00000100532.13	CGRRF1	False
ENST00000544844	1300.6287	7.9581876	7.7678185	-0.19036913	0.38610733	0.8245026371471442	-0.41329195849650946	ENSG00000173113.7	TRMT112	False
ENST00000445716	618.8773	6.6622963	6.471917	-0.19037914	0.6359332	0.9016915978332832	-0.196588487402448	ENSG00000234545.8	FAM133B	False
ENST00000686080	33.374737	1.8032327	1.6128387	-0.19039392	0.82872474	0.9615679820520636	-0.0815896949130816	ENSG00000177917.12	ARL6IP6	False
ENST00000360403	56.00712	3.5740144	3.3835053	-0.19050908	0.68561965	0.9173021276178854	-0.163916742498731	ENSG00000070785.17	EIF2B3	False
ENST00000235332	16.4	2.0583084	1.867758	-0.19055033	0.71125615	0.9250055684360596	-0.14797396755712625	ENSG00000116691.11	MIIP	False
ENST00000359653	184.40848	4.9506154	4.760043	-0.19057226	0.6197436	0.8962923551817317	-0.20778795953195742	ENSG00000019995.6	ZRANB1	False
ENST00000698408	27.072308	1.6582607	1.4675839	-0.19067681	0.8450658	0.9647409632698007	-0.07310948804831527	ENSG00000072756.18	TRNT1	False
ENST00000524526	56.749657	3.2075558	3.0168104	-0.19074535	0.88209105	0.9752783780703216	-0.05448658667621305	ENSG00000154359.13	LONRF1	False
ENST00000591169	421.6452	6.2372355	6.0462427	-0.19099283	0.3592237	0.8183252159569281	-0.4446350259457473	ENSG00000180448.11	ARHGAP45	False
ENST00000697572	13.392683	1.4777285	1.2866724	-0.19105613	0.752671	0.9367761286654671	-0.12339481484293653	ENSG00000107719.10	PALD1	False
ENST00000696302	86.04356	3.5248852	3.3337915	-0.19109368	0.8520368	0.966826986744672	-0.06954166055085147	ENSG00000122417.16	ODF2L	False
ENST00000368211	14.2	1.8647038	1.6736051	-0.19109869	0.71475637	0.9259194499652	-0.14584196571353034	ENSG00000143314.12	MRPL24	False
ENST00000361531	14.2	1.8647038	1.6736051	-0.19109869	0.71475637	0.9259194499652	-0.14584196571353034	ENSG00000143314.12	MRPL24	False
ENST00000396776	224.64095	4.4814725	4.290353	-0.19111967	0.90161365	0.9797062611950894	-0.04497952059765319	ENSG00000175857.9	GAPT	False
ENST00000400199	67.69964	2.5620768	2.3709538	-0.19112301	0.88717115	0.9762529517548046	-0.05199258985662452	ENSG00000180530.11	NRIP1	False
ENST00000302125	30.8	2.141597	1.9504486	-0.1911484	0.82797015	0.9615415231466197	-0.08198532163201326	ENSG00000170476.16	MZB1	False
ENST00000268711	7.1	1.4136413	1.222424	-0.1912173	0.7685454	0.9420509999805221	-0.11433047860493815	ENSG00000141026.6	MED9	False
ENST00000343666	41.6	3.0227993	2.831553	-0.19124627	0.7305024	0.932062538788564	-0.13637833706330263	ENSG00000187713.7	TMEM203	False
ENST00000679582	224.30057	5.5995755	5.4081554	-0.19142008	0.46416295	0.8490460915892519	-0.33332953234145696	ENSG00000163131.12	CTSS	False
ENST00000319836	487.32953	6.5619774	6.370454	-0.19152355	0.80966836	0.9561147010173113	-0.09169283048568058	ENSG00000165406.16	MARCHF8	False
ENST00000557320	430.1756	6.2733846	6.0818553	-0.19152927	0.6653707	0.9114225729822933	-0.17693632567479456	ENSG00000090060.19	PAPOLA	False
ENST00000307630	198.7	5.150497	4.9589148	-0.1915822	0.63938457	0.9030065409848047	-0.19423785012140596	ENSG00000170027.7	YWHAG	False
ENST00000302386	3694.9487	9.516389	9.324504	-0.191885	0.26153475	0.8093544299533921	-0.5824705976914669	ENSG00000170296.10	GABARAP	False
ENST00000517870	13.3	1.6706418	1.4787135	-0.19192827	0.6906831	0.9189915093887225	-0.1607211537800817	ENSG00000182183.15	SHISAL2A	False
ENST00000411698	17.265768	1.6523881	1.4601374	-0.19225073	0.8612651	0.9698757767570501	-0.06486313927274087	ENSG00000111554.15	MDM1	False
ENST00000310958	827.084	7.051027	6.858561	-0.19246578	0.6012129	0.888163989439496	-0.22097169594074623	ENSG00000260916.8	CCPG1	False
ENST00000650237	4091.718	9.488817	9.296303	-0.19251442	0.6161782	0.8944279309061053	-0.2102936605597575	ENSG00000136156.15	ITM2B	True
ENST00000538155	86.986206	4.211331	4.0188165	-0.19251442	0.6052177	0.8899892143002557	-0.21808838264638272	ENSG00000064102.15	INTS13	False
ENST00000338983	212.09229	5.2078776	5.015283	-0.19259453	0.7260912	0.9299849789276692	-0.13900882309236662	ENSG00000091436.17	MAP3K20	False
ENST00000298694	337.0	5.9571366	5.7645016	-0.19263506	0.68011796	0.9162654157923604	-0.16741575347848975	ENSG00000165801.10	ARHGEF40	False
ENST00000278742	26.6	2.571101	2.3783598	-0.19274116	0.69047564	0.9189182498219659	-0.1608516370502456	ENSG00000149418.11	ST14	False
ENST00000403362	10.621383	1.5282745	1.3354125	-0.19286203	0.7584553	0.938790070041057	-0.1200700229808426	ENSG00000099992.16	TBC1D10A	False
ENST00000394198	161.01477	4.3480945	4.155187	-0.19290733	0.8045923	0.9552005372235465	-0.09442412182714555	ENSG00000170854.18	RIOX2	False
ENST00000376327	1136.1829	7.7356706	7.542424	-0.19324636	0.33653307	0.8158433703746901	-0.472972253152531	ENSG00000102007.11	PLP2	False
ENST00000601804	45.29801	3.4437246	3.2504106	-0.19331408	0.7693242	0.9422289471440147	-0.11389061543705649	ENSG00000197937.13	ZNF347	True
ENST00000488679	19.510675	1.5539637	1.3604982	-0.19346547	0.81698847	0.9579963903732966	-0.08778407351092421	ENSG00000101473.17	ACOT8	False
ENST00000399697	29.97854	1.1536103	0.9599283	-0.19368207	0.8778832	0.9744280771769698	-0.05656326400345375	ENSG00000186184.20	POLR1D	False
ENST00000360001	163.8	5.0193524	4.825427	-0.19392538	0.4586532	0.8478742186373767	-0.3385155611174495	ENSG00000078808.20	SDF4	False
ENST00000574481	86.0	4.184164	3.9901702	-0.1939938	0.6674082	0.9124991026791659	-0.17560844359303573	ENSG00000141086.18	CTRL	False
ENST00000420397	377.37274	6.1209235	5.926866	-0.19405746	0.6394358	0.9030065409848047	-0.1942030337658841	ENSG00000136536.15	MARCHF7	True
ENST00000308660	44.639038	2.9349773	2.7409136	-0.19406366	0.7956308	0.9512430531498312	-0.09928840616279168	ENSG00000173926.6	MARCHF3	False
ENST00000502401	8.040284	0.88373375	0.6895892	-0.19414455	0.8168699	0.9579814638545359	-0.08784709879099431	ENSG00000138758.12	SEPTIN11	False
ENST00000300952	2013.9	8.239528	8.045335	-0.19419289	0.6560098	0.9086711018784973	-0.18308967718471755	ENSG00000167470.14	MIDN	False
ENST00000554048	18.025314	1.8988642	1.7046661	-0.19419801	0.6638952	0.9108073128400928	-0.17790047801272413	ENSG00000258873.3	DUXA	False
ENST00000360835	40.743046	3.1559021	2.9615846	-0.19431758	0.7665061	0.9411355341819907	-0.11548439827652228	ENSG00000159307.20	SCUBE1	False
ENST00000184266	588.835	6.8636074	6.6690836	-0.19452381	0.34663478	0.81719736681995	-0.46012786976176007	ENSG00000065518.8	NDUFB4	False
ENST00000400358	34.09876	2.5065758	2.3120112	-0.19456458	0.859785	0.9688057802020985	-0.06561012567097176	ENSG00000167037.19	SGSM1	False
ENST00000682025	25.057352	1.5875959	1.3929855	-0.19461048	0.8662243	0.9709615110022777	-0.062369642812470955	ENSG00000115170.16	ACVR1	False
ENST00000490576	843.9	7.1588473	6.964175	-0.19467211	0.65803695	0.9097430915169026	-0.18174972107225332	ENSG00000138061.13	CYP1B1	False
ENST00000382753	36.440605	2.7760108	2.581215	-0.19479585	0.70256555	0.9221026914234706	-0.1533131489682171	ENSG00000132406.12	TMEM128	False
ENST00000261535	16.928528	1.0303705	0.83545214	-0.19491833	0.85511786	0.9674857380353281	-0.06797402408420238	ENSG00000134318.16	ROCK2	False
ENST00000309579	78.85203	3.5995486	3.4046056	-0.19494295	0.8126466	0.9569225715856555	-0.0900982626730031	ENSG00000173915.16	ATP5MK	True
ENST00000416121	21.616215	2.016351	1.8208609	-0.19549012	0.81754804	0.9580175559429005	-0.0874867201273898	ENSG00000186094.18	AGBL4	False
ENST00000626059	17.90707	1.0086302	0.8131231	-0.19550705	0.8564931	0.9677534864141454	-0.06727612358568809	ENSG00000102901.13	CENPT	False
ENST00000460360	147.21933	4.83837	4.64271	-0.19565964	0.68205273	0.9165294746754324	-0.166182047454595	ENSG00000163605.16	PPP4R2	False
ENST00000643794	25.921274	1.8442289	1.6485295	-0.19569933	0.8189761	0.9582039479089111	-0.08672876971655584	ENSG00000177954.14	RPS27	False
ENST00000261700	331.31754	5.997746	5.801922	-0.19582415	0.44155523	0.8447983742452079	-0.35501496508780817	ENSG00000087302.9	RTRAF	False
ENST00000621039	339.744	5.723969	5.5281343	-0.19583464	0.56978565	0.8768065382071643	-0.2442884891619122	ENSG00000144596.13	GRIP2	False
ENST00000248451	27.26652	2.4304318	2.2345927	-0.19583917	0.80599505	0.9552005372235465	-0.09366762696294006	ENSG00000127838.15	PNKD	False
ENST00000375865	126.689865	4.612452	4.416506	-0.19594622	0.60595655	0.8901216863280665	-0.2175585125583847	ENSG00000204435.15	CSNK2B	False
ENST00000612337	10.812262	1.2231002	1.0269423	-0.19615793	0.82270646	0.9596230182737303	-0.08475509203972396	ENSG00000106028.11	SSBP1	False
ENST00000299663	1351.2549	7.7019477	7.505671	-0.19627666	0.7581124	0.938597536179509	-0.12026641643357462	ENSG00000166523.8	CLEC4E	False
ENST00000514226	6.8625593	1.0161196	0.8197047	-0.19641489	0.85643643	0.967743812755714	-0.06730486680624669	ENSG00000258659.7	TRIM34	False
ENST00000399598	210.10071	5.14879	4.9522524	-0.1965375	0.62246406	0.8969038250009524	-0.20588571837525602	ENSG00000215114.10	UBXN2B	False
ENST00000398405	7.30357	0.94681525	0.7502547	-0.19656056	0.82764983	0.9614162498227771	-0.08215336888593544	ENSG00000160183.17	TMPRSS3	False
ENST00000354884	19.91956	2.121683	1.9250886	-0.19659424	0.8181493	0.9580175559429005	-0.0871674218686639	ENSG00000165915.14	SLC39A13	False
ENST00000392981	423.32364	6.3780293	6.181316	-0.19671345	0.5622534	0.8744884066712214	-0.25006789762639314	ENSG00000114127.11	XRN1	False
ENST00000617689	21.282211	1.624523	1.4277616	-0.19676149	0.8702521	0.9719420846130337	-0.060354933617517995	ENSG00000083535.16	PIBF1	False
ENST00000303575	991.59735	7.571263	7.3744593	-0.19680357	0.5061985	0.8558786284660064	-0.2956791242885513	ENSG00000170348.9	TMED10	False
ENST00000318833	13.471988	1.4506418	1.2537087	-0.19693303	0.6677023	0.9124991026791659	-0.1754171165598872	ENSG00000180787.6	ZFP3	False
ENST00000465995	86.79997	4.002019	3.8049386	-0.19708037	0.6616756	0.9104548772915186	-0.17935489825611806	ENSG00000170946.15	DNAJC24	False
ENST00000561006	94.95918	4.19828	4.0011625	-0.19711733	0.77405035	0.9434603696100943	-0.11123078586895387	ENSG00000078304.20	PPP2R5C	True
ENST00000518127	33.765797	1.8215656	1.6244144	-0.19715118	0.87218016	0.9724547537241448	-0.059393794782481336	ENSG00000154582.18	ELOC	True
ENST00000394349	323.02237	5.889649	5.692157	-0.19749212	0.6627852	0.9107215507869741	-0.17862721598861345	ENSG00000135390.21	ATP5MC2	False
ENST00000652576	1701.115	8.355484	8.157961	-0.19752312	0.53600127	0.8665861353230246	-0.2708341853013656	ENSG00000124795.17	DEK	False
ENST00000642900	639.2817	6.8783875	6.6807303	-0.19765711	0.6651846	0.9112769672266469	-0.17705780276398528	ENSG00000174780.17	SRP72	False
ENST00000539966	157.64929	4.742083	4.54439	-0.19769287	0.62994117	0.8998400021113475	-0.2007000104111649	ENSG00000102572.15	STK24	False
ENST00000572415	54.26516	3.217796	3.02005	-0.19774604	0.74574155	0.935882830083255	-0.1274116611700151	ENSG00000133393.13	CEP20	True
ENST00000393229	244.4864	5.3020873	5.104264	-0.19782352	0.6968746	0.9210956347302779	-0.15684535300482885	ENSG00000196358.12	NTNG2	False
ENST00000429814	69.94177	3.0660121	2.867999	-0.19801307	0.8736939	0.9727057518439257	-0.05864070469874462	ENSG00000258659.7	TRIM34	False
ENST00000321300	348.32092	5.492779	5.294637	-0.19814157	0.79666334	0.9515285182203104	-0.0987251651432278	ENSG00000175866.16	BAIAP2	False
ENST00000369724	31.941395	2.149954	1.9516442	-0.1983099	0.78745955	0.9484225667193386	-0.10377174441993416	ENSG00000013392.8	RWDD2A	False
ENST00000325366	106.95781	4.331822	4.133419	-0.19840288	0.6073251	0.8903774367291648	-0.21657878605580344	ENSG00000082213.18	C5orf22	False
ENST00000211936	18.0	1.1915916	0.9931698	-0.19842184	0.8555913	0.9675263843306977	-0.06773364160764234	ENSG00000096654.16	ZNF184	False
ENST00000585679	14.471004	1.8370231	1.6383908	-0.19863236	0.7792663	0.9448926891229725	-0.10831410598654333	ENSG00000254901.8	BORCS8	False
ENST00000424789	46.88651	2.6410708	2.4423993	-0.19867158	0.7949609	0.9509928668178558	-0.09965422274529072	ENSG00000170921.16	TANC2	False
ENST00000400245	24.607195	1.3359317	1.1371046	-0.19882703	0.85437286	0.9673135122840025	-0.068352556398443	ENSG00000125826.22	RBCK1	False
ENST00000492622	115.49605	3.9554262	3.7564676	-0.19895864	0.756395	0.9380515844258299	-0.12125136077645252	ENSG00000102531.16	FNDC3A	False
ENST00000265586	59.54946	2.2601926	2.0611074	-0.19908524	0.89571464	0.9786202452457206	-0.04783032710587757	ENSG00000114770.17	ABCC5	False
ENST00000508394	17.995708	1.6513635	1.4522779	-0.1990856	0.847429	0.965714928002741	-0.07189668955781775	ENSG00000123415.16	SMUG1	False
ENST00000622665	96.1558	3.4435976	3.2444243	-0.19917321	0.8339811	0.9625902513676657	-0.07884379309436809	ENSG00000273559.5	CWC25	True
ENST00000404894	17.24766	1.0944139	0.8951113	-0.19930255	0.86761314	0.9710997026003259	-0.06167388083625819	ENSG00000122644.13	ARL4A	False
ENST00000296220	432.5	6.216723	6.017067	-0.19965601	0.4049369	0.8310603061091208	-0.3926126358325419	ENSG00000144909.8	OSBPL11	False
ENST00000379751	91.9	4.2482758	4.0486126	-0.19966316	0.5806473	0.8802063166690811	-0.2360875967468327	ENSG00000125817.8	CENPB	False
ENST00000353548	27.621212	1.5515293	1.3518372	-0.19969213	0.8627396	0.9700337015692152	-0.06412025588780415	ENSG00000184047.21	DIABLO	False
ENST00000714422	341.05417	5.9680004	5.7681246	-0.19987583	0.60686666	0.8902000191870786	-0.21690672271706993	ENSG00000081320.12	STK17B	True
ENST00000420137	425.6332	6.2966094	6.0967245	-0.19988489	0.5880833	0.882656172273764	-0.23056113342607285	ENSG00000164031.17	DNAJB14	True
ENST00000589807	43.090298	2.9687061	2.768712	-0.19999409	0.64381963	0.9041949856048189	-0.19123578575210026	ENSG00000267120.3	ENSG00000267120	False
ENST00000534854	82.29118	4.089825	3.8897758	-0.2000494	0.55726266	0.8728453353828223	-0.2539400570728471	ENSG00000015153.15	YAF2	False
ENST00000342449	223.79778	5.096294	4.8957415	-0.20055246	0.70349294	0.9222453072220282	-0.15274025695510757	ENSG00000185658.14	BRWD1	False
ENST00000544627	5.07022	1.0707179	0.86998713	-0.2007308	0.8612232	0.9698757767570501	-0.06488426897826274	ENSG00000171681.13	ATF7IP	False
ENST00000559078	58.766846	3.5037775	3.3028564	-0.20092106	0.40857098	0.8323007445595858	-0.38873248894375856	ENSG00000128463.13	EMC4	False
ENST00000361371	182.01328	5.1108155	4.909663	-0.20115232	0.55144465	0.8705170621904874	-0.25849807259425195	ENSG00000198862.14	LTN1	False
ENST00000537030	169.99554	4.3588014	4.1576424	-0.201159	0.8511694	0.966826986744672	-0.06998399413050603	ENSG00000066027.12	PPP2R5A	False
ENST00000374561	29.1	1.9756387	1.7744088	-0.20122993	0.81617856	0.9578009348644966	-0.0882148176543803	ENSG00000117318.9	ID3	False
ENST00000614859	246.91618	5.157105	4.95572	-0.20138502	0.7348749	0.9332857513397641	-0.13378658344465777	ENSG00000157330.10	CFAP107	False
ENST00000372561	347.6252	5.9695587	5.7680116	-0.20154715	0.41869274	0.836886090598871	-0.37810457183631585	ENSG00000127125.9	PPCS	False
ENST00000357360	34.7	2.956608	2.754995	-0.20161295	0.7149749	0.9259495647342963	-0.14570921634455755	ENSG00000196976.8	LAGE3	False
ENST00000228136	580.50916	6.772898	6.571196	-0.20170212	0.5823085	0.8812301043095568	-0.23484689189456356	ENSG00000110696.10	C11orf58	False
ENST00000368099	27.554981	2.376104	2.174118	-0.20198607	0.84710276	0.9655521469768101	-0.07206390260332726	ENSG00000213085.10	CFAP45	False
ENST00000649046	87.226776	3.747689	3.5455666	-0.20212245	0.6373801	0.9020275416548701	-0.19560148423520574	ENSG00000081479.15	LRP2	False
ENST00000409716	19.16016	1.8297325	1.6275382	-0.20219433	0.8240371	0.9601797487709928	-0.08405324810355475	ENSG00000144034.16	TPRKB	False
ENST00000361298	209.13168	5.297706	5.095486	-0.20221996	0.6637561	0.9108073128400928	-0.17799149265188502	ENSG00000166681.14	BEX3	False
ENST00000326656	90.30959	4.1797485	3.9774466	-0.20230198	0.69726586	0.9211073056130609	-0.15660159636376625	ENSG00000110536.14	PTPMT1	False
ENST00000294435	78.07457	3.0100899	2.8077192	-0.20237064	0.8589427	0.9684663890382288	-0.0660358132676029	ENSG00000162444.12	RBP7	False
ENST00000311111	6187.328	10.121921	9.919267	-0.20265388	0.5469816	0.8693177891645862	-0.2620273040754831	ENSG00000172809.13	RPL38	False
ENST00000308059	514.30945	6.5147724	6.31195	-0.20282221	0.47534692	0.8500118764885034	-0.32298931312032025	ENSG00000008226.20	DLEC1	False
ENST00000400069	10.730402	1.4232849	1.2204255	-0.2028594	0.7878295	0.9486408965558065	-0.10356775111949765	ENSG00000250305.9	TRMT9B	True
ENST00000360820	268.6054	5.5160484	5.3130755	-0.20297289	0.684442	0.9173021276178854	-0.16466335867225	ENSG00000136021.19	SCYL2	False
ENST00000369968	30.655075	2.5826154	2.3792686	-0.20334673	0.8740151	0.9727556672489439	-0.05848106772628431	ENSG00000121940.17	CLCC1	False
ENST00000483012	19.159092	1.1692678	0.9658094	-0.20345837	0.8345877	0.962643068203717	-0.07852802366034581	ENSG00000106462.12	EZH2	False
ENST00000230050	1769.8	8.175529	7.972034	-0.20349455	0.757343	0.9384303956788781	-0.12070738766305683	ENSG00000112306.8	RPS12	False
ENST00000680498	79.614586	4.213968	4.010269	-0.20369864	0.6743319	0.9142632374641173	-0.17112629284027808	ENSG00000177119.17	ANO6	False
ENST00000509072	325.57617	5.6795363	5.47566	-0.2038765	0.7786231	0.9445930724984782	-0.10867271359975196	ENSG00000082074.19	FYB1	False
ENST00000554546	1054.7687	7.4871945	7.283139	-0.20405531	0.4624763	0.8483443087408451	-0.3349105058379129	ENSG00000133961.21	NUMB	False
ENST00000524719	56.874413	3.378276	3.1742148	-0.20406127	0.7434515	0.9355313117282439	-0.12874737193150143	ENSG00000104522.16	GFUS	True
ENST00000259457	41.8	3.1219685	2.9174442	-0.20452428	0.6242148	0.8979233606519958	-0.20466591902805115	ENSG00000136930.13	PSMB7	False
ENST00000309558	10.8073435	1.5829983	1.378297	-0.2047013	0.7346046	0.9332857513397641	-0.13394635820512713	ENSG00000173705.9	SUSD5	False
ENST00000380870	17.177681	1.9032146	1.6982014	-0.20501316	0.81407493	0.9569372134995232	-0.08933561756742696	ENSG00000172687.14	ZNF738	False
ENST00000687256	13.558609	1.3994628	1.19436	-0.2051028	0.8213284	0.959616584378367	-0.08548315899427625	ENSG00000133812.18	SBF2	False
ENST00000555119	121.61306	4.420222	4.2149954	-0.20522642	0.65739304	0.9092904601187954	-0.18217489936557688	ENSG00000185046.21	ANKS1B	True
ENST00000598488	9.507591	1.2365258	1.0312575	-0.20526826	0.7529258	0.9367761286654671	-0.1232478133158127	ENSG00000105499.14	PLA2G4C	True
ENST00000310045	106.9116	4.089072	3.883762	-0.20531034	0.7661365	0.9410582432937948	-0.11569383132555709	ENSG00000171451.15	DSEL	False
ENST00000266517	163.2696	4.5579944	4.352587	-0.20540714	0.7753526	0.9440748807476808	-0.110500753996659	ENSG00000139163.16	ETNK1	False
ENST00000311507	815.1598	7.3352265	7.129702	-0.20552444	0.6044017	0.8899892143002557	-0.21867431729530484	ENSG00000145287.11	PLAC8	False
ENST00000291442	6.7	0.7838046	0.57809526	-0.20570934	0.7763495	0.9442272701652389	-0.10994273079784538	ENSG00000160113.6	NR2F6	False
ENST00000416967	279.36777	5.620893	5.4150324	-0.20586061	0.55347115	0.8717781169476696	-0.25690501360164897	ENSG00000100348.10	TXN2	False
ENST00000353265	70.96462	3.6975431	3.4916816	-0.20586157	0.7370474	0.9341176788838464	-0.13250459665454503	ENSG00000178184.16	PARD6G	False
ENST00000393599	420.4	6.1914897	5.9855604	-0.20592928	0.6698566	0.9130319046815818	-0.17401815410004454	ENSG00000129355.7	CDKN2D	False
ENST00000417625	9.743895	1.0790902	0.87303615	-0.20605409	0.7136002	0.9256595749166991	-0.1465450257777351	ENSG00000021461.18	CYP3A43	False
ENST00000680512	23.979473	1.6630802	1.4569117	-0.20616853	0.8575665	0.9680871278606209	-0.06673220483182632	ENSG00000204852.17	TCTN1	False
ENST00000219150	766.8194	7.110274	6.903902	-0.20637178	0.6061932	0.8901216863280665	-0.21738895051136387	ENSG00000102879.17	CORO1A	False
ENST00000356785	32.26354	2.523144	2.316757	-0.20638704	0.62917036	0.8998400021113475	-0.20123174628661963	ENSG00000077420.16	APBB1IP	True
ENST00000579925	72.5	3.326679	3.1200294	-0.20664954	0.82818437	0.9615415231466197	-0.08187297200531263	ENSG00000108389.10	MTMR4	False
ENST00000581185	11.916147	1.2023143	0.9952604	-0.20705384	0.6913968	0.9190096639099691	-0.16027265188606518	ENSG00000109046.15	WSB1	False
ENST00000380916	86.4162	3.9502652	3.7432094	-0.2070558	0.71897775	0.9276433654338391	-0.14328454979103322	ENSG00000175893.12	ZDHHC21	False
ENST00000446507	21.6	1.9345583	1.7271059	-0.20745242	0.8397403	0.9639900078279732	-0.07585501631366041	ENSG00000171611.10	PTCRA	False
ENST00000298317	129.5	4.6559167	4.448263	-0.20765352	0.53668773	0.8666819469484376	-0.27027833222791864	ENSG00000165526.9	RPUSD4	False
ENST00000529866	7.976434	1.4146843	1.2069693	-0.20771503	0.8185404	0.9580175559429005	-0.08695988364189756	ENSG00000129083.13	COPB1	False
ENST00000272298	2639.3013	8.730759	8.522895	-0.20786381	0.6327527	0.9006693891311826	-0.19876598164760667	ENSG00000143933.20	CALM2	False
ENST00000341550	113.8	4.401099	4.192951	-0.208148	0.3858878	0.8244231157420382	-0.41353894975471694	ENSG00000111653.20	ING4	False
ENST00000568578	393.53754	6.1678634	5.9597044	-0.20815897	0.34898192	0.81719736681995	-0.457197076169984	ENSG00000147274.14	RBMX	False
ENST00000308807	19.716076	1.8768233	1.6684978	-0.2083255	0.8672039	0.9710997026003259	-0.06187878205514271	ENSG00000168404.13	MLKL	False
ENST00000613870	22.08071	1.5698942	1.36152	-0.20837414	0.85895216	0.9684663890382288	-0.06603102150871495	ENSG00000277791.5	PSMB3	False
ENST00000543283	55.57652	3.6325772	3.4240124	-0.20856476	0.7411069	0.9350245071241121	-0.1301191272064439	ENSG00000107771.17	CCSER2	False
ENST00000316939	402.4909	6.3804917	6.171924	-0.20856762	0.46679208	0.8496341381971517	-0.3308765241346126	ENSG00000179271.3	GADD45GIP1	False
ENST00000676635	55.064964	2.2477462	2.0391726	-0.20857358	0.8971317	0.979053726529255	-0.047143806313257625	ENSG00000079785.16	DDX1	False
ENST00000651208	101.395706	4.1505885	3.9419436	-0.20864487	0.8892726	0.9766784675728976	-0.05096510318238515	ENSG00000178440.9	TIMM23B-AGAP6	True
ENST00000367591	60.925842	3.0352895	2.826589	-0.20870042	0.82910496	0.9615679820520636	-0.08139048676205088	ENSG00000034693.15	PEX3	False
ENST00000584828	20.371082	1.873439	1.664732	-0.20870697	0.8332183	0.9622308638046718	-0.07924121244446682	ENSG00000184060.11	ADAP2	False
ENST00000641998	16.101517	1.9201111	1.7113544	-0.20875669	0.7101336	0.9246331852359964	-0.14865993076997658	ENSG00000176495.3	OR5AN1	False
ENST00000652203	8.102119	0.8805186	0.6717399	-0.20877874	0.81844306	0.9580175559429005	-0.08701152959618022	ENSG00000131408.15	NR1H2	False
ENST00000378372	48.340157	2.606376	2.397584	-0.20879197	0.78427315	0.946795898683074	-0.10553265437173527	ENSG00000187522.16	HSPA14	False
ENST00000511277	20.416029	1.5889302	1.379884	-0.20904624	0.8175912	0.9580175559429005	-0.08746379676923065	ENSG00000167083.7	GNGT2	False
ENST00000460097	381.2	6.1557274	5.946642	-0.20908546	0.43552938	0.842654100473947	-0.3609825419382278	ENSG00000140931.20	CMTM3	False
ENST00000272224	24.9	1.9715103	1.7623274	-0.20918286	0.7923243	0.9502251718469603	-0.10109702186795663	ENSG00000143869.7	GDF7	False
ENST00000238256	41.415417	2.4029088	2.1936994	-0.20920944	0.86157507	0.9700337015692152	-0.06470687749348612	ENSG00000119321.10	FKBP15	False
ENST00000369478	529.9376	6.720735	6.5110235	-0.20971155	0.49090254	0.8537766521893764	-0.30900471807835567	ENSG00000116824.5	CD2	False
ENST00000678345	14.2422085	1.0405002	0.83074284	-0.20975733	0.82589084	0.9605936827240409	-0.08307735111722253	ENSG00000104218.16	CSPP1	False
ENST00000511912	95.24488	3.4176857	3.207232	-0.21045375	0.83567935	0.9627594456463211	-0.07796032811896705	ENSG00000171503.13	ETFDH	False
ENST00000274056	533.58185	6.502753	6.2922125	-0.2105403	0.63096225	0.8998872743584793	-0.19999662169176957	ENSG00000145416.14	MARCHF1	False
ENST00000319974	197.9	5.0797033	4.868975	-0.21072817	0.6820064	0.9165294746754324	-0.16621153796076624	ENSG00000178074.6	C2orf69	False
ENST00000618970	186.7736	5.013975	4.8031225	-0.21085262	0.6012221	0.888163989439496	-0.22096506533024923	ENSG00000249915.9	PDCD6	False
ENST00000574551	20.757435	0.9790465	0.7681366	-0.2109099	0.8340215	0.9625902513676657	-0.07882274913859924	ENSG00000103351.13	CLUAP1	True
ENST00000304863	530.4	6.6347966	6.423787	-0.2110095	0.48844883	0.8530497344797782	-0.31118092771193134	ENSG00000169021.6	UQCRFS1	False
ENST00000396957	12733.328	11.175843	10.964672	-0.21117115	0.63044345	0.8998400021113475	-0.20035386041335246	ENSG00000144713.13	RPL32	False
ENST00000641682	483.25693	6.5357685	6.3242903	-0.21147823	0.6578449	0.9096026513213241	-0.18187648715027221	ENSG00000196832.5	OR11G2	False
ENST00000532917	572.5406	6.7086253	6.497118	-0.21150732	0.6224807	0.8969038250009524	-0.20587411595650632	ENSG00000160654.11	CD3G	False
ENST00000698772	374.77863	5.848127	5.636536	-0.21159077	0.7071481	0.9234034770961242	-0.1504896364619281	ENSG00000196504.21	PRPF40A	False
ENST00000357096	66.76738	3.7683094	3.5563102	-0.21199918	0.66778976	0.9124991026791659	-0.17536024656221716	ENSG00000164398.15	ACSL6	False
ENST00000397278	40.37626	1.441296	1.2290019	-0.2122941	0.89567	0.9786202452457206	-0.047851973590806264	ENSG00000100342.22	APOL1	False
ENST00000553424	291.96683	4.603334	4.3910394	-0.21229458	0.9134827	0.9816253934072686	-0.03929966094278376	ENSG00000241399.7	CD302	False
ENST00000355680	924.59143	7.3482547	7.135934	-0.2123208	0.5339575	0.8658886340325633	-0.27249332412381744	ENSG00000160310.19	PRMT2	False
ENST00000537020	151.90634	4.467689	4.255057	-0.21263218	0.7202168	0.9280763849316231	-0.1425367459049374	ENSG00000162819.12	BROX	False
ENST00000481579	190.0168	5.1579823	4.945252	-0.21273041	0.5142525	0.8585903307569132	-0.2888236019813827	ENSG00000077254.14	USP33	False
ENST00000679803	110.3	4.541616	4.328825	-0.21279097	0.4383289	0.8433595501311292	-0.3581999023339424	ENSG00000155380.13	SLC16A1	False
ENST00000304434	71.054535	2.5665352	2.353626	-0.21290922	0.9056161	0.9799172804063941	-0.04305586301319518	ENSG00000012660.14	ELOVL5	False
ENST00000439154	103.81008	4.325664	4.112731	-0.21293306	0.5938735	0.8854386196300512	-0.22630605290563144	ENSG00000003402.21	CFLAR	False
ENST00000497056	100.38596	4.2338924	4.020935	-0.21295738	0.619635	0.8962923551817317	-0.20786406902019144	ENSG00000114209.15	PDCD10	False
ENST00000301180	127.87386	4.5254107	4.3122654	-0.21314526	0.6371144	0.9019620343019995	-0.19578257508470787	ENSG00000066084.13	DIP2B	False
ENST00000703728	44.97227	3.1051662	2.891939	-0.21322727	0.6182982	0.8953035900086027	-0.20880203682407814	ENSG00000171574.19	ZNF584	False
ENST00000641709	124.78706	3.8993146	3.6859605	-0.21335411	0.8899771	0.97688540448899	-0.05062116925671247	ENSG00000108439.11	PNPO	False
ENST00000512114	16.264599	1.3485713	1.1351404	-0.21343088	0.8361997	0.9627884956331257	-0.07768999216335515	ENSG00000181826.10	RELL1	False
ENST00000344795	26.653172	1.5488106	1.3351166	-0.21369398	0.8252744	0.9603766183749399	-0.08340162235211378	ENSG00000101084.19	RAB5IF	False
ENST00000466270	30.5689	2.0870562	1.8732743	-0.21378183	0.76896495	0.9421155763061703	-0.1140934573227537	ENSG00000203791.15	EEF1AKMT2	False
ENST00000268383	33.199017	2.1775851	1.9637306	-0.21385455	0.7050657	0.922584894924629	-0.15177039556967256	ENSG00000140743.8	CDR2	False
ENST00000373824	195.36102	5.0616326	4.847745	-0.21388769	0.63412994	0.901006220382149	-0.19782174041756143	ENSG00000120656.14	TAF12	False
ENST00000409377	42.083397	2.336635	2.1227226	-0.21391249	0.8123921	0.9567909484377368	-0.09023430015040172	ENSG00000221823.11	PPP3R1	False
ENST00000392533	2495.9739	8.718799	8.504879	-0.21391964	0.7032155	0.922182151926897	-0.15291157772413855	ENSG00000135090.14	TAOK3	False
ENST00000543251	76.06514	3.747925	3.5338805	-0.21404457	0.63036096	0.8998400021113475	-0.20041069108397724	ENSG00000164338.10	UTP15	False
ENST00000257336	119.28722	4.627854	4.4137077	-0.21414614	0.4726528	0.8499057698083538	-0.32545777149344296	ENSG00000134897.14	BIVM	False
ENST00000514350	343.10504	6.178768	5.9646196	-0.21414852	0.7338904	0.9332857513397641	-0.13436878483169665	ENSG00000145703.17	IQGAP2	False
ENST00000538954	189.37881	5.285943	5.0717382	-0.21420479	0.828188	0.9615415231466197	-0.0818710653759848	ENSG00000148175.13	STOM	False
ENST00000220847	453.8286	6.2554936	6.041182	-0.2143116	0.7926671	0.9502727434283397	-0.1009091720076172	ENSG00000129292.21	PHF20L1	False
ENST00000345003	297.02936	5.5675755	5.353202	-0.21437359	0.64774936	0.9057321455710422	-0.18859300450670974	ENSG00000163754.18	GYG1	False
ENST00000442738	186.29607	5.2722077	5.0578194	-0.21438837	0.32214037	0.8132758769142434	-0.4919548524459083	ENSG00000100142.16	POLR2F	False
ENST00000471841	216.77234	5.3359985	5.1212955	-0.21470308	0.33844134	0.8165573104081602	-0.47051659138973867	ENSG00000171109.19	MFN1	False
ENST00000356143	316.29742	6.009046	5.794253	-0.2147932	0.4825553	0.8514557166319144	-0.31645291007663756	ENSG00000013561.18	RNF14	False
ENST00000525788	53.099182	3.4955378	3.2806892	-0.21484852	0.86346674	0.9702361364727508	-0.06375438659993726	ENSG00000166436.18	TRIM66	False
ENST00000537247	45.326317	3.0148919	2.800023	-0.21486878	0.6342182	0.901006220382149	-0.19776128837381843	ENSG00000139354.11	GAS2L3	True
ENST00000368132	94.36146	2.3175156	2.1026018	-0.21491385	0.8774302	0.9742330273766866	-0.05678742154023358	ENSG00000163565.20	IFI16	False
ENST00000335753	971.5132	7.5406594	7.325737	-0.21492243	0.5972343	0.8867677162102673	-0.22385525175137377	ENSG00000065613.15	SLK	False
ENST00000356080	2160.1948	8.647494	8.432501	-0.21499348	0.5552374	0.8723568062898063	-0.25552127837030375	ENSG00000148700.15	ADD3	False
ENST00000332395	152.5	4.9198155	4.7045393	-0.21527624	0.47749096	0.8504371505934152	-0.3210348447826173	ENSG00000182810.7	DDX28	False
ENST00000368592	104.304504	4.31064	4.0953226	-0.21531725	0.6983329	0.9212025833663481	-0.15593749332007328	ENSG00000148826.9	NKX6-2	False
ENST00000358402	1355.3264	7.9354987	7.720166	-0.21533251	0.35396525	0.8173803121090482	-0.4510393688451274	ENSG00000125952.21	MAX	False
ENST00000223145	377.15253	6.1895394	5.9741955	-0.21534395	0.5757336	0.8786354755309875	-0.23977842269405392	ENSG00000106415.13	GLCCI1	False
ENST00000552283	85.51958	4.0421233	3.8265014	-0.21562195	0.43873337	0.843416202945035	-0.35779933283899346	ENSG00000075188.9	NUP37	False
ENST00000375130	8.308517	1.1701559	0.9544215	-0.21573436	0.70716894	0.9234034770961242	-0.1504768244985034	ENSG00000136937.13	NCBP1	False
ENST00000448720	13.675484	1.292903	1.0770895	-0.2158134	0.7291086	0.9315637277152757	-0.13720779580783418	ENSG00000146826.17	TRAPPC14	False
ENST00000261491	334.88696	5.974831	5.758937	-0.21589422	0.36461195	0.8185742609699567	-0.4381690974674943	ENSG00000102780.17	DGKH	False
ENST00000648957	21.42369	1.0329156	0.816969	-0.21594661	0.8429354	0.9643619989817128	-0.07420571569933222	ENSG00000163870.16	TPRA1	False
ENST00000367941	1151.3323	7.695764	7.4796433	-0.21612072	0.35027662	0.81719736681995	-0.45558885067280597	ENSG00000079950.14	STX7	False
ENST00000333924	70.425186	3.7672322	3.5508404	-0.2163918	0.6882686	0.9178436063724108	-0.16224204206189874	ENSG00000186666.6	BCDIN3D	False
ENST00000347635	1262.4342	7.755987	7.539567	-0.21642017	0.43309423	0.8425983519898724	-0.36341759893871994	ENSG00000093000.19	NUP50	False
ENST00000583753	43.818768	3.3350277	3.118432	-0.21659565	0.594728	0.8857079187793583	-0.22568161938822992	ENSG00000108375.13	RNF43	False
ENST00000375298	31.03982	1.9182557	1.701525	-0.21673071	0.8215292	0.9596230182737303	-0.08537699053863303	ENSG00000072506.14	HSD17B10	False
ENST00000254190	159.17976	4.842777	4.6259546	-0.21682215	0.57247514	0.8773414853996047	-0.24224337156458567	ENSG00000131873.7	CHSY1	False
ENST00000244426	1068.3071	7.778864	7.561979	-0.21688509	0.5028914	0.8551707956010974	-0.29852577282212023	ENSG00000112146.17	FBXO9	False
ENST00000543504	18.628254	1.9658585	1.7486572	-0.21720123	0.7591267	0.938790070041057	-0.11968572025149196	ENSG00000120647.10	CCDC77	False
ENST00000254821	179.89786	4.629222	4.4119654	-0.21725655	0.7187837	0.9276433654338391	-0.14340179415695511	ENSG00000132485.14	ZRANB2	False
ENST00000552588	1501.2537	8.083619	7.8663497	-0.21726942	0.5697315	0.8768065382071643	-0.24432978796231525	ENSG00000063177.13	RPL18	False
ENST00000301587	88.8917	4.2380424	4.0207314	-0.2173109	0.43597993	0.842654100473947	-0.3605335001461859	ENSG00000167863.12	ATP5PD	False
ENST00000394861	30.469772	2.4620776	2.2446854	-0.2173922	0.7512977	0.936603159209308	-0.12418793356898136	ENSG00000171150.9	SOCS5	False
ENST00000393868	580.1	6.713021	6.4954395	-0.21758127	0.39523336	0.8290075231731883	-0.4031464023498174	ENSG00000163541.12	SUCLG1	False
ENST00000617987	337.27682	6.1155148	5.8979216	-0.2175932	0.5532298	0.8717352478286011	-0.2570944275291426	ENSG00000122783.17	CYREN	False
ENST00000274849	162.8	5.0442653	4.8264804	-0.21778488	0.47595823	0.8502226899849371	-0.32243116092830215	ENSG00000146109.5	ABT1	False
ENST00000560959	62.815826	2.7721968	2.5543566	-0.2178402	0.8677505	0.9710997026003259	-0.061605114665334464	ENSG00000140416.26	TPM1	False
ENST00000377996	12.826056	1.6143793	1.3965328	-0.21784651	0.75355244	0.9367964491441557	-0.12288652140780584	ENSG00000137103.20	TMEM8B	False
ENST00000357164	392.76544	6.1113925	5.8934455	-0.217947	0.5098712	0.8568012854819689	-0.2925395313247815	ENSG00000196743.9	GM2A	False
ENST00000292147	64.645004	3.636647	3.418654	-0.21799302	0.6373431	0.9020275416548701	-0.19562670568866544	ENSG00000105755.8	ETHE1	False
ENST00000316024	15.10982	1.5780907	1.360077	-0.21801364	0.7742168	0.9435488314247443	-0.11113742520448572	ENSG00000141499.18	WRAP53	False
ENST00000617270	114.19905	4.373691	4.1554995	-0.21819162	0.52153975	0.8613123760021345	-0.2827125874186997	ENSG00000080298.16	RFX3	False
ENST00000412806	403.93976	6.2614427	6.043227	-0.21821547	0.63863605	0.9029085361330661	-0.19474656809070803	ENSG00000131370.16	SH3BP5	False
ENST00000378491	16.723942	1.2832805	1.0649469	-0.2183336	0.81708467	0.9580175559429005	-0.08773293754651486	ENSG00000152954.12	NRSN1	False
ENST00000503703	24.159864	2.4410563	2.222687	-0.21836925	0.46515533	0.8492019855291293	-0.3324019952357666	ENSG00000168826.16	ZBTB49	False
ENST00000682413	1805.1107	8.204336	7.9857855	-0.21855068	0.67514586	0.9142632374641173	-0.17060238820891938	ENSG00000185261.16	KIAA0825	False
ENST00000525660	57.032127	3.625882	3.4072025	-0.21867943	0.648299	0.9058007019088778	-0.18822466249314337	ENSG00000149313.11	AASDHPPT	False
ENST00000615808	62.925438	3.4251778	3.2063696	-0.21880817	0.7052038	0.922584894924629	-0.1516853736602083	ENSG00000182256.13	GABRG3	False
ENST00000420217	19.396334	1.5770131	1.3580912	-0.2189219	0.7831255	0.9465050500662499	-0.10616862342481534	ENSG00000222011.9	FAM185A	False
ENST00000366639	240.50089	5.454075	5.234833	-0.2192421	0.52254224	0.8616614641298415	-0.2818785988222951	ENSG00000116918.15	TSNAX	False
ENST00000251453	4371.0444	9.617987	9.398651	-0.21933556	0.5675832	0.8759860490160728	-0.24597046524984714	ENSG00000105193.9	RPS16	False
ENST00000700389	114.39009	4.192281	3.9726124	-0.21966839	0.85395044	0.9672304130561934	-0.06856733291205445	ENSG00000080815.20	PSEN1	True
ENST00000432233	13.83605	1.7713808	1.5516328	-0.21974802	0.7353489	0.9332857513397641	-0.13350656453950407	ENSG00000187116.14	LILRA5	False
ENST00000327470	135.43066	4.659586	4.439576	-0.2200098	0.5804548	0.8802063166690811	-0.23623157338991496	ENSG00000183161.6	FANCF	False
ENST00000320892	71.622086	3.649423	3.4293942	-0.22002864	0.7365591	0.9338680397079866	-0.1327924046480168	ENSG00000151692.15	RNF144A	False
ENST00000381922	11.976698	1.7093142	1.4892173	-0.22009695	0.60519	0.8899892143002557	-0.21810827177221556	ENSG00000101280.8	ANGPT4	False
ENST00000368886	39.51295	2.741266	2.5209827	-0.22028327	0.75676864	0.938262480144583	-0.12103687090120242	ENSG00000095574.12	IKZF5	False
ENST00000280154	324.66748	5.7434044	5.522991	-0.22041321	0.7960993	0.9513642159867293	-0.09903275513928045	ENSG00000150593.18	PDCD4	False
ENST00000590723	54.714222	3.2800162	3.0595005	-0.22051573	0.684243	0.9173021276178854	-0.16478962200153133	ENSG00000141458.13	NPC1	False
ENST00000373289	38.9	3.024285	2.8035245	-0.22076058	0.6929812	0.9195547080677124	-0.15927855759672419	ENSG00000167094.16	TTC16	False
ENST00000699910	54.874367	3.2858183	3.0647795	-0.22103882	0.716935	0.92711982117781	-0.1445202300483847	ENSG00000056972.21	TRAF3IP2	False
ENST00000418101	105.15314	3.182853	2.9615927	-0.22126031	0.8756717	0.9733987938843124	-0.057658693182730335	ENSG00000071054.17	MAP4K4	True
ENST00000290776	106.4	4.2103696	3.989066	-0.2213037	0.44482085	0.8456860763700531	-0.3518148632874414	ENSG00000140848.17	CPNE2	False
ENST00000691102	13.4	1.3689822	1.1475611	-0.22142112	0.7505658	0.9364552947652945	-0.12461121281091483	ENSG00000177191.3	B3GNT8	False
ENST00000451442	1098.0	7.679168	7.4575863	-0.22158194	0.515336	0.8587509528528511	-0.2879095371414615	ENSG00000101474.12	APMAP	False
ENST00000256646	733.7081	7.0570006	6.8353972	-0.2216034	0.44914645	0.8470024537044705	-0.34761202900095295	ENSG00000134250.21	NOTCH2	False
ENST00000453634	43.554394	2.1705902	1.9489033	-0.22168684	0.83108425	0.9617724706824102	-0.08035494725674676	ENSG00000254413.8	CHKB-CPT1B	True
ENST00000441800	22.163845	1.8774948	1.6556511	-0.22184372	0.8425109	0.9643619989817128	-0.07442448253207333	ENSG00000151687.15	ANKAR	False
ENST00000438092	13.589174	1.6605097	1.4386495	-0.22186017	0.77707416	0.9442272701652389	-0.10953753337847869	ENSG00000146414.17	SHPRH	False
ENST00000256495	70.2144	3.6773262	3.455232	-0.2220943	0.66455185	0.9112326323896643	-0.17747112595456138	ENSG00000134107.5	BHLHE40	False
ENST00000242375	44.34697	3.2391663	3.0169666	-0.22219968	0.64736885	0.9056241830737196	-0.18884820287377885	ENSG00000122787.15	AKR1D1	False
ENST00000589452	134.56462	4.5558333	4.3336334	-0.22219992	0.53196496	0.865635036834895	-0.2741169751723372	ENSG00000122490.19	SLC66A2	True
ENST00000481209	12.498331	1.4805475	1.2581575	-0.22239006	0.74852866	0.9361845475093102	-0.12579156692205862	ENSG00000065809.14	FAM107B	True
ENST00000374893	213.27007	4.8414364	4.6189847	-0.22245169	0.90822023	0.980681978520131	-0.0418088279742505	ENSG00000117298.16	ECE1	False
ENST00000575984	46.41192	2.8981779	2.6757102	-0.22246766	0.8291922	0.9615679820520636	-0.08134478077148505	ENSG00000122299.12	ZC3H7A	False
ENST00000395505	10.70206	0.8798561	0.65729547	-0.22256064	0.7659349	0.9410582432937948	-0.1158081500585803	ENSG00000127081.14	ZNF484	False
ENST00000310015	406.79776	6.1233363	5.900667	-0.22266912	0.45387638	0.8472077019271466	-0.3430624212972709	ENSG00000172845.18	SP3	False
ENST00000215957	85.11405	4.222175	3.999313	-0.222862	0.6300838	0.8998400021113475	-0.2006016867680807	ENSG00000100139.14	MICALL1	False
ENST00000380733	536.96643	6.5332246	6.310314	-0.2229104	0.6318055	0.9002255149083827	-0.19941661186263387	ENSG00000164985.15	PSIP1	False
ENST00000690835	6.467038	1.1706313	0.9476958	-0.2229355	0.7714085	0.9428108571981884	-0.11271558100159848	ENSG00000100243.22	CYB5R3	False
ENST00000696610	3321.1152	9.2861185	9.063015	-0.22310352	0.52813923	0.8637495285395624	-0.277251569117477	ENSG00000196126.12	HLA-DRB1	False
ENST00000495008	23.855938	2.0702221	1.8470556	-0.22316658	0.8454316	0.9647409632698007	-0.07292151014761915	ENSG00000198919.13	DZIP3	False
ENST00000357955	109.930405	4.394832	4.171625	-0.223207	0.6658106	0.9117152978885925	-0.17664930473343404	ENSG00000114738.11	MAPKAPK3	False
ENST00000504921	238.18742	5.480308	5.257094	-0.22321415	0.53343344	0.8656930641736459	-0.2729197647985073	ENSG00000081189.17	MEF2C	False
ENST00000328709	97.01485	4.197474	3.9741163	-0.22335768	0.6691506	0.9127366894097521	-0.1744761341967285	ENSG00000183513.9	COA5	False
ENST00000263464	518.4507	6.30698	6.0836096	-0.22337055	0.71650714	0.9268730199474257	-0.14477947942313832	ENSG00000023445.17	BIRC3	False
ENST00000273853	127.7534	4.74331	4.5198956	-0.22341442	0.24739976	0.8093544299533921	-0.6066007220215532	ENSG00000145241.11	CENPC	False
ENST00000376759	663.307	6.84778	6.624299	-0.22348118	0.5315155	0.8654163318440087	-0.27448408319234874	ENSG00000102317.18	RBM3	False
ENST00000699012	723.8667	7.022316	6.798427	-0.22388887	0.55033743	0.8700511813697908	-0.259370945581773	ENSG00000112851.16	ERBIN	False
ENST00000312561	4676.16	9.520167	9.296156	-0.22401142	0.60158974	0.888250341980818	-0.2206995796530333	ENSG00000174718.12	RESF1	False
ENST00000314672	83.03738	3.9133584	3.689299	-0.22405934	0.72354853	0.9290277801612368	-0.1405323335569783	ENSG00000173826.15	KCNH6	False
ENST00000418233	20.39131	2.0840166	1.8598076	-0.22420895	0.74744564	0.9359070387213771	-0.12642038537951072	ENSG00000091536.20	MYO15A	False
ENST00000607681	32.167267	2.649144	2.4248936	-0.22425032	0.8139123	0.9569372134995232	-0.08942240302559956	ENSG00000105856.14	HBP1	False
ENST00000264444	3031.7761	9.064353	8.839947	-0.22440624	0.48267505	0.8514557166319144	-0.31634515359994686	ENSG00000059728.11	MXD1	False
ENST00000563667	22.22208	1.8394352	1.6148442	-0.22459102	0.85212266	0.966826986744672	-0.06949788333196207	ENSG00000179889.20	PDXDC1	False
ENST00000278483	82.0	3.995713	3.7710454	-0.22466755	0.53364754	0.8656930641736459	-0.27274549049004415	ENSG00000149196.17	HIKESHI	False
ENST00000531384	21.37094	2.4134362	2.188746	-0.2246902	0.6733765	0.9141900609544965	-0.1717420436280383	ENSG00000149308.17	NPAT	False
ENST00000228918	22.488976	2.2783058	2.0535965	-0.22470927	0.75093853	0.9365773960278898	-0.12439560909057039	ENSG00000111321.11	LTBR	False
ENST00000262384	642.1	6.932985	6.7080874	-0.22489738	0.52508813	0.8627588558041192	-0.2797677979644807	ENSG00000102921.8	N4BP1	False
ENST00000456948	24.017998	2.1072593	1.882024	-0.22523522	0.7625082	0.939913304152022	-0.11775547386022855	ENSG00000122565.19	CBX3	True
ENST00000410053	542.69275	6.6915646	6.466254	-0.22531033	0.27927878	0.8093544299533921	-0.5539620535993178	ENSG00000163510.14	CWC22	False
ENST00000679791	199.99057	5.165957	4.9405403	-0.22541666	0.5411693	0.8677958347030249	-0.2666668598890678	ENSG00000049759.20	NEDD4L	False
ENST00000449367	526.7799	6.495771	6.270328	-0.22544289	0.7002423	0.9213473089575549	-0.15475166987307468	ENSG00000214253.9	FIS1	True
ENST00000226230	101.82929	4.1666026	3.9409976	-0.22560501	0.6485826	0.9058007019088778	-0.18803472157121442	ENSG00000109084.14	TMEM97	False
ENST00000336180	18.123882	1.7199831	1.4942639	-0.22571921	0.6832331	0.9170271163946921	-0.1654311131766463	ENSG00000106683.15	LIMK1	False
ENST00000371753	250.1	5.5003524	5.2744694	-0.225883	0.58933806	0.8835238162319832	-0.22963550776718425	ENSG00000148411.8	NACC2	False
ENST00000435224	8.7	1.0680465	0.8421055	-0.22594094	0.6709618	0.9132738921569098	-0.17330220668840568	ENSG00000166016.6	ABTB2	False
ENST00000586020	14.012128	1.9201611	1.6937783	-0.22638285	0.68817085	0.9178436063724108	-0.16230372728612286	ENSG00000267385.1	ENSG00000267385	False
ENST00000389983	130.62498	4.5954113	4.368991	-0.2264204	0.5916063	0.8844189023266157	-0.22796719594839712	ENSG00000188263.11	IL17REL	True
ENST00000369051	42.78175	2.8625915	2.6358318	-0.22675967	0.7445242	0.935882830083255	-0.12812119253077467	ENSG00000143374.18	TARS2	False
ENST00000366442	54.81275	3.4536307	3.2266994	-0.22693133	0.5705782	0.8768692392893742	-0.24368481206439657	ENSG00000160691.19	SHC1	False
ENST00000655399	5.9860816	0.848272	0.621184	-0.22708803	0.7737509	0.9433240753912717	-0.11139883212935313	ENSG00000163041.13	H3-3A	False
ENST00000409960	7621.746	10.467412	10.240318	-0.2270937	0.6332117	0.9008682131522836	-0.1984510881694554	ENSG00000140264.22	SERF2	False
ENST00000623205	38.7	2.9874165	2.7602994	-0.22711706	0.58649707	0.8824937645522923	-0.23173415435603575	ENSG00000180425.11	C11orf71	False
ENST00000587295	28.304134	1.8707162	1.6434639	-0.22725236	0.840932	0.9640760333298781	-0.0752391149971668	ENSG00000005961.19	ITGA2B	True
ENST00000678829	95.4603	4.2264833	3.9989178	-0.22756553	0.45132056	0.8472077019271466	-0.34551488282347853	ENSG00000215021.10	PHB2	False
ENST00000220763	175.47125	4.9245334	4.696946	-0.22758722	0.4245657	0.8384964729269883	-0.37205509198781517	ENSG00000104324.16	CPQ	False
ENST00000231461	689.1014	6.897104	6.669468	-0.22763586	0.4721107	0.8496539504698483	-0.32595616693802937	ENSG00000113532.13	ST8SIA4	False
ENST00000650373	5.4926853	0.99646264	0.76817226	-0.22829038	0.48586383	0.8529381765683051	-0.3134854265383903	ENSG00000187240.17	DYNC2H1	False
ENST00000545653	9.7310505	0.89479995	0.6665023	-0.22829765	0.78366715	0.9466986003717168	-0.1058683593139634	ENSG00000153071.15	DAB2	False
ENST00000350435	19.657688	1.6335416	1.4050306	-0.22851098	0.8729224	0.9726545809114232	-0.05902435176424399	ENSG00000109332.20	UBE2D3	False
ENST00000333868	121.35091	4.4699836	4.2414136	-0.22856998	0.6587223	0.9100024098426897	-0.1812976461839208	ENSG00000132906.18	CASP9	False
ENST00000597976	12.63062	1.3546467	1.1259364	-0.2287103	0.6895766	0.9186431748190395	-0.1614174679601865	ENSG00000221923.9	ZNF880	False
ENST00000672141	45.38542	3.1636448	2.9348803	-0.22876453	0.84449387	0.9647067702622658	-0.07340350060623113	ENSG00000169814.18	BTD	False
ENST00000560947	265.9132	5.6188912	5.389859	-0.22903204	0.5778829	0.8794550641073513	-0.2381601670234101	ENSG00000128463.13	EMC4	False
ENST00000539492	7.975979	1.2314225	1.0023253	-0.22909725	0.6606349	0.9103157985469302	-0.18003850338228988	ENSG00000010610.10	CD4	True
ENST00000230461	88.735695	1.5664095	1.3372484	-0.22916102	0.89520687	0.9786202452457206	-0.048076594258180026	ENSG00000112697.17	TMEM30A	False
ENST00000260641	1971.8674	8.384514	8.155153	-0.22936058	0.47339368	0.8500118764885034	-0.324777545602475	ENSG00000138071.15	ACTR2	False
ENST00000329759	489.4	6.391669	6.1623073	-0.22936153	0.45968962	0.8479586958753978	-0.3375353053912013	ENSG00000185112.6	FAM43A	False
ENST00000452385	28.758118	2.0734494	1.844023	-0.22942638	0.8041852	0.9551009493725148	-0.09464391749793186	ENSG00000177479.20	ARIH2	True
ENST00000425020	123.16282	4.4208846	4.191247	-0.22963762	0.6307874	0.8998400021113475	-0.20011700917598219	ENSG00000155975.10	VPS37A	False
ENST00000490025	23.705242	1.7516285	1.5219907	-0.22963786	0.8290254	0.9615679820520636	-0.08143216957400039	ENSG00000124508.17	BTN2A2	False
ENST00000490969	20.589254	1.9416847	1.711908	-0.22977674	0.78083444	0.9456684473017747	-0.10744104163244163	ENSG00000164975.16	SNAPC3	False
ENST00000682596	21.457647	1.878923	1.6491144	-0.22980869	0.7450694	0.935882830083255	-0.12780328170153654	ENSG00000288721.1	ENSG00000288721	True
ENST00000635794	29.393658	1.9186586	1.6888304	-0.22982824	0.75702226	0.9383410234848046	-0.12089134909123354	ENSG00000177565.19	TBL1XR1	False
ENST00000689271	47.07289	3.1428118	2.9129353	-0.22987652	0.8692292	0.9715539774215184	-0.060865694108192564	ENSG00000197375.14	SLC22A5	False
ENST00000683109	24.181925	2.1862571	1.9563644	-0.22989273	0.75022495	0.9364424121941455	-0.12480849794600696	ENSG00000160392.14	C19orf47	False
ENST00000225698	34.587982	2.8862028	2.656096	-0.23010683	0.7579511	0.9385711967284457	-0.12035882342414128	ENSG00000108561.8	C1QBP	False
ENST00000258526	614.4181	6.7809663	6.5505624	-0.2304039	0.45527777	0.8473426594424552	-0.34172355389334136	ENSG00000136040.9	PLXNC1	False
ENST00000677120	45.701424	3.0183218	2.78781	-0.23051167	0.67974263	0.9160718654135471	-0.167655489737892	ENSG00000141279.18	NPEPPS	False
ENST00000320095	308.5	5.8860116	5.6554346	-0.23057699	0.60935706	0.8917312222768639	-0.21512815348648245	ENSG00000176845.13	METRNL	False
ENST00000388913	17.556429	1.3306369	1.0998313	-0.23080552	0.7913043	0.9498024925976432	-0.10165647960771136	ENSG00000180921.7	FAM83H	False
ENST00000374922	174.21342	5.181686	4.950718	-0.230968	0.5301164	0.8648242843919811	-0.27562877696055194	ENSG00000204272.13	NBDY	False
ENST00000297991	68.7	3.4734516	3.2423801	-0.23107147	0.7900165	0.9494306113082505	-0.10236385330243986	ENSG00000165272.16	AQP3	False
ENST00000358491	209.60681	5.107387	4.8762307	-0.23115635	0.6334638	0.9008682131522836	-0.19827819834906316	ENSG00000197013.11	ZNF429	False
ENST00000373930	1512.4812	8.030414	7.7991824	-0.23123121	0.4645499	0.8492019855291293	-0.3329676299148852	ENSG00000106780.9	MEGF9	False
ENST00000551556	35.504005	2.6348171	2.4035027	-0.23131442	0.77516514	0.9439809014552641	-0.11060576585015852	ENSG00000120833.14	SOCS2	True
ENST00000332142	335.9	5.4359474	5.2043753	-0.23157215	0.7530375	0.9367761286654671	-0.12318338903149913	ENSG00000184611.14	KCNH7	False
ENST00000644362	1808.4417	8.414343	8.18261	-0.23173332	0.4557566	0.8473426594424552	-0.3412670289777717	ENSG00000102144.15	PGK1	False
ENST00000394602	26.066906	1.6751267	1.4432352	-0.23189151	0.81797755	0.9580175559429005	-0.08725861694904227	ENSG00000112053.14	SLC26A8	False
ENST00000272317	4288.6147	9.469659	9.237719	-0.23194027	0.66198915	0.9104548772915186	-0.1791491269919389	ENSG00000143947.15	RPS27A	False
ENST00000328771	97.74564	4.163313	3.9312277	-0.23208523	0.6404506	0.9030378888992515	-0.1935143653112865	ENSG00000134815.19	DHX34	False
ENST00000258648	384.4176	6.1229286	5.890825	-0.23210382	0.5506774	0.8700738757342981	-0.2591027320010717	ENSG00000136146.15	MED4	False
ENST00000403729	453.75787	6.39788	6.165681	-0.23219919	0.21365991	0.8093544299533921	-0.6702769541077742	ENSG00000163297.18	ANTXR2	False
ENST00000450753	40.830276	2.6238973	2.3916898	-0.23220754	0.8440557	0.9646488050014546	-0.0736288866533593	ENSG00000106565.19	TMEM176B	False
ENST00000358716	38.93909	1.4635581	1.2312784	-0.23227966	0.87772614	0.9743898773338134	-0.0566409686788706	ENSG00000198604.11	BAZ1A	False
ENST00000578550	7.8458176	1.465859	1.2334406	-0.23241842	0.7599231	0.9389011153660968	-0.11923035341739316	ENSG00000141552.18	ANAPC11	True
ENST00000505279	231.94673	5.352883	5.1203766	-0.23250628	0.6938222	0.9198209864784068	-0.15875180512294082	ENSG00000008294.22	SPAG9	False
ENST00000569669	28.1	2.5930016	2.3602939	-0.23270774	0.67125577	0.9132738921569098	-0.17311196987259708	ENSG00000261236.8	BOP1	False
ENST00000313349	237.7	5.515999	5.2830415	-0.23295736	0.50069666	0.8548764927378353	-0.3004253064329828	ENSG00000179833.4	SERTAD2	False
ENST00000682527	95.14998	3.4525192	3.2193427	-0.23317647	0.79476094	0.9508949638774769	-0.09976348390152774	ENSG00000137492.9	THAP12	False
ENST00000444619	18.325535	2.0512395	1.8179286	-0.23331094	0.7942225	0.9508164039835048	-0.10005782787558519	ENSG00000197548.13	ATG7	False
ENST00000253329	232.3752	5.2380447	5.0047226	-0.23332214	0.685907	0.9173021276178854	-0.1637347609756908	ENSG00000131013.4	PPIL4	False
ENST00000569466	14.26293	1.0694323	0.8359678	-0.23346448	0.80545664	0.9552005372235465	-0.09395783480803489	ENSG00000169217.9	CD2BP2	False
ENST00000241502	409.01788	6.27005	6.0364842	-0.2335658	0.51512176	0.8587509528528511	-0.2880901057729019	ENSG00000122068.13	FYTTD1	False
ENST00000395686	577.62317	6.6700187	6.4364114	-0.23360729	0.6426164	0.9036259336282183	-0.19204820111708198	ENSG00000197930.13	ERO1A	False
ENST00000568065	246.7741	5.5040193	5.270341	-0.23367834	0.6514233	0.9064197091743617	-0.186136728074011	ENSG00000169180.12	XPO6	False
ENST00000481895	33.772423	2.3434098	2.1095457	-0.23386407	0.8057609	0.9552005372235465	-0.09379380001438961	ENSG00000134684.13	YARS1	False
ENST00000641945	5.9	0.81080085	0.5769216	-0.23387927	0.73479205	0.9332857513397641	-0.13383554895458236	ENSG00000177462.9	OR2T8	False
ENST00000220597	1612.9	8.344713	8.110785	-0.23392868	0.35880494	0.8182770885775543	-0.44514158482725147	ENSG00000076641.4	PAG1	False
ENST00000619208	22.0	2.1827	1.9486343	-0.23406565	0.63922566	0.9030065409848047	-0.1943457985646599	ENSG00000186862.20	PDZD7	False
ENST00000372994	17.9	2.089631	1.8551543	-0.2344768	0.54034835	0.867777183814941	-0.2673261695443995	ENSG00000171159.5	BBLN	False
ENST00000357742	236.71391	5.3142743	5.0797014	-0.23457289	0.5345977	0.8661566713360632	-0.2719729182052631	ENSG00000140563.16	MCTP2	False
ENST00000574334	51.1	3.077921	2.8431222	-0.23479867	0.74457496	0.935882830083255	-0.12809157080263966	ENSG00000103274.11	NUBP1	False
ENST00000488325	32.3	2.0207782	1.7858925	-0.2348857	0.8143836	0.9569937170418915	-0.0891709668543204	ENSG00000241106.8	HLA-DOB	True
ENST00000336498	57.3	3.6566544	3.4217477	-0.23490667	0.63768923	0.9022041981240708	-0.1953909158708756	ENSG00000071205.12	ARHGAP10	False
ENST00000538886	40.3	2.5895805	2.354502	-0.23507857	0.8567514	0.9678277889606244	-0.06714518617222096	ENSG00000125447.18	GGA3	False
ENST00000355897	78.57362	3.842478	3.6072226	-0.23525548	0.58513415	0.8819641855083519	-0.23274455559841278	ENSG00000173890.17	GPR160	False
ENST00000608991	26.248468	2.2804062	2.045123	-0.23528314	0.76823336	0.9417990937927123	-0.11450683846962244	ENSG00000118518.17	RNF146	False
ENST00000589632	66.31131	3.5581882	3.3229048	-0.23528337	0.6993075	0.9212025833663481	-0.15533181315443603	ENSG00000189144.15	ZNF573	False
ENST00000618236	10.0	1.3511049	1.1158168	-0.23528802	0.7943444	0.9508949638774769	-0.09999114803816228	ENSG00000184113.10	CLDN5	False
ENST00000273258	1597.7715	8.208522	7.9732256	-0.23529625	0.4496025	0.8470024537044705	-0.34717126854050717	ENSG00000144746.7	ARL6IP5	False
ENST00000332592	43.986313	2.825763	2.5902433	-0.23551965	0.7572943	0.9384303956788781	-0.12073531360446313	ENSG00000150401.15	DCUN1D2	False
ENST00000254718	21.252857	2.3231938	2.0873551	-0.23583865	0.732924	0.9328989707216432	-0.1349410660302655	ENSG00000132382.15	MYBBP1A	False
ENST00000376089	40.692482	2.4167087	2.1808152	-0.23589349	0.8455293	0.9647976953064481	-0.0728713290925396	ENSG00000204482.11	LST1	False
ENST00000637659	235.45004	5.391793	5.1558175	-0.23597527	0.5457619	0.8693177891645862	-0.2629967993154852	ENSG00000177565.19	TBL1XR1	False
ENST00000376227	10.7	1.4391443	1.2030902	-0.23605406	0.4915494	0.8537766521893764	-0.30843282748751094	ENSG00000101997.13	CCDC22	False
ENST00000367294	32.45691	2.1445181	1.9082918	-0.23622632	0.82803863	0.9615415231466197	-0.08194940035191159	ENSG00000146476.11	ARMT1	False
ENST00000011619	76.76236	3.8142478	3.577973	-0.23627496	0.5506037	0.8700738757342981	-0.25916088417071065	ENSG00000010017.13	RANBP9	False
ENST00000312637	19.1	1.8442909	1.6077697	-0.23652112	0.7499204	0.936236640367669	-0.1249848160763857	ENSG00000174132.10	FAM174A	False
ENST00000228865	212.9	5.338539	5.10178	-0.23675919	0.5538454	0.8719450963276997	-0.25661144262457997	ENSG00000111269.3	CREBL2	False
ENST00000430687	21.258602	1.9230283	1.6861329	-0.23689544	0.7895169	0.9492517863251612	-0.10263855506941963	ENSG00000128283.7	CDC42EP1	False
ENST00000380030	14.334233	1.4188565	1.1817417	-0.23711479	0.8183731	0.9580175559429005	-0.08704866281598606	ENSG00000177324.14	BEND2	False
ENST00000344096	386.2	6.0851173	5.8478966	-0.23722076	0.629498	0.8998400021113475	-0.2010056419763008	ENSG00000127334.11	DYRK2	False
ENST00000383729	17.04165	1.4619826	1.2245655	-0.2374171	0.74873364	0.936233343231704	-0.1256726540960688	ENSG00000178467.18	P4HTM	False
ENST00000604560	502.44025	6.6212354	6.383651	-0.23758459	0.4877029	0.8529381765683051	-0.31184465651993687	ENSG00000110934.13	BIN2	False
ENST00000375960	2735.413	8.915696	8.678077	-0.2376194	0.5624579	0.8744884066712214	-0.24990996419841008	ENSG00000083223.18	TUT7	False
ENST00000467709	63.7667	2.3606503	2.1230159	-0.23763442	0.8897005	0.97688540448899	-0.05075617885843242	ENSG00000147459.18	DOCK5	False
ENST00000490680	15.71909	0.9987447	0.7610167	-0.237728	0.8292746	0.9615679820520636	-0.08130163922906036	ENSG00000065150.21	IPO5	False
ENST00000698423	281.66302	5.773705	5.535807	-0.23789787	0.68304366	0.916895265811897	-0.16555153622914115	ENSG00000168394.13	TAP1	False
ENST00000639959	1249.2042	7.809484	7.571399	-0.2380848	0.4939748	0.8537766521893764	-0.30629520164598667	ENSG00000160213.10	CSTB	False
ENST00000394606	97.13081	2.1557853	1.9174316	-0.23835373	0.8790929	0.9746659813132817	-0.05596524127603693	ENSG00000125952.21	MAX	True
ENST00000234875	2928.6492	9.012406	8.773924	-0.23848248	0.50833464	0.8558786284660064	-0.29385029751728736	ENSG00000116251.11	RPL22	False
ENST00000638862	30.51152	2.4616494	2.2231505	-0.23849893	0.5744507	0.8777929733665634	-0.2407472584292574	ENSG00000213793.6	ZNF888	False
ENST00000645756	38.388115	2.7466319	2.5080018	-0.23863006	0.77627736	0.9442272701652389	-0.1099830779317723	ENSG00000180488.17	MIGA1	False
ENST00000700538	46.73988	2.2964647	2.0577447	-0.23871994	0.84483993	0.9647067702622658	-0.07322556782054988	ENSG00000108559.13	NUP88	False
ENST00000697740	44.707985	1.6050645	1.3659686	-0.23909593	0.88359225	0.9756673191917686	-0.053748102988110585	ENSG00000153201.17	RANBP2	False
ENST00000472354	7163.547	10.390191	10.151081	-0.23911	0.5326255	0.865635036834895	-0.27357804804472907	ENSG00000167526.14	RPL13	False
ENST00000304677	186.7	4.655832	4.4166527	-0.23917913	0.6824682	0.9166447384470666	-0.16591759536185116	ENSG00000169413.3	RNASE6	False
ENST00000282003	81.5	3.689642	3.4504306	-0.23921132	0.6820684	0.9165294746754324	-0.16617206592220168	ENSG00000152193.8	OBI1	False
ENST00000296679	67.20747	3.7500238	3.5108094	-0.23921442	0.64386237	0.9041949856048189	-0.19120695838736376	ENSG00000164253.14	WDR41	False
ENST00000419845	12.246719	1.5865895	1.3470365	-0.23955297	0.67333305	0.9141900609544965	-0.17177006878152615	ENSG00000156265.17	MAP3K7CL	False
ENST00000297109	81.72048	4.088264	3.8487067	-0.23955727	0.6821641	0.9165294746754324	-0.16611115697916215	ENSG00000164576.12	SAP30L	False
ENST00000528581	34.16221	2.7479916	2.508381	-0.23961067	0.74795306	0.9359746432369647	-0.126125658285331	ENSG00000177830.18	CHID1	False
ENST00000515463	13.797302	1.5214381	1.2817161	-0.23972201	0.8271423	0.9612153491612908	-0.08241976975064355	ENSG00000153037.15	SRP19	True
ENST00000380790	20.29305	1.972662	1.7329278	-0.23973417	0.77663416	0.9442272701652389	-0.10978351291199552	ENSG00000015153.15	YAF2	False
ENST00000369713	120.779015	4.775757	4.53601	-0.23974705	0.45677587	0.8475825896352428	-0.3402968428292835	ENSG00000148834.13	GSTO1	False
ENST00000507959	129.24704	4.5633636	4.3233895	-0.23997402	0.59335834	0.8850642467549569	-0.22668295054424467	ENSG00000089335.22	ZNF302	True
ENST00000261537	361.8	6.0860953	5.8461165	-0.23997879	0.47950333	0.8506036878052632	-0.31920836921197493	ENSG00000101752.13	MIB1	False
ENST00000327757	86.16249	3.286396	3.0462704	-0.24012566	0.7758921	0.9441897587930264	-0.11019868184474943	ENSG00000163803.13	PLB1	False
ENST00000590943	14858.552	11.516873	11.276554	-0.24031925	0.50507534	0.8558786284660064	-0.29664383900427604	ENSG00000104904.12	OAZ1	True
ENST00000509910	370.13312	6.048815	5.8081427	-0.24067211	0.38167292	0.823716002720574	-0.41830865386926347	ENSG00000145782.13	ATG12	False
ENST00000225655	222.1	5.2765737	5.035835	-0.24073887	0.6748658	0.9142632374641173	-0.1707825913459548	ENSG00000108518.8	PFN1	True
ENST00000436587	330.3873	5.8801594	5.6391845	-0.2409749	0.4259811	0.8389462353305034	-0.3706096648600444	ENSG00000106392.11	C1GALT1	False
ENST00000254810	11154.951	10.963371	10.722242	-0.24112892	0.3619342	0.8185742609699567	-0.44137035966696114	ENSG00000132475.10	H3-3B	False
ENST00000641282	85.54436	4.132356	3.8911767	-0.24117947	0.55455625	0.8719910230509131	-0.2560543952784004	ENSG00000197532.3	OR6Y1	False
ENST00000564719	10.779624	1.2603136	1.0191338	-0.24117982	0.68644977	0.9174340039208425	-0.16339123858477234	ENSG00000186367.7	MINAR2	False
ENST00000295417	33.336323	2.6084716	2.367254	-0.24121761	0.71456486	0.9259194499652	-0.14595834489408313	ENSG00000163251.4	FZD5	False
ENST00000256108	163.48944	4.8294673	4.588226	-0.24124146	0.6526554	0.9067753778781373	-0.18531604923439818	ENSG00000133731.10	IMPA1	False
ENST00000366903	143.4	4.705943	4.4645586	-0.2413845	0.6192546	0.8960176400207205	-0.20813076632454244	ENSG00000136630.13	HLX	False
ENST00000556007	20.782965	1.3859668	1.1443396	-0.24162722	0.81883264	0.9581475798636727	-0.08680485616594742	ENSG00000100575.14	TIMM9	True
ENST00000580434	15.140402	1.731774	1.4900818	-0.24169219	0.7827791	0.946413013399425	-0.10636077976521743	ENSG00000108961.14	RANGRF	False
ENST00000353231	535.5026	6.466306	6.2245073	-0.24179888	0.4558166	0.8473426594424552	-0.34120986576342327	ENSG00000172243.18	CLEC7A	False
ENST00000564910	320.39493	5.8730674	5.6310606	-0.24200678	0.46663448	0.8495841650304082	-0.3310231719886622	ENSG00000103769.10	RAB11A	False
ENST00000428135	313.03583	5.7263355	5.484169	-0.24216652	0.5239746	0.8620033667213162	-0.2806897673157806	ENSG00000071189.21	SNX13	False
ENST00000262394	2019.4508	8.493096	8.250916	-0.24218082	0.40169856	0.8298121044971967	-0.39609972563077644	ENSG00000109046.15	WSB1	False
ENST00000321949	28.299871	2.5798311	2.3374865	-0.24234462	0.70625085	0.9232727374908387	-0.1510410187044981	ENSG00000105662.16	CRTC1	False
ENST00000257940	190.05731	5.2049155	4.9623346	-0.24258089	0.6511222	0.9064197091743617	-0.18633748886054488	ENSG00000135482.7	ZC3H10	False
ENST00000317235	467.2289	6.2577357	6.01506	-0.24267578	0.5568424	0.8727909928963938	-0.2542677137367914	ENSG00000154889.17	MPPE1	False
ENST00000377390	132.74026	3.278287	3.0354953	-0.24279165	0.8865545	0.9762529517548046	-0.052294571442379416	ENSG00000168066.22	SF1	False
ENST00000648560	239.79102	5.591896	5.3489976	-0.24289846	0.52111995	0.8608281779841521	-0.2830622986135525	ENSG00000119979.18	DENND10	False
ENST00000239882	235.62149	5.3661537	5.122985	-0.24316883	0.49314764	0.8537766521893764	-0.30702303963774275	ENSG00000120690.16	ELF1	False
ENST00000679723	37.611897	1.7899604	1.5466714	-0.243289	0.7431791	0.9353710680599431	-0.1289065222675963	ENSG00000239900.14	ADSL	False
ENST00000585901	40.802055	2.0812256	1.8379221	-0.24330354	0.8291728	0.9615679820520636	-0.08135495805527505	ENSG00000011600.12	TYROBP	False
ENST00000680288	9316.572	10.679363	10.435834	-0.24352932	0.4613956	0.8481416265840513	-0.3359265593543489	ENSG00000163131.12	CTSS	False
ENST00000514213	263.00116	5.539726	5.2961392	-0.24358654	0.54597634	0.8693177891645862	-0.26282617651751095	ENSG00000138768.15	USO1	False
ENST00000591455	38.639565	2.77839	2.5347652	-0.24362469	0.84048027	0.9640760333298781	-0.07547247805869636	ENSG00000108669.18	CYTH1	False
ENST00000261267	12052.429	10.819279	10.575499	-0.24378014	0.74686456	0.9359070387213771	-0.1267581496775166	ENSG00000090382.7	LYZ	True
ENST00000372771	324.0	5.771509	5.527716	-0.24379301	0.6627616	0.9107215507869741	-0.17864264352007406	ENSG00000117000.9	RLF	False
ENST00000594035	30.984821	2.5672116	2.32332	-0.24389172	0.5674321	0.8758872921733283	-0.246086095285092	ENSG00000105072.9	C19orf44	False
ENST00000546047	14.7	1.5575752	1.3136415	-0.24393368	0.73769957	0.93417747534728	-0.13212047070632232	ENSG00000181045.15	SLC26A11	False
ENST00000393313	130.45377	3.9351766	3.6911848	-0.24399185	0.79498464	0.9509928668178558	-0.09964126303687536	ENSG00000048405.11	ZNF800	False
ENST00000382871	13.527201	1.1104174	0.86560124	-0.24481612	0.8280518	0.9615415231466197	-0.08194249155168341	ENSG00000121741.17	ZMYM2	False
ENST00000462745	50.138588	1.6927046	1.4477818	-0.24492276	0.89628804	0.9787378548850815	-0.047552400039336175	ENSG00000196549.13	MME	False
ENST00000299204	291.47104	5.8139806	5.5689073	-0.24507332	0.43341994	0.842654100473947	-0.3630911094606414	ENSG00000166170.12	BAG5	False
ENST00000592853	11.991929	1.4346174	1.1894192	-0.24519825	0.7426533	0.9352336696717043	-0.12921387878660404	ENSG00000125746.18	EML2	True
ENST00000444670	39.58507	2.324217	2.0789647	-0.24525237	0.86881214	0.9713577701601794	-0.06107411737122918	ENSG00000189079.18	ARID2	False
ENST00000591608	114.4	4.4127584	4.167472	-0.24528646	0.43606398	0.842654100473947	-0.36044979056430176	ENSG00000105520.11	PLPPR2	False
ENST00000462705	12.20435	1.0908176	0.8453642	-0.24545336	0.82924324	0.9615679820520636	-0.08131805873210193	ENSG00000181722.18	ZBTB20	False
ENST00000620154	184.64714	4.62138	4.3758974	-0.24548244	0.6706221	0.9132738921569098	-0.17352213201067895	ENSG00000166839.18	ANKDD1A	False
ENST00000673732	122.34811	3.4791574	3.233467	-0.24569035	0.8836667	0.9756673191917686	-0.05371151347235566	ENSG00000101126.18	ADNP	False
ENST00000391884	107.14679	4.4779873	4.2321687	-0.24581861	0.3660221	0.8185742609699567	-0.4364926797569281	ENSG00000182324.7	KCNJ14	False
ENST00000353267	938.5008	7.4596887	7.2138233	-0.24586535	0.42463768	0.8384964729269883	-0.3719814763908109	ENSG00000118260.15	CREB1	False
ENST00000434576	33.71579	2.7168262	2.4707239	-0.24610233	0.82800585	0.9615415231466197	-0.08196659467576385	ENSG00000187017.18	ESPN	False
ENST00000295666	577.18225	6.679197	6.432941	-0.24625587	0.5196034	0.8596276200549111	-0.28432803952493785	ENSG00000163453.11	IGFBP7	False
ENST00000422689	16.34646	1.4603773	1.2140965	-0.24628079	0.7201391	0.9280763849316231	-0.14258361668568792	ENSG00000221923.9	ZNF880	False
ENST00000418460	25.6	2.295999	2.049298	-0.246701	0.6692315	0.9127366894097521	-0.17442364207214578	ENSG00000212916.6	MAP10	False
ENST00000529982	115.962234	4.5382957	4.2915673	-0.24672842	0.55457336	0.8719910230509131	-0.2560409986963283	ENSG00000196323.14	ZBTB44	False
ENST00000330927	1725.4215	8.236463	7.9896812	-0.24678135	0.56501687	0.8755018923501372	-0.2479385883145892	ENSG00000185862.7	EVI2B	False
ENST00000330687	18.88734	1.7889729	1.5421164	-0.24685645	0.6834585	0.9170737297062175	-0.16528784642379116	ENSG00000183723.13	CMTM4	False
ENST00000433375	6.0	0.8541537	0.60721004	-0.24694365	0.72913253	0.9315637277152757	-0.13719352360109138	ENSG00000126603.9	GLIS2	False
ENST00000400301	697.7227	6.912273	6.665241	-0.24703217	0.4780561	0.8504371505934152	-0.3205211331165623	ENSG00000090686.16	USP48	False
ENST00000575858	43.935017	3.0876677	2.84035	-0.24731779	0.676649	0.9148772584425436	-0.16963657209631325	ENSG00000170310.15	STX8	True
ENST00000316634	106.28371	4.263901	4.0165286	-0.24737263	0.5263848	0.8628966334781174	-0.27869668402690334	ENSG00000174446.13	SNAPC5	True
ENST00000360105	467.3404	6.5897136	6.3423247	-0.24738884	0.6470785	0.9053606705999669	-0.18904302045766833	ENSG00000008441.19	NFIX	False
ENST00000690772	14.233264	1.9489946	1.7013395	-0.24765515	0.22327098	0.8093544299533921	-0.6511677165045769	ENSG00000120658.14	ENOX1	False
ENST00000012443	13.4	1.4277788	1.1799148	-0.24786401	0.77145463	0.9428108571981884	-0.11268960884750388	ENSG00000011485.15	PPP5C	False
ENST00000533186	3351.5344	9.28605	9.038135	-0.24791527	0.38254258	0.823716002720574	-0.41732021701016275	ENSG00000140988.16	RPS2	False
ENST00000244534	53.3	3.2558842	3.0079443	-0.24793983	0.6876744	0.9178436063724108	-0.16261714078806377	ENSG00000124575.7	H1-3	False
ENST00000400788	53.68335	3.2210906	2.973105	-0.2479856	0.7429783	0.9352336696717043	-0.12902388511259424	ENSG00000215712.11	TMEM242	False
ENST00000300896	193.4992	5.3217435	5.073656	-0.2480874	0.27603602	0.8093544299533921	-0.5590342366153844	ENSG00000170832.13	USP32	False
ENST00000225504	943.0423	7.5102134	7.261967	-0.2482462	0.4663103	0.8494197755236921	-0.3313249986159139	ENSG00000213246.7	SUPT4H1	False
ENST00000379846	5.222517	0.93329185	0.68503505	-0.2482568	0.7685987	0.9420509999805221	-0.11430036814721684	ENSG00000139631.20	CSAD	False
ENST00000264447	330.53613	5.9803166	5.7320056	-0.24831104	0.557166	0.8728453353828223	-0.254015408762921	ENSG00000075292.19	ZNF638	False
ENST00000366977	547.06976	6.750351	6.5020113	-0.24833965	0.4219323	0.838029552988072	-0.3747572168337545	ENSG00000117697.15	NSL1	False
ENST00000458153	12.444189	1.0829538	0.8344094	-0.2485444	0.82613015	0.9606497832580951	-0.08295152685213804	ENSG00000128585.18	MKLN1	False
ENST00000580301	7.0	0.79500836	0.54642236	-0.248586	0.72235805	0.9285152025899402	-0.14124748427204153	ENSG00000109065.12	NAT9	False
ENST00000290541	242.2	5.462071	5.2134337	-0.2486372	0.5543191	0.8719910230509131	-0.25624016957843265	ENSG00000159377.11	PSMB4	False
ENST00000374045	115.95376	4.227019	3.978372	-0.24864674	0.6850909	0.9173021276178854	-0.16425180147391896	ENSG00000181634.8	TNFSF15	False
ENST00000316399	38.805733	2.9489555	2.7002766	-0.24867892	0.77310413	0.9432727370709886	-0.11176200599210902	ENSG00000110693.19	SOX6	False
ENST00000329957	39.8	3.2927551	3.0438838	-0.24887133	0.5510198	0.8702473315036294	-0.258832804826981	ENSG00000182208.15	MOB2	False
ENST00000635953	35.70066	2.7011216	2.4520378	-0.24908376	0.63068455	0.8998400021113475	-0.20018780471965192	ENSG00000108231.14	LGI1	False
ENST00000371018	277.6562	4.84023	4.5911236	-0.2491064	0.8370059	0.96299534456408	-0.07727147380354558	ENSG00000198160.15	MIER1	False
ENST00000370339	142.64273	4.841562	4.592304	-0.24925756	0.32159266	0.8127721965095723	-0.49269387378307045	ENSG00000149658.18	YTHDF1	False
ENST00000696795	28.31517	1.1376848	0.88802266	-0.24966216	0.8342597	0.962643068203717	-0.07869874087156538	ENSG00000198001.16	IRAK4	False
ENST00000514135	38.49482	2.2380488	1.9883764	-0.24967241	0.86395186	0.9703678487233361	-0.06351045510409124	ENSG00000164180.14	TMEM161B	False
ENST00000515673	103.2	4.40661	4.156625	-0.24998522	0.5257535	0.8628966334781174	-0.2792178290731108	ENSG00000170153.11	RNF150	False
ENST00000236273	1007.9119	7.545233	7.2951727	-0.25006008	0.38555554	0.8244231157420382	-0.4139130571774501	ENSG00000117614.10	SYF2	False
ENST00000685419	95.1779	3.9839199	3.733766	-0.25015378	0.6912479	0.9190096639099691	-0.1603661873421383	ENSG00000214021.19	TTLL3	False
ENST00000683822	150.16559	4.7674546	4.5171022	-0.25035238	0.45252377	0.8472077019271466	-0.3443586053700619	ENSG00000163946.14	TASOR	False
ENST00000538127	50.957245	1.7412105	1.4907488	-0.2504617	0.8402463	0.9640760333298781	-0.07559338103846507	ENSG00000109466.14	KLHL2	False
ENST00000367576	188.3	5.161293	4.9106216	-0.2506714	0.5833807	0.881844908962138	-0.2340479433801417	ENSG00000135521.9	LTV1	False
ENST00000547184	733.53534	7.249319	6.998621	-0.2506981	0.56954503	0.8767305649429177	-0.2444719331032223	ENSG00000257341.5	ENSG00000257341	False
ENST00000397033	473.74136	6.125715	5.8750005	-0.2507143	0.7230451	0.9287453485071263	-0.1408346062766811	ENSG00000115232.14	ITGA4	False
ENST00000532635	138.39694	4.556629	4.305511	-0.25111818	0.6484191	0.9058007019088778	-0.18814421289058525	ENSG00000110719.11	TCIRG1	False
ENST00000373983	42.597168	2.9224536	2.6713045	-0.25114918	0.46450335	0.8492019855291293	-0.3330111515135493	ENSG00000119401.11	TRIM32	False
ENST00000675991	9.64208	1.0347023	0.7835264	-0.25117588	0.69311076	0.9195779048796497	-0.15919735649690583	ENSG00000112367.12	FIG4	False
ENST00000230640	595.53357	6.796395	6.545066	-0.25132895	0.508198	0.8558786284660064	-0.29396702891631205	ENSG00000039123.16	MTREX	False
ENST00000367055	1205.1993	7.913034	7.661661	-0.2513728	0.46863082	0.8496539504698483	-0.3291691524900932	ENSG00000291237.1	SOD2	False
ENST00000564628	33.39151	2.919945	2.6684835	-0.2514615	0.47120664	0.8496539504698483	-0.3267886027149839	ENSG00000103024.8	NME3	False
ENST00000636260	7.6	1.1238071	0.872337	-0.2514701	0.7029302	0.922182151926897	-0.15308779025574712	ENSG00000180316.13	PNPLA1	False
ENST00000361952	130.82828	4.6107535	4.359224	-0.2515297	0.62150073	0.8967485095493625	-0.2065583565505081	ENSG00000198783.6	ZNF830	False
ENST00000359676	188.66385	5.1247044	4.8731422	-0.25156212	0.411333	0.8330998809981174	-0.38580645255941337	ENSG00000197183.15	NOL4L	False
ENST00000682739	11.519758	1.1885195	0.93677616	-0.25174332	0.7522566	0.9367761286654671	-0.12363400926692146	ENSG00000139132.16	FGD4	False
ENST00000477374	11.696733	1.369161	1.1173108	-0.25185025	0.727904	0.9309431364277914	-0.1379258810944569	ENSG00000227124.11	ZNF717	False
ENST00000587708	367.70148	6.111712	5.8596554	-0.2520566	0.5791244	0.8799660572403326	-0.23722814342801377	ENSG00000205155.8	PSENEN	False
ENST00000409719	90.90591	4.03174	3.7795348	-0.25220537	0.5403259	0.867777183814941	-0.2673442305100046	ENSG00000125611.16	CHCHD5	False
ENST00000400137	16.06725	1.2531303	1.0009077	-0.25222266	0.85079014	0.9665775818310514	-0.07017755033943109	ENSG00000088832.18	FKBP1A	False
ENST00000485050	11.2085	0.9798856	0.72765094	-0.25223464	0.80536926	0.9552005372235465	-0.09400495204110763	ENSG00000151576.10	QTRT2	False
ENST00000397621	15.304599	1.8380331	1.5856143	-0.25241876	0.7115335	0.9251867593699032	-0.14780465593254055	ENSG00000127585.13	FBXL16	False
ENST00000261308	43.32213	2.5128112	2.2602575	-0.2525537	0.8273732	0.9612421074538889	-0.08229854726389575	ENSG00000113593.12	PPWD1	False
ENST00000651602	366.03033	5.865856	5.613226	-0.25263023	0.65594345	0.9086711018784973	-0.18313359808333415	ENSG00000140044.13	JDP2	False
ENST00000206542	102.29921	4.401056	4.1481943	-0.2528615	0.4702511	0.8496539504698483	-0.3276701677163987	ENSG00000092094.11	OSGEP	False
ENST00000222644	37.147594	2.996212	2.7432737	-0.25293827	0.58079535	0.8803643960245429	-0.23597687109653095	ENSG00000105926.16	PALS2	False
ENST00000592904	157.82512	4.8254313	4.572207	-0.25322437	0.45522553	0.8473426594424552	-0.3417733923756569	ENSG00000174652.20	ZNF266	False
ENST00000334956	35.025955	2.9512727	2.6977458	-0.25352693	0.6752546	0.9142632374641173	-0.17053245931279642	ENSG00000197702.14	PARVA	False
ENST00000462138	2386.2969	8.530034	8.276455	-0.25357914	0.5029408	0.8551707956010974	-0.2984831542185636	ENSG00000163931.17	TKT	False
ENST00000472788	19.07571	1.9652724	1.7116234	-0.253649	0.7233768	0.9289934006114292	-0.14063541762485116	ENSG00000183185.10	GABRR3	False
ENST00000335007	544.78876	6.6590595	6.4053698	-0.25368977	0.5153175	0.8587509528528511	-0.28792510910694147	ENSG00000186298.12	PPP1CC	False
ENST00000563996	305.8237	5.857588	5.6036444	-0.25394344	0.47102737	0.8496539504698483	-0.3269538526420332	ENSG00000033800.14	PIAS1	True
ENST00000471115	175.048	4.7641845	4.5101833	-0.25400114	0.5321733	0.865635036834895	-0.2739469381271895	ENSG00000162642.14	C1orf52	False
ENST00000380736	6.6992598	0.99064225	0.73660976	-0.2540325	0.78361005	0.9466986003717168	-0.10590000497023005	ENSG00000047648.23	ARHGAP6	False
ENST00000680493	254.18689	5.6548576	5.400804	-0.2540536	0.4982634	0.8544167770024537	-0.3025410225117343	ENSG00000178607.17	ERN1	False
ENST00000476696	29.69816	2.0023153	1.7480607	-0.25425458	0.84285533	0.9643619989817128	-0.07424696026797203	ENSG00000213085.10	CFAP45	False
ENST00000458464	200.9	5.1636696	4.909393	-0.25427675	0.44202122	0.8450789941411054	-0.354556880179645	ENSG00000104442.10	ARMC1	False
ENST00000371130	176.65799	4.973307	4.7188888	-0.25441837	0.41282675	0.8335452014669191	-0.38423217289036493	ENSG00000009694.14	TENM1	False
ENST00000430279	51.458855	2.9914844	2.7370558	-0.25442863	0.75533676	0.9376433502008885	-0.12185937811621055	ENSG00000006634.8	DBF4	False
ENST00000379938	42.04	2.7062137	2.451724	-0.25448966	0.8004629	0.953180302642127	-0.09665879117394052	ENSG00000124782.21	RREB1	False
ENST00000462897	11.39627	1.1448609	0.89036906	-0.2544918	0.8150646	0.9573034276375771	-0.08880796396912835	ENSG00000135968.22	GCC2	True
ENST00000435319	263.3852	5.510069	5.2554607	-0.25460815	0.4461903	0.8459831455694948	-0.35047987767169625	ENSG00000143337.19	TOR1AIP1	False
ENST00000593795	57.076294	2.8158665	2.5611496	-0.25471687	0.7593872	0.938790070041057	-0.11953673026682293	ENSG00000064607.17	SUGP2	False
ENST00000536976	19.619791	1.694849	1.4401085	-0.25474048	0.7656245	0.9410582432937948	-0.11598416443741245	ENSG00000150967.19	ABCB9	False
ENST00000215574	332.82788	5.7007236	5.445819	-0.25490475	0.7734201	0.9432933991388066	-0.1115845480284808	ENSG00000099804.9	CDC34	False
ENST00000646097	38.137077	2.70648	2.4515235	-0.25495648	0.7390202	0.9345775597603275	-0.1313436739784463	ENSG00000139687.17	RB1	False
ENST00000637918	11.840547	1.4207481	1.1656367	-0.25511146	0.5834689	0.881844908962138	-0.2339822772775761	ENSG00000143614.11	GATAD2B	False
ENST00000673001	43.852386	3.218069	2.962707	-0.25536203	0.8149832	0.9572637073139075	-0.08885134948554929	ENSG00000100478.17	AP4S1	False
ENST00000355095	101.41092	3.7859564	3.530294	-0.25566244	0.55628127	0.8725429329491033	-0.2547055636113456	ENSG00000234444.10	ZNF736	False
ENST00000308683	49.0	3.24884	2.9930718	-0.2557683	0.6220275	0.8967648830813091	-0.20619040318509474	ENSG00000173545.5	ZNF622	False
ENST00000313871	287.7584	5.655131	5.3992457	-0.25588512	0.4721875	0.8496539504698483	-0.3258855238487283	ENSG00000197976.12	AKAP17A	False
ENST00000711132	287.7584	5.655131	5.3992457	-0.25588512	0.4721875	0.8496539504698483	-0.3258855238487283	ENSG00000292343.1	AKAP17A	False
ENST00000681898	38.0	2.933781	2.6776764	-0.25610447	0.62939996	0.8998400021113475	-0.20107329228525692	ENSG00000168209.6	DDIT4	True
ENST00000171757	386.54605	6.2694983	6.013335	-0.25616312	0.4659838	0.8494197755236921	-0.3316291738696221	ENSG00000078589.13	P2RY10	False
ENST00000675108	143.81424	3.3887537	3.1325855	-0.25616813	0.8741818	0.9727642839529599	-0.05839823603424785	ENSG00000116198.14	CEP104	True
ENST00000678273	17.287937	1.8514528	1.5947822	-0.2566706	0.79004335	0.9494306113082505	-0.1023490759231035	ENSG00000138757.15	G3BP2	False
ENST00000696733	283.15042	4.595299	4.338392	-0.256907	0.9055984	0.9799172804063941	-0.04306435249090605	ENSG00000100697.17	DICER1	False
ENST00000374908	13.733187	1.908504	1.6514837	-0.25702035	0.7336179	0.9332857513397641	-0.13453007952043383	ENSG00000147059.9	SPIN2A	False
ENST00000502371	128.26038	3.7370367	3.479894	-0.25714278	0.87183136	0.9724547537241448	-0.0595675146080504	ENSG00000134982.19	APC	False
ENST00000606082	18.581633	1.4545652	1.1973709	-0.25719428	0.78124183	0.9456684473017747	-0.10721450903499677	ENSG00000170634.13	ACYP2	True
ENST00000393051	9.981407	1.0270385	0.7696864	-0.25735205	0.68524086	0.9173021276178854	-0.16415674551994044	ENSG00000150768.18	DLAT	False
ENST00000283882	259.94583	5.52915	5.27179	-0.25735998	0.7053577	0.922584894924629	-0.15159060633074062	ENSG00000153774.9	CFDP1	False
ENST00000532325	23.60383	1.933732	1.6761792	-0.25755286	0.8432339	0.9644278042051889	-0.07405195067316347	ENSG00000205531.14	NAP1L4	False
ENST00000350119	135.02908	4.6986537	4.4408484	-0.25780535	0.53140676	0.8653809982945112	-0.2745729250749205	ENSG00000149927.18	DOC2A	False
ENST00000452248	7.63732	1.4496527	1.1918203	-0.2578324	0.6306546	0.8998400021113475	-0.2002084504631781	ENSG00000165283.16	STOML2	False
ENST00000585696	15.835208	1.4334455	1.175417	-0.2580285	0.6999217	0.9212025833663481	-0.15495052477758195	ENSG00000189042.14	ZNF567	False
ENST00000532672	177.07462	4.457588	4.1995306	-0.2580576	0.7662165	0.9410990134190095	-0.11564849063900261	ENSG00000110330.10	BIRC2	False
ENST00000306065	40.004883	2.5023665	2.2441714	-0.25819516	0.6806266	0.9164033440277419	-0.16709110036081115	ENSG00000105186.16	ANKRD27	False
ENST00000240617	465.1	6.255717	5.997354	-0.25836277	0.36401194	0.8185742609699567	-0.4388843667858473	ENSG00000121316.11	PLBD1	False
ENST00000298281	590.81775	6.6561675	6.3977876	-0.25837994	0.59440184	0.8857079187793583	-0.22591985749933574	ENSG00000165494.12	PCF11	False
ENST00000563370	603.41846	6.737026	6.478528	-0.2584982	0.67640567	0.9148239954725801	-0.1697927616846646	ENSG00000147274.14	RBMX	False
ENST00000379551	28.390942	2.7710428	2.5123754	-0.25866747	0.5396077	0.867777183814941	-0.2679218587697148	ENSG00000184838.15	PRR16	False
ENST00000313766	15.3	1.5265198	1.2676146	-0.25890517	0.72932017	0.931628570694152	-0.137081776365629	ENSG00000177706.9	FAM20C	False
ENST00000481646	23.159	1.5881418	1.3292143	-0.25892746	0.81801456	0.9580175559429005	-0.08723896503723354	ENSG00000114098.18	ARMC8	False
ENST00000294383	90.38936	4.1645827	3.9054074	-0.2591753	0.6461528	0.9049469109688706	-0.18966477317899869	ENSG00000162402.15	USP24	False
ENST00000571514	16.3	1.3860756	1.1268203	-0.2592553	0.7191757	0.9276859046863852	-0.14316499745592567	ENSG00000157353.17	FCSK	False
ENST00000593447	39.67716	2.4373572	2.1779907	-0.2593665	0.79604447	0.9513642159867293	-0.09906267089344016	ENSG00000011422.12	PLAUR	True
ENST00000335325	15.351954	1.6066788	1.347179	-0.2594998	0.7661236	0.9410582432937948	-0.11570116331188623	ENSG00000186187.12	ZNRF1	False
ENST00000381766	25.638027	2.2040594	1.9443763	-0.259683	0.64303035	0.9036380088385125	-0.1917685316696572	ENSG00000068903.21	SIRT2	True
ENST00000496166	244.83533	5.4479012	5.188204	-0.25969744	0.59324837	0.8850160895712553	-0.2267634483393128	ENSG00000105851.11	PIK3CG	False
ENST00000460567	11.863017	1.5633615	1.3032938	-0.2600677	0.7693525	0.9422289471440147	-0.11387463308661086	ENSG00000172340.15	SUCLG2	False
ENST00000537075	34.8	2.576193	2.3160877	-0.26010537	0.7025279	0.9221026914234706	-0.15333643557908128	ENSG00000124134.9	KCNS1	False
ENST00000639853	42.78475	1.5995607	1.3392807	-0.26028	0.8817223	0.9751666532336161	-0.05466818921522656	ENSG00000120071.15	KANSL1	False
ENST00000325214	37.85932	2.5478315	2.287354	-0.26047754	0.6380495	0.9023964490574602	-0.19514563869190824	ENSG00000141179.14	PCTP	False
ENST00000335508	1483.6494	8.073266	7.8126326	-0.26063347	0.50015056	0.8548764927378353	-0.30089923943786345	ENSG00000115524.17	SF3B1	False
ENST00000619700	576.6895	6.854626	6.5939417	-0.2606845	0.41819218	0.836886090598871	-0.37862409461364943	ENSG00000122694.16	GLIPR2	False
ENST00000379516	733.1075	7.127895	6.8671827	-0.26071215	0.3801484	0.8231329589941108	-0.4200468207328885	ENSG00000205302.7	SNX2	False
ENST00000377452	133.57426	4.5492215	4.288432	-0.2607894	0.3396668	0.81719736681995	-0.46894688283042907	ENSG00000125821.13	DTD1	False
ENST00000493583	15.880232	2.026209	1.7653537	-0.26085544	0.42425874	0.8384889416362945	-0.37236920344870456	ENSG00000068323.17	TFE3	False
ENST00000579850	32.22035	1.1362811	0.87537205	-0.26090908	0.8418203	0.9642057731152803	-0.07478060589971051	ENSG00000135164.19	DMTF1	False
ENST00000263071	37.11683	1.3013802	1.0404658	-0.26091433	0.85155416	0.966826986744672	-0.06978772747628285	ENSG00000074660.17	SCARF1	False
ENST00000218432	12.38487	0.955884	0.69483864	-0.26104534	0.7887669	0.9488973448629912	-0.10305131119647261	ENSG00000102309.15	PIN4	True
ENST00000330137	103.414795	4.1569285	3.8958347	-0.26109385	0.5450203	0.8692662506126195	-0.2635873356804216	ENSG00000182628.13	SKA2	True
ENST00000269397	833.4	7.2156105	6.954509	-0.26110172	0.2537907	0.8093544299533921	-0.5955242854516727	ENSG00000141582.15	CBX4	False
ENST00000322203	1220.6	7.711685	7.4504676	-0.2612176	0.49263546	0.8537766521893764	-0.30747433190634793	ENSG00000198755.11	RPL10A	False
ENST00000258874	183.41359	5.08177	4.820548	-0.2612219	0.5397883	0.867777183814941	-0.2677765284478302	ENSG00000136371.11	MTHFS	False
ENST00000374279	436.7	6.352303	6.0909944	-0.26130867	0.32934818	0.8142173533113395	-0.4823447364842206	ENSG00000148154.10	UGCG	False
ENST00000684649	87.59428	1.9610504	1.6996886	-0.26136184	0.9053106	0.9799172804063941	-0.04320240839976418	ENSG00000055609.21	KMT2C	False
ENST00000309784	54.076233	3.2299173	2.9681668	-0.26175046	0.6910696	0.9190096639099691	-0.16047820926562262	ENSG00000213186.8	TRIM59	False
ENST00000252898	35.3	2.6430948	2.3810918	-0.26200294	0.71913856	0.9276859046863852	-0.14318742226075054	ENSG00000130598.17	TNNI2	False
ENST00000438014	9.621755	1.278704	1.016684	-0.26202	0.6660688	0.9119446768804833	-0.17648091408473046	ENSG00000048991.18	R3HDM1	False
ENST00000527673	846.9574	7.0774636	6.815013	-0.2624507	0.66160786	0.9104548772915186	-0.17939934294466403	ENSG00000118181.11	RPS25	False
ENST00000415497	28.582378	1.3978896	1.1353253	-0.2625643	0.86342317	0.9702361364727508	-0.06377630188562643	ENSG00000112576.13	CCND3	True
ENST00000354371	130.4	4.624335	4.3617487	-0.26258612	0.52353364	0.8618517854807809	-0.2810554053082847	ENSG00000198612.11	COPS8	False
ENST00000369889	221.98897	5.33153	5.0688987	-0.26263142	0.15522628	0.8093544299533921	-0.8090347633437454	ENSG00000166272.18	WBP1L	False
ENST00000374982	4425.973	9.6589985	9.396272	-0.26272678	0.47220224	0.8496539504698483	-0.3258719557698898	ENSG00000204287.14	HLA-DRA	False
ENST00000688963	10.47936	0.85996634	0.59668934	-0.263277	0.75957614	0.9388412636289906	-0.1194286848413576	ENSG00000183020.15	AP2A2	True
ENST00000381356	35.78427	2.3161328	2.052811	-0.26332188	0.70629793	0.9232742754714414	-0.1510120640726087	ENSG00000205707.11	ETFRF1	False
ENST00000344954	680.0335	6.834378	6.570916	-0.2634616	0.5039999	0.8556848333281974	-0.2975695592914792	ENSG00000151702.18	FLI1	False
ENST00000324607	437.6083	6.1282234	5.8646765	-0.26354694	0.5397153	0.867777183814941	-0.267835278249804	ENSG00000172197.11	MBOAT1	False
ENST00000263238	2110.8	8.609012	8.345428	-0.26358318	0.433879	0.842654100473947	-0.3626313814555736	ENSG00000115091.12	ACTR3	False
ENST00000394159	58.524437	2.7209923	2.4573436	-0.26364875	0.76687723	0.9412607163018049	-0.11527415478834412	ENSG00000164136.17	IL15	False
ENST00000222584	102.61491	4.326093	4.062442	-0.26365137	0.45164454	0.8472077019271466	-0.34520323581283363	ENSG00000105866.15	SP4	False
ENST00000699409	58.41201	3.0686562	2.8046608	-0.2639954	0.80609256	0.9552005372235465	-0.09361508708355377	ENSG00000116044.17	NFE2L2	False
ENST00000380647	69.70774	3.8548717	3.5908551	-0.26401663	0.45559126	0.8473426594424552	-0.3414246146365235	ENSG00000044459.15	CNTLN	False
ENST00000550383	682.38556	7.0645022	6.8001432	-0.264359	0.41466168	0.8342271906977036	-0.38230610161399436	ENSG00000257950.3	P2RX5-TAX1BP3	False
ENST00000430466	125.840675	4.6075864	4.3431473	-0.2644391	0.6405038	0.9030378888992515	-0.19347827320784627	ENSG00000174547.13	MRPL11	False
ENST00000375213	108.801636	4.212932	3.9484224	-0.26450968	0.43617508	0.842654100473947	-0.3603391524427158	ENSG00000091436.17	MAP3K20	False
ENST00000360468	705.3476	7.0398803	6.7751675	-0.2647128	0.289099	0.8109740254625081	-0.5389533987762937	ENSG00000196547.15	MAN2A2	False
ENST00000390428	39.1	3.333278	3.0684814	-0.2647965	0.62666935	0.8986654492835523	-0.20296154772865482	ENSG00000211780.3	TRAV6	True
ENST00000372209	2588.9214	8.845858	8.581006	-0.26485157	0.58482593	0.8819641855083519	-0.23297337767088544	ENSG00000142937.12	RPS8	False
ENST00000397786	539.3522	6.7023435	6.4373016	-0.26504183	0.40836364	0.8322411833574862	-0.3889529333735723	ENSG00000108510.10	MED13	False
ENST00000392604	9.641293	0.9685726	0.7033621	-0.2652105	0.6714902	0.9132738921569098	-0.17296032612538798	ENSG00000123600.21	METTL8	False
ENST00000262866	877.0975	7.34804	7.082705	-0.26533508	0.38523665	0.8242482227560738	-0.41427240160488776	ENSG00000101082.14	SLA2	True
ENST00000279839	444.2	6.4105396	6.14497	-0.2655697	0.46368283	0.8489313290250275	-0.3337789852544669	ENSG00000150316.12	CWC15	False
ENST00000432456	11.286357	1.3982826	1.1325774	-0.26570523	0.6816047	0.9165294746754324	-0.16646743413419457	ENSG00000138376.11	BARD1	True
ENST00000463378	17.119385	2.059465	1.7935386	-0.26592636	0.6038303	0.8899335403414427	-0.21908511389689816	ENSG00000162521.19	RBBP4	False
ENST00000614640	83.230095	3.7587287	3.4925885	-0.26614022	0.6996062	0.9212025833663481	-0.15514636269963514	ENSG00000174099.12	MSRB3	False
ENST00000462430	17.333973	1.8486422	1.5824981	-0.26614416	0.65166664	0.9064197091743617	-0.18597450993613493	ENSG00000185088.14	RPS27L	False
ENST00000355346	124.06089	4.6509814	4.3841276	-0.2668538	0.5357939	0.8665861353230246	-0.2710022347343368	ENSG00000119185.13	ITGB1BP1	False
ENST00000377918	11.01157	1.4645591	1.1976873	-0.2668718	0.5519313	0.8707003204247253	-0.25811495940246976	ENSG00000118946.12	PCDH17	False
ENST00000301178	202.09897	5.3214293	5.054496	-0.26693344	0.6100081	0.8920263818920305	-0.21466438354521658	ENSG00000167601.12	AXL	False
ENST00000372410	30.449	1.854454	1.5875018	-0.26695228	0.8371628	0.9630652571848319	-0.07719008192400496	ENSG00000148358.21	GPR107	False
ENST00000495827	413.53058	6.0030217	5.7358766	-0.26714516	0.57192826	0.8771718550266617	-0.24265844159642594	ENSG00000188921.14	HACD4	False
ENST00000559903	67.25393	2.9867344	2.7195563	-0.26717806	0.8258407	0.9605909370205251	-0.08310371145326641	ENSG00000068305.19	MEF2A	False
ENST00000251636	431.7501	6.433407	6.1661596	-0.2672472	0.40899822	0.8323007445595858	-0.3882785808496719	ENSG00000067248.11	DHX29	False
ENST00000505871	36.165287	2.8539705	2.5864713	-0.2674992	0.61867595	0.895592664697484	-0.20853676810155142	ENSG00000214193.11	SH3D21	False
ENST00000371157	816.8826	5.8840103	5.616477	-0.2675333	0.85456645	0.9673701890112815	-0.06825415896000217	ENSG00000101972.20	STAG2	False
ENST00000456793	413.7876	6.3501797	6.0824842	-0.26769543	0.62466264	0.8981172263072559	-0.204354469276296	ENSG00000228474.6	OST4	False
ENST00000714536	44.42834	1.8087958	1.5410733	-0.2677225	0.8435449	0.9645633393301378	-0.07389179572512755	ENSG00000163374.21	YY1AP1	True
ENST00000628579	360.98184	5.9104266	5.6425266	-0.2679	0.58682615	0.8826128203198247	-0.23149054469564573	ENSG00000143183.18	TMCO1	False
ENST00000697603	20.882294	1.666526	1.3986166	-0.2679094	0.79046214	0.9495309400752145	-0.10211892826616606	ENSG00000253729.9	PRKDC	False
ENST00000373812	101.2481	1.9250761	1.65715	-0.2679261	0.900461	0.9795430635977802	-0.04553508350720826	ENSG00000198492.16	YTHDF2	False
ENST00000304734	81.41649	3.6382484	3.3702712	-0.26797724	0.7450501	0.935882830083255	-0.12781453858929268	ENSG00000146223.16	RPL7L1	False
ENST00000475977	274.29074	5.8127494	5.5444894	-0.26826	0.6314749	0.9002255149083827	-0.1996438988284306	ENSG00000196998.19	WDR45	False
ENST00000398261	12.460973	1.8065082	1.538233	-0.26827514	0.73119056	0.9323595337525779	-0.13596942284037286	ENSG00000109685.19	NSD2	False
ENST00000316084	7432.6963	10.449253	10.180809	-0.26844406	0.43098032	0.8410214692507391	-0.3655425559405269	ENSG00000198034.11	RPS4X	False
ENST00000583777	329.2045	5.969113	5.700586	-0.26852703	0.43467712	0.842654100473947	-0.3618332150468199	ENSG00000100300.18	TSPO	False
ENST00000566254	28.335907	2.339526	2.0709724	-0.2685535	0.7142346	0.9257062139447186	-0.14615912066143882	ENSG00000153774.9	CFDP1	False
ENST00000481541	31.970585	2.636709	2.3677816	-0.26892734	0.5744304	0.8777929733665634	-0.24076257982222074	ENSG00000115486.13	GGCX	True
ENST00000676992	35.530506	1.7933168	1.524251	-0.26906586	0.8178418	0.9580175559429005	-0.08733068156801688	ENSG00000149474.15	KAT14	True
ENST00000568865	31.199697	2.5257874	2.2566607	-0.26912665	0.7843221	0.946795898683074	-0.10550555703064339	ENSG00000064666.15	CNN2	False
ENST00000482556	1120.9597	7.605929	7.336772	-0.26915693	0.41143927	0.8330998809981174	-0.38569425946840413	ENSG00000124126.14	PREX1	False
ENST00000637815	56.913036	2.6237717	2.354276	-0.26949573	0.885949	0.9762529517548046	-0.05259127006909487	ENSG00000117984.15	CTSD	False
ENST00000682075	164.26852	4.53857	4.269013	-0.269557	0.86849606	0.9712743729323119	-0.06123214723742691	ENSG00000146872.19	TLK2	False
ENST00000554611	301.01398	5.650814	5.3812456	-0.26956844	0.5376229	0.8669369265370219	-0.2695222177062156	ENSG00000036530.9	CYP46A1	False
ENST00000376237	5715.629	9.974942	9.705292	-0.26965046	0.2041618	0.8093544299533921	-0.6900255288730011	ENSG00000204525.18	HLA-C	False
ENST00000248564	218.4	5.3608	5.09109	-0.2697096	0.6442646	0.9043177692507586	-0.1909357451804311	ENSG00000127920.6	GNG11	False
ENST00000470531	113.05607	3.7975807	3.5277653	-0.26981544	0.8577512	0.9680871278606209	-0.0666386704181087	ENSG00000170004.19	CHD3	True
ENST00000511137	12.549656	1.6539599	1.3841416	-0.2698183	0.6172161	0.894947108003435	-0.20956274674942824	ENSG00000164211.13	STARD4	True
ENST00000258534	94.19027	4.187255	3.9174292	-0.2698257	0.5402637	0.867777183814941	-0.2673942014983944	ENSG00000136048.14	DRAM1	False
ENST00000423105	27.93307	1.6111097	1.3412564	-0.26985335	0.8289552	0.9615679820520636	-0.0814689536852425	ENSG00000155438.12	NIFK	True
ENST00000591265	9.65811	1.3123816	1.0425255	-0.2698561	0.60434824	0.8899892143002557	-0.21871273667824018	ENSG00000172006.12	ZNF554	False
ENST00000579733	725.5938	6.907635	6.6377535	-0.26988173	0.42580718	0.8389266064589959	-0.3707870217412645	ENSG00000109046.15	WSB1	False
ENST00000525428	284.04242	5.507588	5.2372704	-0.27031755	0.6437544	0.9041696773142868	-0.1912797742890025	ENSG00000074201.9	CLNS1A	True
ENST00000512093	176.76927	4.2998652	4.028756	-0.2711091	0.81686455	0.9579814638545359	-0.08784995082992644	ENSG00000109171.15	SLAIN2	False
ENST00000588871	71.405266	3.8210297	3.5497646	-0.27126503	0.47162992	0.8496539504698483	-0.3263986534372856	ENSG00000119559.17	C19orf25	False
ENST00000367912	6.928955	1.2742842	1.0029137	-0.27137053	0.27750525	0.8093544299533921	-0.5567287981383764	ENSG00000185860.14	CCDC190	False
ENST00000376363	11.178534	1.2624959	0.9910292	-0.27146667	0.72219604	0.9285152025899402	-0.14134489573299855	ENSG00000151023.17	ENKUR	False
ENST00000396060	228.0522	5.410221	5.138708	-0.271513	0.3631878	0.8185742609699567	-0.4398687605386462	ENSG00000140307.11	GTF2A2	True
ENST00000315717	6229.794	10.16452	9.892801	-0.27171898	0.37779224	0.8230751633283137	-0.422746967832785	ENSG00000163466.16	ARPC2	False
ENST00000478393	47.01569	3.3237388	3.051867	-0.2718718	0.49638906	0.8537766521893764	-0.304177797494373	ENSG00000106526.12	ACTR3C	False
ENST00000685991	12.5	1.3265709	1.0546203	-0.2719506	0.6956844	0.920651010045192	-0.15758775175460848	ENSG00000172915.20	NBEA	False
ENST00000254853	22.375881	2.31785	2.045801	-0.2720492	0.764819	0.9407861862454446	-0.1164413168863145	ENSG00000132517.15	SLC52A1	False
ENST00000575242	127.954636	4.594401	4.322268	-0.27213287	0.6824565	0.9166447384470666	-0.1659250296912401	ENSG00000105176.18	URI1	False
ENST00000428670	1051.1052	7.5579867	7.285774	-0.2722125	0.54362375	0.8685822893933551	-0.2647015815772214	ENSG00000070961.17	ATP2B1	False
ENST00000522842	100.77766	4.103869	3.83151	-0.2723589	0.497676	0.8540375487251681	-0.3030532892288391	ENSG00000153140.9	CETN3	False
ENST00000205402	140.91658	4.8391376	4.566628	-0.27250957	0.3974386	0.8298121044971967	-0.40072997122625414	ENSG00000091140.15	DLD	False
ENST00000698128	19.879435	1.5779301	1.3051702	-0.2727599	0.80020976	0.9530481662417009	-0.09679615555951568	ENSG00000196562.16	SULF2	False
ENST00000547747	56.27047	3.5131805	3.2403452	-0.27283525	0.29584342	0.8111088466013822	-0.5289380820961109	ENSG00000258315.5	C17orf49	False
ENST00000359128	126.7406	3.722251	3.4493537	-0.27289724	0.85407335	0.9672475632846762	-0.06850483159656684	ENSG00000167984.18	NLRC3	False
ENST00000489585	1722.2751	8.30088	8.027838	-0.27304268	0.46969444	0.8496539504698483	-0.3281845848115655	ENSG00000143669.16	LYST	False
ENST00000448926	17.497128	1.0212871	0.747977	-0.27331007	0.7762702	0.9442272701652389	-0.10998707950473607	ENSG00000105983.23	LMBR1	False
ENST00000676193	199.36075	5.0452495	4.7719355	-0.273314	0.56372786	0.875047650343476	-0.2489305047039407	ENSG00000185900.11	POMK	False
ENST00000369838	77.4	3.6975842	3.4242609	-0.2733233	0.71081907	0.9249156524509491	-0.14824093207500644	ENSG00000198478.8	SH3BGRL2	False
ENST00000685069	30.290121	2.0041504	1.7308226	-0.27332783	0.77683175	0.9442272701652389	-0.1096730348058531	ENSG00000146282.19	RARS2	False
ENST00000381647	27.4	2.1164806	1.8430831	-0.27339745	0.7609597	0.9395198466545356	-0.11863835126030735	ENSG00000205765.10	RIMOC1	False
ENST00000569801	29.339207	2.4537485	2.1798987	-0.27384973	0.65025896	0.906091162154323	-0.18691365600145454	ENSG00000048471.14	SNX29	False
ENST00000358635	45.165688	1.3525305	1.0786016	-0.27392888	0.8486265	0.9657887474168751	-0.07128341353637559	ENSG00000109381.21	ELF2	False
ENST00000706260	91.05644	3.301459	3.027368	-0.274091	0.81754154	0.9580175559429005	-0.08749017140074886	ENSG00000185829.19	ARL17A	False
ENST00000426128	390.81696	6.0164123	5.741897	-0.27451515	0.5638606	0.8750651242216205	-0.24882825454046592	ENSG00000135241.17	PNPLA8	False
ENST00000520222	86.641464	3.9994066	3.724866	-0.27454066	0.6279958	0.8992688791156324	-0.202043268361564	ENSG00000250479.9	CHCHD10	False
ENST00000296684	39.617886	2.3010798	2.0264564	-0.2746234	0.7423268	0.9352336696717043	-0.1294048622700124	ENSG00000164258.12	NDUFS4	False
ENST00000699067	403.9669	6.3931274	6.1184273	-0.27470016	0.5793249	0.8800963981245766	-0.23707780383371024	ENSG00000213928.10	IRF9	False
ENST00000200639	613.79016	6.645577	6.3708143	-0.27476263	0.49681777	0.8537766521893764	-0.30380288094464314	ENSG00000005893.17	LAMP2	False
ENST00000316149	54.4	3.1864681	2.911666	-0.2748022	0.66094536	0.9103843223966964	-0.17983444462250142	ENSG00000123545.6	NDUFAF4	False
ENST00000276416	157.35074	4.9173865	4.642579	-0.27480745	0.39773473	0.8298121044971967	-0.4004064834110268	ENSG00000147439.14	BIN3	False
ENST00000395314	40.937447	2.3747103	2.099732	-0.2749784	0.8753021	0.9732432132574479	-0.0578420413236507	ENSG00000126777.18	KTN1	False
ENST00000357244	172.51546	4.9155083	4.6403255	-0.27518272	0.76930964	0.9422289471440147	-0.11389882554679756	ENSG00000056586.16	RC3H2	False
ENST00000553630	971.1327	7.5211005	7.245902	-0.27519846	0.49872255	0.8547222214011697	-0.3021409916534444	ENSG00000198668.14	CALM1	True
ENST00000355622	1221.7441	7.746561	7.4712887	-0.27527237	0.31195515	0.8118754707110037	-0.5059078348128219	ENSG00000136869.16	TLR4	False
ENST00000650072	106.75006	3.9110363	3.635726	-0.27531028	0.7328148	0.9328989707216432	-0.13500577482410459	ENSG00000047056.18	WDR37	False
ENST00000374183	51.930138	3.3500407	3.0745997	-0.27544093	0.5115314	0.8572896379232406	-0.2911276915694314	ENSG00000119411.11	BSPRY	False
ENST00000544049	339.8135	5.6641374	5.3885927	-0.27554464	0.6624356	0.9105659425462344	-0.17885634190014332	ENSG00000162989.5	KCNJ3	False
ENST00000679824	25.027973	2.1620443	1.8864294	-0.27561486	0.6804694	0.9163592447993505	-0.16719140379352684	ENSG00000177646.20	ACAD9	False
ENST00000631026	24.591526	1.4617342	1.1855832	-0.27615094	0.8121093	0.9567191578386287	-0.09038552060535163	ENSG00000081189.17	MEF2C	False
ENST00000368685	57.1	3.3429375	3.066729	-0.2762084	0.59902704	0.8872137205946347	-0.2225535748988307	ENSG00000143553.11	SNAPIN	False
ENST00000531975	682.8516	6.683906	6.4075327	-0.2763734	0.6873221	0.9178436063724108	-0.16283970421124946	ENSG00000161016.18	RPL8	False
ENST00000675185	100.32161	2.415455	2.138705	-0.2767501	0.87340933	0.9726684539396364	-0.058782172716033865	ENSG00000153113.24	CAST	False
ENST00000430223	65.05704	3.6879323	3.4110584	-0.27687383	0.41634402	0.8360430631283409	-0.3805476721335535	ENSG00000104361.10	NIPAL2	False
ENST00000275766	24.280706	2.2705555	1.9935961	-0.27695942	0.7394486	0.9345775597603275	-0.1310920048798682	ENSG00000146858.8	ZC3HAV1L	False
ENST00000375370	120.7	4.2958994	4.0188932	-0.27700615	0.74746907	0.9359070387213771	-0.12640677499026284	ENSG00000198176.13	TFDP1	False
ENST00000398209	21.874859	1.6596346	1.3821667	-0.27746785	0.80886024	0.9558782084971594	-0.09212651078851011	ENSG00000008277.15	ADAM22	False
ENST00000541367	9.953316	1.0463339	0.7684585	-0.27787542	0.77169436	0.9428173525582542	-0.112554672602459	ENSG00000168010.11	ATG16L2	False
ENST00000519108	163.043	4.908954	4.630713	-0.27824116	0.40086296	0.8298121044971967	-0.3970040688151833	ENSG00000196591.12	HDAC2	False
ENST00000535183	305.5268	5.7757926	5.4973383	-0.2784543	0.5261899	0.8628966334781174	-0.2788574730557109	ENSG00000132676.16	DAP3	False
ENST00000496163	16.370779	1.1144962	0.8358532	-0.278643	0.8065976	0.9552005372235465	-0.09334307969681578	ENSG00000240682.10	ISY1	False
ENST00000374466	195.6	5.155572	4.876835	-0.27873707	0.36543798	0.8185742609699567	-0.43718631306762723	ENSG00000169826.8	CSGALNACT2	False
ENST00000651862	388.563	6.0545497	5.775812	-0.27873755	0.49307323	0.8537766521893764	-0.3070885799900325	ENSG00000118855.21	MFSD1	False
ENST00000359564	11.711631	1.0892471	0.8104667	-0.2787804	0.78131616	0.9456684473017747	-0.10717319242131808	ENSG00000111817.19	DSE	False
ENST00000373547	519.6	6.6749687	6.396127	-0.2788415	0.2440784	0.8093544299533921	-0.612470656276197	ENSG00000119414.12	PPP6C	False
ENST00000520547	387.68222	6.1991043	5.920001	-0.27910328	0.14257587	0.8093544299533921	-0.8459539546628222	ENSG00000253626.4	EIF5AL1	False
ENST00000643244	196.06425	5.060572	4.7814436	-0.27912855	0.56099534	0.8740674714696558	-0.2510407459984978	ENSG00000122643.23	NT5C3A	False
ENST00000520376	11.609072	1.5563898	1.2770742	-0.2793156	0.70053285	0.9214281958246865	-0.15457149234955242	ENSG00000072803.18	FBXW11	True
ENST00000710327	203.50938	5.358752	5.0794306	-0.2793212	0.21103667	0.8093544299533921	-0.6756420802891271	ENSG00000171206.16	TRIM8	False
ENST00000638394	11.0	1.4997869	1.2204074	-0.2793795	0.71451163	0.9259194499652	-0.14599069609409054	ENSG00000163637.13	PRICKLE2	False
ENST00000618006	35.613026	1.695562	1.4158435	-0.27971852	0.80726105	0.9552562251865906	-0.09298600166972544	ENSG00000172270.22	BSG	False
ENST00000394272	111.05967	4.5196404	4.2396436	-0.27999687	0.53706473	0.8667540534925389	-0.26997336667575356	ENSG00000184508.12	HDDC3	False
ENST00000366607	448.2	6.349467	6.0694447	-0.28002214	0.50813127	0.8558786284660064	-0.2940240818515971	ENSG00000173726.11	TOMM20	False
ENST00000265192	147.1545	4.8157935	4.535308	-0.28048563	0.4990896	0.8548764927378353	-0.30182148101246786	ENSG00000120727.13	PAIP2	False
ENST00000353689	14.9904	1.4628683	1.1819137	-0.2809546	0.71080977	0.9249156524509491	-0.1482466131796169	ENSG00000100814.19	CCNB1IP1	False
ENST00000539848	15.965497	1.7341384	1.4530425	-0.28109586	0.62362283	0.897906150602446	-0.20507799098956653	ENSG00000022556.16	NLRP2	True
ENST00000614256	512.0041	6.6289325	6.347704	-0.28122854	0.19846956	0.8093544299533921	-0.7023060836712176	ENSG00000160679.14	CHTOP	False
ENST00000682992	279.64423	5.696724	5.415449	-0.2812748	0.45051128	0.8472077019271466	-0.3462943337485703	ENSG00000164663.15	USP49	False
ENST00000537718	81.271866	3.9863765	3.7047367	-0.2816398	0.37059417	0.8198787653603569	-0.43110141276385483	ENSG00000158717.11	RNF166	True
ENST00000580666	81.633896	3.774955	3.4932966	-0.2816584	0.6137206	0.8931124670580229	-0.21202930199207565	ENSG00000108932.13	SLC16A6	False
ENST00000398212	28.873173	2.2612846	1.9796102	-0.28167439	0.7590685	0.938790070041057	-0.11971903690387597	ENSG00000146350.14	TBC1D32	False
ENST00000376592	19.93333	1.3446454	1.0627228	-0.28192258	0.8484301	0.9657887474168751	-0.07138393377409498	ENSG00000177000.13	MTHFR	False
ENST00000482807	15.262457	1.6280192	1.3460115	-0.2820077	0.78099155	0.9456684473017747	-0.10735366261181621	ENSG00000117602.13	RCAN3	False
ENST00000510210	835.9785	7.258778	6.976744	-0.28203392	0.48465586	0.8524822256628279	-0.3145665344280916	ENSG00000186468.13	RPS23	False
ENST00000598927	16.558071	1.6745939	1.3922206	-0.2823733	0.5610641	0.8740674714696558	-0.2509875003222622	ENSG00000104870.13	FCGRT	False
ENST00000322475	63.1151	3.8045628	3.5220518	-0.282511	0.18118171	0.8093544299533921	-0.7418856363294895	ENSG00000150510.17	FAM124A	False
ENST00000553612	270.40866	5.45027	5.167665	-0.28260517	0.56814563	0.8761634615731728	-0.24554032733435882	ENSG00000165417.12	GTF2A1	True
ENST00000508591	14.4	1.0762668	0.793615	-0.28265178	0.79489464	0.9509928668178558	-0.0996904338296994	ENSG00000163312.11	HELQ	False
ENST00000369307	272.7967	5.774187	5.4913716	-0.28281546	0.48325568	0.8517809635604503	-0.3158230288079295	ENSG00000265241.8	RBM8A	False
ENST00000431187	163.87845	4.7793403	4.4962463	-0.28309393	0.5046779	0.8558118224737062	-0.2969857198540279	ENSG00000115274.15	INO80B	False
ENST00000307712	22.511833	1.3497967	1.066323	-0.2834736	0.7540454	0.93695717234283	-0.12260248962880227	ENSG00000100934.15	SEC23A	False
ENST00000543302	140.72221	3.872857	3.5891933	-0.28366375	0.85561305	0.9675263843306977	-0.06772259865016274	ENSG00000101654.18	RNMT	False
ENST00000409194	985.1577	7.568523	7.2845206	-0.2840023	0.28434628	0.8106393935615843	-0.5461524453018917	ENSG00000154518.10	ATP5MC3	False
ENST00000393927	224.14876	5.32863	5.044569	-0.28406096	0.35219762	0.8172002775093227	-0.45321358647283383	ENSG00000133250.14	ZNF414	False
ENST00000395076	937.1876	7.5230827	7.2388616	-0.28422117	0.65849394	0.9098437419465756	-0.18144822001426875	ENSG00000100614.18	PPM1A	False
ENST00000593064	161.43481	5.1026692	4.8182354	-0.28443384	0.37143812	0.8201070021085857	-0.4301135323476315	ENSG00000071564.19	TCF3	False
ENST00000393094	376.3842	6.0848994	5.8004127	-0.28448677	0.5334572	0.8656930641736459	-0.2729004029242706	ENSG00000166266.14	CUL5	False
ENST00000539231	48.3	3.2063224	2.9217234	-0.28459907	0.6460081	0.9049129263557762	-0.18976205383943834	ENSG00000102554.14	KLF5	False
ENST00000519415	63.678253	1.8733376	1.588484	-0.28485358	0.83310443	0.9622308638046718	-0.07930055533084802	ENSG00000164830.19	OXR1	False
ENST00000406870	1050.1357	7.2672973	6.9824147	-0.28488255	0.55443394	0.8719910230509131	-0.25615019054796184	ENSG00000113916.18	BCL6	False
ENST00000635746	87.695526	4.1239986	3.8388615	-0.28513718	0.30905586	0.8118754707110037	-0.5099630105874028	ENSG00000226690.9	ENSG00000226690	False
ENST00000683779	118.40128	4.5602	4.275018	-0.285182	0.50796574	0.8558786284660064	-0.29416557490593304	ENSG00000172687.14	ZNF738	False
ENST00000288087	20.3	1.5459424	1.2606633	-0.28527915	0.7429661	0.9352336696717043	-0.1290309926969322	ENSG00000213920.9	MDP1	False
ENST00000366581	27.193604	1.7565589	1.471118	-0.28544092	0.8516447	0.966826986744672	-0.06974155461054353	ENSG00000119285.11	HEATR1	False
ENST00000372522	261.70563	4.6091695	4.323561	-0.2856083	0.83165216	0.961787625928753	-0.08005827784672169	ENSG00000177868.12	SVBP	False
ENST00000565813	9.879789	1.0993929	0.81374276	-0.28565013	0.64034456	0.9030378888992515	-0.19358627554220753	ENSG00000103266.11	STUB1	False
ENST00000294189	1785.7047	8.3513775	8.065712	-0.2856655	0.4639851	0.8490390395771057	-0.3334959793473615	ENSG00000162244.12	RPL29	False
ENST00000441400	10.03583	1.6266884	1.3409774	-0.28571093	0.70250136	0.9221026914234706	-0.153352832755167	ENSG00000144218.21	AFF3	False
ENST00000614565	41.9	2.673115	2.38735	-0.28576493	0.7015656	0.9220332408747174	-0.15393169955093977	ENSG00000179242.16	CDH4	False
ENST00000395339	233.1813	5.58833	5.3025045	-0.28582525	0.33324254	0.8148546909488805	-0.4772395697097255	ENSG00000204264.12	PSMB8	False
ENST00000369937	35.3	2.7250288	2.439137	-0.28589177	0.66306365	0.9108073128400928	-0.17844478305334713	ENSG00000107874.11	CUEDC2	False
ENST00000312046	212.91312	4.508083	4.222107	-0.28597593	0.87464035	0.9730591585240973	-0.058170493312021856	ENSG00000164830.19	OXR1	False
ENST00000308588	21.070105	1.1715397	0.8855126	-0.28602707	0.79238755	0.9502251718469603	-0.1010623593993074	ENSG00000169371.14	SNUPN	False
ENST00000265070	21.7	2.1510437	1.8648388	-0.28620481	0.5158326	0.8587697515903885	-0.28749121193469207	ENSG00000113384.14	GOLPH3	False
ENST00000262283	28.686157	2.4208815	2.1346173	-0.28626418	0.6688017	0.9127366894097521	-0.17470261547596522	ENSG00000258417.3	ENSG00000258417	False
ENST00000488580	9.0291	0.92696685	0.6404523	-0.28651452	0.7137349	0.9257062139447186	-0.1464630516333106	ENSG00000174500.13	GCSAM	False
ENST00000267202	129.61105	4.623235	4.336678	-0.2865572	0.43818656	0.8433400629331205	-0.3583409510582522	ENSG00000139722.7	VPS37B	False
ENST00000391794	14.048861	1.8407927	1.554229	-0.28656363	0.56498486	0.8755018923501372	-0.24796319140093878	ENSG00000176024.18	ZNF613	False
ENST00000378289	96.581345	4.1031394	3.8164358	-0.2867036	0.59532076	0.8857731799485989	-0.22524897160747534	ENSG00000152457.19	DCLRE1C	False
ENST00000367696	907.9582	7.3371825	7.05047	-0.28671265	0.2316493	0.8093544299533921	-0.6351690181335737	ENSG00000135870.13	RC3H1	False
ENST00000683794	89.78182	3.5605633	3.2737975	-0.2867658	0.84354925	0.9645633393301378	-0.07388955557073512	ENSG00000118507.19	AKAP7	False
ENST00000383763	9.2	1.6469215	1.3600727	-0.28684878	0.6821339	0.9165294746754324	-0.16613035850273994	ENSG00000206557.6	TRIM71	False
ENST00000570513	12.355831	1.2598519	0.9725996	-0.2872523	0.7306788	0.9321540723766666	-0.13627349506367956	ENSG00000136436.15	CALCOCO2	True
ENST00000316757	71.7	4.011295	3.7235115	-0.28778338	0.27753147	0.8093544299533921	-0.5566877564357811	ENSG00000011132.12	APBA3	False
ENST00000253107	27.581024	2.77082	2.4828818	-0.28793812	0.34166208	0.81719736681995	-0.46640322065492645	ENSG00000130810.20	PPAN	False
ENST00000548830	333.14407	5.7279778	5.439765	-0.28821278	0.50512004	0.8558786284660064	-0.29660540193211304	ENSG00000116539.14	ASH1L	False
ENST00000358625	40.3	3.256833	2.968513	-0.28832006	0.22679447	0.8093544299533921	-0.6443675461263711	ENSG00000196363.10	WDR5	False
ENST00000581486	759.2153	7.3095956	7.0208387	-0.28875685	0.44143292	0.8447005539480331	-0.3551352792891752	ENSG00000266412.6	NCOA4	False
ENST00000377447	185.69199	5.177194	4.888321	-0.2888732	0.53222394	0.865635036834895	-0.27390559440181594	ENSG00000172785.19	ZNG1A	False
ENST00000370086	525.29	6.6355004	6.3463974	-0.28910303	0.40354663	0.8303154186824399	-0.3941062736758052	ENSG00000180879.14	SSR4	False
ENST00000338222	299.4	5.864465	5.575214	-0.28925133	0.53275347	0.865635036834895	-0.27347371488979577	ENSG00000188021.9	UBQLN2	False
ENST00000262188	116.54929	4.481765	4.192338	-0.2894268	0.5093977	0.8566665741098184	-0.2929430326052027	ENSG00000082014.17	SMARCD3	False
ENST00000445750	24.593687	2.0738027	1.7840018	-0.28980088	0.74061555	0.934775537827411	-0.13040717565599935	ENSG00000148218.16	ALAD	False
ENST00000332499	697.4	7.0578628	6.7678156	-0.29004717	0.28811768	0.8109740254625081	-0.5404300954978942	ENSG00000186834.4	HEXIM1	False
ENST00000405954	194.11252	5.181215	4.890912	-0.29030275	0.44649273	0.8459831455694948	-0.35018560657210723	ENSG00000188542.10	DUSP28	False
ENST00000395148	112.63657	4.2948627	4.0043764	-0.29048634	0.6126141	0.8927658698984382	-0.21281301503524389	ENSG00000003402.21	CFLAR	False
ENST00000280097	41.8	2.7967088	2.5061433	-0.2905655	0.6378898	0.9022811909133766	-0.19525434058747684	ENSG00000150540.14	HNMT	False
ENST00000412735	96.52334	4.2015605	3.910951	-0.2906096	0.31865636	0.8118754707110037	-0.4966774157190669	ENSG00000196843.17	ARID5A	False
ENST00000250559	982.26917	7.460963	7.1699667	-0.29099607	0.36815053	0.8194459451468774	-0.4339745673150111	ENSG00000127314.18	RAP1B	False
ENST00000366815	33186.227	12.591508	12.300472	-0.29103565	0.15806489	0.8093544299533921	-0.8011645950092008	ENSG00000163041.13	H3-3A	False
ENST00000358671	151.30504	4.602633	4.311555	-0.2910781	0.6925651	0.9192921014030683	-0.1595394077099057	ENSG00000072694.22	FCGR2B	False
ENST00000507756	856.6424	7.445538	7.1542587	-0.29127932	0.4077388	0.8320791818024688	-0.3896179544393994	ENSG00000204628.12	RACK1	False
ENST00000354293	81.30147	3.9281292	3.636546	-0.2915833	0.59679407	0.8865304657230172	-0.22417550171240602	ENSG00000196961.13	AP2A1	False
ENST00000409115	950.97815	7.0175147	6.7258525	-0.29166222	0.7506678	0.9364552947652945	-0.1245522068164244	ENSG00000187514.17	PTMA	False
ENST00000216277	431.32123	6.2382073	5.946279	-0.2919283	0.5354206	0.8664446928154447	-0.27130492635511416	ENSG00000090060.19	PAPOLA	False
ENST00000680533	1106.3568	7.609787	7.317563	-0.29222393	0.2602361	0.8093544299533921	-0.5846324343807676	ENSG00000083312.19	TNPO1	False
ENST00000259050	1090.566	7.50086	7.2084723	-0.29238796	0.513901	0.858410482638302	-0.28912054123071323	ENSG00000136536.15	MARCHF7	False
ENST00000296632	21.309906	1.2559451	0.9633311	-0.29261398	0.8067722	0.9552005372235465	-0.09324909008172073	ENSG00000164211.13	STARD4	False
ENST00000345985	10.680066	1.08716	0.7943832	-0.29277676	0.7904995	0.9495309400752145	-0.10209839582352814	ENSG00000115761.17	NOL10	False
ENST00000216416	174.84103	4.7908535	4.4980383	-0.2928152	0.5690151	0.8765142377150649	-0.24487621946048366	ENSG00000100528.12	CNIH1	False
ENST00000532335	27.681469	2.280625	1.9877303	-0.29289484	0.5774104	0.8794043640980256	-0.2385153981752586	ENSG00000164520.12	RAET1E	False
ENST00000587113	26.337961	2.2710469	1.9781097	-0.29293716	0.7893993	0.949202832298963	-0.10270324883077599	ENSG00000182963.11	GJC1	False
ENST00000511880	128.46683	4.600594	4.3076406	-0.2929535	0.3508365	0.8172002775093227	-0.45489524802736486	ENSG00000156194.19	PPEF2	False
ENST00000247020	259.8	5.563244	5.2702737	-0.29297018	0.26224875	0.8093544299533921	-0.5812865657253617	ENSG00000132581.10	SDF2	False
ENST00000371142	448.9309	6.247105	5.95406	-0.29304504	0.4744461	0.8500118764885034	-0.32381312987835487	ENSG00000077147.16	TM9SF3	False
ENST00000412050	92.873634	4.022832	3.7296925	-0.29313946	0.58770716	0.8826128203198247	-0.23083901686401437	ENSG00000107864.15	CPEB3	False
ENST00000397967	8.7	0.9301351	0.63693213	-0.29320294	0.7074503	0.9234187939626901	-0.15030408292755354	ENSG00000129538.14	RNASE1	False
ENST00000454158	187.79172	5.117904	4.824325	-0.2935791	0.3478535	0.81719736681995	-0.45860360809303724	ENSG00000181826.10	RELL1	False
ENST00000565940	99.0893	4.224653	3.9310472	-0.29360557	0.6218676	0.8967648830813091	-0.20630207185014202	ENSG00000129636.13	ITFG1	False
ENST00000444643	131.24918	4.666409	4.3727536	-0.2936554	0.66298854	0.9108073128400928	-0.17849397617017007	ENSG00000148719.16	DNAJB12	False
ENST00000504548	61.043922	3.580432	3.2867486	-0.2936833	0.48171744	0.8508696399096464	-0.31720763254077605	ENSG00000179886.6	TIGD5	False
ENST00000513167	11.494731	1.4574366	1.1637474	-0.29368913	0.761545	0.939913304152022	-0.11830442753112363	ENSG00000145782.13	ATG12	True
ENST00000535854	9.156309	1.399371	1.1054229	-0.29394817	0.5164395	0.8587697515903885	-0.28698055014366736	ENSG00000100591.8	AHSA1	False
ENST00000467148	8.5635395	0.77816606	0.4836897	-0.29447636	0.6970604	0.9210956347302779	-0.15672958496355757	ENSG00000130589.16	HELZ2	False
ENST00000340398	41.48072	2.375242	2.080699	-0.29454303	0.7621744	0.939913304152022	-0.11794562677601148	ENSG00000188375.5	H3-5	False
ENST00000288344	31.819149	1.3567086	1.0621331	-0.29457557	0.83587486	0.9627594456463211	-0.07785873886019672	ENSG00000205581.11	HMGN1	False
ENST00000253814	562.8	6.704525	6.409929	-0.2945962	0.33001444	0.8142173533113395	-0.481467060236982	ENSG00000131507.11	NDFIP1	False
ENST00000418596	897.92255	7.4324756	7.1377997	-0.29467583	0.3447834	0.81719736681995	-0.4624536575916998	ENSG00000155744.10	HYCC2	False
ENST00000493470	52.56663	3.323867	3.029161	-0.2947061	0.6515764	0.9064197091743617	-0.18603465429120555	ENSG00000085224.23	ATRX	False
ENST00000493782	15.1125	1.1397637	0.84496355	-0.29480016	0.798693	0.9523697750101167	-0.09762012115536968	ENSG00000163714.18	U2SURP	False
ENST00000348476	12.30096	1.2099997	0.915027	-0.29497266	0.8123324	0.9567766427239727	-0.09026622893605496	ENSG00000032219.19	ARID4A	False
ENST00000003100	54.07422	2.9053555	2.6101506	-0.29520488	0.79602176	0.9513642159867293	-0.09907506052115211	ENSG00000001630.18	CYP51A1	False
ENST00000698446	19.53702	1.1600257	0.86454684	-0.29547888	0.80260146	0.9542577328292334	-0.09550005639999445	ENSG00000103005.13	USB1	True
ENST00000447667	9.626036	1.3185223	1.0229726	-0.29554975	0.67961496	0.9160714841034383	-0.1677370690728574	ENSG00000060237.19	WNK1	False
ENST00000509842	90.89746	3.6096642	3.314031	-0.29563332	0.687665	0.9178436063724108	-0.16262308838620293	ENSG00000177311.12	ZBTB38	False
ENST00000447998	260.02777	5.609081	5.313387	-0.29569387	0.31090406	0.8118754707110037	-0.5073736124220484	ENSG00000132912.13	DCTN4	False
ENST00000682928	77.95219	3.4655216	3.1696246	-0.295897	0.8353339	0.9626844520213611	-0.0781399018904897	ENSG00000182986.15	ZNF320	False
ENST00000679942	203.04904	5.3757954	5.079811	-0.29598427	0.43640965	0.842654100473947	-0.3601056525263485	ENSG00000256043.5	CTSO	False
ENST00000616673	32.6967	2.281657	1.9855499	-0.29610705	0.7540851	0.93695717234283	-0.12257962681377359	ENSG00000137261.15	KIAA0319	False
ENST00000595042	7894.3486	10.452035	10.155724	-0.29631138	0.58426386	0.8819641855083519	-0.23339097553428612	ENSG00000171051.10	FPR1	False
ENST00000486435	17.458235	1.925469	1.6290765	-0.29639256	0.7871868	0.9483343874480521	-0.10392219622385197	ENSG00000174928.16	C3orf33	True
ENST00000534176	142.3447	3.4292324	3.1327775	-0.2964549	0.88957405	0.9768119560809092	-0.050817894055480595	ENSG00000162191.14	UBXN1	False
ENST00000395659	13.624861	1.4855752	1.1890447	-0.2965305	0.6361707	0.9016915978332832	-0.19642634703241776	ENSG00000124172.10	ATP5F1E	True
ENST00000557972	97.050095	4.3916755	4.095027	-0.2966485	0.45251715	0.8472077019271466	-0.34436495501110237	ENSG00000103642.12	LACTB	True
ENST00000521641	16.040789	1.5618101	1.2651066	-0.29670358	0.6939188	0.9198278000513336	-0.1586913310808356	ENSG00000188343.14	CIBAR1	False
ENST00000295414	104.09013	4.300135	4.0032816	-0.29685354	0.41699016	0.8364760235955293	-0.37987419226598973	ENSG00000163249.13	CCNYL1	False
ENST00000259526	90.7	3.980773	3.6838856	-0.2968874	0.6815876	0.9165294746754324	-0.16647833395093398	ENSG00000136999.5	CCN3	False
ENST00000565488	206.4	4.9219	4.624954	-0.29694557	0.6557391	0.9085418967760476	-0.18326890078743208	ENSG00000085491.17	SLC25A24	False
ENST00000413099	31.579178	1.9663544	1.6693567	-0.29699767	0.74983215	0.936236640367669	-0.1250359406680169	ENSG00000114742.14	WDR48	True
ENST00000392552	386.56464	3.5833766	3.2862487	-0.29712796	0.8795865	0.9747123089375246	-0.05572143607027195	ENSG00000163328.14	GPR155	False
ENST00000568426	52.28233	2.2649868	1.9677849	-0.29720187	0.85220116	0.966826986744672	-0.0694578770611591	ENSG00000184110.15	EIF3C	False
ENST00000340634	70.95605	3.6349556	3.3376937	-0.29726195	0.62625945	0.8984711003007588	-0.20324571042239006	ENSG00000188582.10	PAQR9	False
ENST00000504771	789.47815	7.10683	6.8094854	-0.29734468	0.30564275	0.8118754707110037	-0.514785895980293	ENSG00000145779.8	TNFAIP8	False
ENST00000330710	26.5	2.226179	1.9282472	-0.29793167	0.6940609	0.9198948879433017	-0.15860240737877365	ENSG00000182218.10	HHIPL1	False
ENST00000379095	93.432144	4.3071074	4.009094	-0.2980132	0.42233375	0.838029552988072	-0.3743442143013481	ENSG00000182768.9	NGRN	False
ENST00000703361	16.789646	1.4164476	1.1184335	-0.29801416	0.84154975	0.9641409192622873	-0.07492020255103632	ENSG00000087470.21	DNM1L	False
ENST00000264992	18.77818	1.2353877	0.93726975	-0.29811794	0.81445175	0.9569937170418915	-0.08913463701746774	ENSG00000034533.12	ASTE1	False
ENST00000646160	12.500944	1.2237262	0.92543465	-0.2982915	0.71279305	0.9253601269841094	-0.1470365421465827	ENSG00000223573.7	TINCR	False
ENST00000257787	282.8	5.73028	5.4318876	-0.2983923	0.3825428	0.823716002720574	-0.4173199801715229	ENSG00000135334.9	AKIRIN2	False
ENST00000337393	321.9	5.8246536	5.526246	-0.29840755	0.48202327	0.8510524967817804	-0.31693199635143726	ENSG00000122482.22	ZNF644	False
ENST00000399396	162.9372	2.752951	2.4543898	-0.2985611	0.8785839	0.9745354193411873	-0.05621675542490029	ENSG00000244754.9	N4BP2L2	False
ENST00000358912	1388.3	7.936952	7.6383433	-0.29860878	0.43345696	0.842654100473947	-0.36305402187338665	ENSG00000197329.12	PELI1	False
ENST00000520147	86.42825	3.6004648	3.301596	-0.2988689	0.7309077	0.9321761426134559	-0.13613747557958744	ENSG00000120533.13	ENY2	False
ENST00000373428	131.6	4.633837	4.3348413	-0.29899597	0.5165166	0.8587697515903885	-0.2869156946433932	ENSG00000160094.15	ZNF362	False
ENST00000222718	34.9	2.6921453	2.393031	-0.29911447	0.71721476	0.9272141667828993	-0.14435077949064357	ENSG00000105996.7	HOXA2	False
ENST00000225737	194.2676	4.9275107	4.628323	-0.29918766	0.5937581	0.8854386196300512	-0.2263904481583864	ENSG00000108599.15	AKAP10	False
ENST00000514547	31.597927	2.692876	2.39356	-0.29931617	0.67754966	0.9152017508556867	-0.16905886818347834	ENSG00000145331.14	TRMT10A	False
ENST00000515037	8.525385	0.9939008	0.69442713	-0.29947364	0.7347354	0.9332857513397641	-0.13386901776711232	ENSG00000197712.12	FAM114A1	False
ENST00000249700	238.36714	5.5216007	5.222063	-0.29953766	0.38563272	0.8244231157420382	-0.41382612035316113	ENSG00000128872.10	TMOD2	False
ENST00000319357	669.0124	6.966309	6.6666784	-0.29963064	0.23251264	0.8093544299533921	-0.6335534365258679	ENSG00000164543.7	STK17A	False
ENST00000326793	495.9965	6.4865766	6.186901	-0.29967546	0.37636536	0.8226842929596185	-0.4243903509473917	ENSG00000114331.16	ACAP2	False
ENST00000404360	189.4095	4.7728724	4.473114	-0.29975843	0.66735613	0.9124991026791659	-0.17564234371350537	ENSG00000164631.19	ZNF12	False
ENST00000464394	182.7531	4.9716187	4.671829	-0.29978943	0.7240343	0.9290277801612368	-0.14024085365851854	ENSG00000119636.16	BBOF1	True
ENST00000360156	113.8349	4.1710095	3.8711607	-0.2998488	0.5310672	0.8649681090362411	-0.2748505269232589	ENSG00000125354.24	SEPTIN6	False
ENST00000582920	12.154861	1.3120905	1.0121582	-0.29993236	0.7121902	0.9253601269841094	-0.1474040000754164	ENSG00000188895.12	MSL1	False
ENST00000341119	146.91805	4.7082505	4.4082117	-0.3000388	0.41879883	0.8369928622965472	-0.3779945360451389	ENSG00000075303.13	SLC25A40	False
ENST00000456145	35.827553	3.109256	2.8092036	-0.3000524	0.5356126	0.8665861353230246	-0.2711492286485761	ENSG00000110665.12	C11orf21	False
ENST00000442697	185.47775	3.6569126	3.3566742	-0.30023837	0.77887547	0.9446466259541956	-0.10853197357899684	ENSG00000164031.17	DNAJB14	False
ENST00000305596	361.33704	6.1652756	5.8647604	-0.30051517	0.2582751	0.8093544299533921	-0.5879174756749018	ENSG00000169217.9	CD2BP2	False
ENST00000643371	20.5	1.5547447	1.2540897	-0.300655	0.7070645	0.9234034770961242	-0.15054096131651815	ENSG00000110237.5	ARHGEF17	False
ENST00000546604	41.631958	1.8140764	1.5129895	-0.3010869	0.8062275	0.9552005372235465	-0.09354238956688646	ENSG00000205323.9	SARNP	False
ENST00000520491	122.63955	2.809182	2.508095	-0.3010869	0.84917873	0.9659481202504552	-0.07100089172373475	ENSG00000120885.22	CLU	True
ENST00000256497	97.932045	4.239326	3.9380875	-0.30123854	0.52891797	0.8639165319991312	-0.2766116789834115	ENSG00000134109.11	EDEM1	False
ENST00000259727	325.4	5.905727	5.604368	-0.3013587	0.6548569	0.9080729561652916	-0.1838535786908026	ENSG00000137198.10	GMPR	False
ENST00000377768	203.74272	5.365051	5.063663	-0.3013878	0.3599496	0.8183278143069013	-0.44375831825933604	ENSG00000089006.17	SNX5	False
ENST00000326756	68.7	3.6709254	3.3693733	-0.30155206	0.47195467	0.8496539504698483	-0.3260997089541034	ENSG00000178163.8	ZNF518B	False
ENST00000648987	100.544495	3.8543994	3.5528462	-0.30155325	0.64022374	0.9030378888992515	-0.19366822487341484	ENSG00000124786.13	SLC35B3	False
ENST00000589178	135.10593	4.5825524	4.28084	-0.3017125	0.6169956	0.8948349180665862	-0.2097179520275955	ENSG00000186814.15	ZSCAN30	False
ENST00000057513	59.189293	3.7369406	3.435217	-0.30172372	0.6531243	0.9068790393203923	-0.18500417574414665	ENSG00000050730.16	TNIP3	False
ENST00000539409	69.90465	3.1764796	2.874746	-0.3017335	0.80724823	0.9552562251865906	-0.09299289600380298	ENSG00000139146.14	SINHCAF	True
ENST00000282587	119.81509	4.256069	3.9543107	-0.30175853	0.61812943	0.8951237042968144	-0.20892057700624247	ENSG00000152683.14	SLC30A6	False
ENST00000647698	16.780096	1.5396091	1.2376633	-0.3019458	0.73990303	0.9345775597603275	-0.13082519255020986	ENSG00000224389.9	C4B	False
ENST00000371666	497.09244	6.349999	6.04805	-0.30194902	0.3839312	0.823963789252834	-0.4157466052643193	ENSG00000131724.11	IL13RA1	False
ENST00000439646	24.701591	2.040275	1.7379026	-0.30237246	0.73157984	0.9324883865016633	-0.13573827068851166	ENSG00000163806.16	SPDYA	False
ENST00000471858	32.319542	1.9204406	1.6177527	-0.30268788	0.7696689	0.9422918670008684	-0.11369607452437608	ENSG00000163606.11	CD200R1	False
ENST00000262644	82.898766	4.043918	3.7409947	-0.30292344	0.30190864	0.8118754707110037	-0.5201244552363427	ENSG00000104331.9	BPNT2	False
ENST00000489394	1837.4773	8.414828	8.1115465	-0.30328178	0.19531107	0.8093544299533921	-0.7092731418552669	ENSG00000130066.17	SAT1	True
ENST00000693745	84.122444	3.9661367	3.6621096	-0.30402708	0.27873665	0.8093544299533921	-0.554805922366334	ENSG00000153936.18	HS2ST1	False
ENST00000274606	37.813457	2.8570473	2.5529957	-0.30405164	0.7588215	0.938790070041057	-0.1198603797618339	ENSG00000145912.10	NHP2	True
ENST00000366691	27.6	2.2625487	1.9582615	-0.3042872	0.74102896	0.9350245071241121	-0.1301648164671666	ENSG00000116574.6	RHOU	False
ENST00000303127	290.7486	5.707255	5.402862	-0.3043928	0.5076937	0.8558786284660064	-0.2943982189522676	ENSG00000169223.16	LMAN2	False
ENST00000261558	213.93388	5.159713	4.855312	-0.30440092	0.54191077	0.8677958347030249	-0.26607221964019334	ENSG00000053770.12	AP5M1	False
ENST00000311227	90.455574	4.0688634	3.7641299	-0.3047335	0.6029404	0.889403574545228	-0.21972562926637276	ENSG00000074219.14	TEAD2	False
ENST00000379550	434.16534	6.410856	6.10602	-0.3048358	0.58734393	0.8826128203198247	-0.23110751428834503	ENSG00000109381.21	ELF2	False
ENST00000523308	283.23947	5.6397824	5.334795	-0.30498743	0.40799832	0.8321345116013688	-0.3893416215228969	ENSG00000105339.11	DENND3	False
ENST00000367975	292.9433	5.80852	5.503434	-0.30508566	0.39696476	0.8298121044971967	-0.40124804691420063	ENSG00000143252.17	SDHC	False
ENST00000570189	717.35706	7.207441	6.9021764	-0.30526447	0.13883616	0.8093544299533921	-0.8574974058234592	ENSG00000140941.14	MAP1LC3B	False
ENST00000678610	8205.968	10.536912	10.231331	-0.3055811	0.20109755	0.8093544299533921	-0.6965932247443943	ENSG00000143384.14	MCL1	False
ENST00000264080	64.34236	3.7616959	3.4559655	-0.30573034	0.54918987	0.8697139849430424	-0.2602774855636918	ENSG00000125734.16	GPR108	False
ENST00000371514	161.9055	4.8827724	4.576924	-0.3058486	0.43646464	0.8426751018131292	-0.3600509371885529	ENSG00000116171.19	SCP2	False
ENST00000706234	199.46715	4.303442	3.9974194	-0.30602264	0.8589687	0.9684663890382288	-0.0660226737280032	ENSG00000135837.18	CEP350	False
ENST00000510934	47.679367	2.5083554	2.2015896	-0.3067658	0.7974773	0.9518645420234607	-0.0982816674952898	ENSG00000078140.14	UBE2K	False
ENST00000557643	143.18602	4.5753913	4.2682667	-0.3071246	0.5679504	0.8761634615731728	-0.24568956919876142	ENSG00000100852.14	ARHGAP5	True
ENST00000536441	639.7709	6.878525	6.5712867	-0.3072381	0.6317467	0.9002255149083827	-0.19945701156279413	ENSG00000149212.12	SESN3	False
ENST00000651465	10.175917	1.2350154	0.9277629	-0.30725247	0.7915134	0.9498574838588226	-0.10154173742494355	ENSG00000143742.14	SRP9	True
ENST00000536991	30.432974	2.76243	2.455022	-0.30740786	0.574414	0.8777929733665634	-0.24077497252076097	ENSG00000149485.19	FADS1	False
ENST00000228825	528.8	6.640265	6.3327613	-0.3075037	0.2699347	0.8093544299533921	-0.568741261201426	ENSG00000111229.16	ARPC3	False
ENST00000676620	31.263111	2.8062944	2.4987183	-0.30757618	0.34479758	0.81719736681995	-0.46243578917401645	ENSG00000072121.17	ZFYVE26	False
ENST00000539907	51.273396	2.0403767	1.7327843	-0.3075924	0.798104	0.9521242876859368	-0.0979405189921007	ENSG00000162551.14	ALPL	False
ENST00000392990	58.741627	2.2695668	1.9619185	-0.3076483	0.85613036	0.9675610638929644	-0.06746010098373219	ENSG00000090060.19	PAPOLA	False
ENST00000306627	377.2561	6.009813	5.7020116	-0.30780125	0.44252786	0.845533042537345	-0.3540593820544616	ENSG00000170142.12	UBE2E1	False
ENST00000369534	601.8	6.9992366	6.691404	-0.30783272	0.5403716	0.867777183814941	-0.2673074865772396	ENSG00000130830.15	MPP1	False
ENST00000710317	12.680792	1.4539671	1.1459292	-0.30803788	0.6821579	0.9165294746754324	-0.16611510346805533	ENSG00000112308.14	C6orf62	False
ENST00000449131	436.01718	6.3799024	6.071815	-0.30808735	0.54003435	0.867777183814941	-0.26757861209898864	ENSG00000167995.17	BEST1	False
ENST00000519374	2330.2	8.796582	8.488415	-0.30816746	0.3949602	0.8290075231731883	-0.40344667155951314	ENSG00000113732.9	ATP6V0E1	False
ENST00000377194	201.78929	5.062234	4.7538724	-0.30836153	0.562881	0.8746406637442441	-0.2495834161516956	ENSG00000204713.11	TRIM27	False
ENST00000565469	6.8	0.9685433	0.6600195	-0.30852377	0.4954411	0.8537766521893764	-0.3050079609193914	ENSG00000260286.4	ARMH2	False
ENST00000465065	158.52077	4.69566	4.3870306	-0.3086295	0.52039725	0.8601289237056026	-0.283665010535839	ENSG00000163728.11	TTC14	False
ENST00000414498	214.93723	5.0332313	4.7244616	-0.3087697	0.4971739	0.8537766521893764	-0.3034916737755223	ENSG00000127954.13	STEAP4	False
ENST00000523111	181.04086	5.0066094	4.697828	-0.30878162	0.46095866	0.8481416265840513	-0.33633802188025136	ENSG00000169139.12	UBE2V2	False
ENST00000674129	1748.9841	8.262507	7.953147	-0.3093605	0.75598115	0.9379412011107189	-0.1214890348299142	ENSG00000145335.17	SNCA	True
ENST00000552673	184.55717	5.10631	4.796871	-0.3094387	0.42692357	0.8396511543642338	-0.3696498645246749	ENSG00000139168.9	ZCRB1	False
ENST00000206020	78.10124	3.6735566	3.3639796	-0.309577	0.5976789	0.8869203619546826	-0.22353207606756537	ENSG00000091640.8	SPAG7	False
ENST00000271308	235.83907	5.4395804	5.129818	-0.30976248	0.3655525	0.8185742609699567	-0.43705022405255045	ENSG00000143106.13	PSMA5	False
ENST00000564086	12.538922	1.1218933	0.81212157	-0.30977172	0.7339593	0.9332857513397641	-0.13432801202129124	ENSG00000169371.14	SNUPN	False
ENST00000711109	401.6098	6.2408967	5.9309864	-0.3099103	0.4150235	0.8345288170562865	-0.3819273054532673	ENSG00000007516.15	BAIAP3	False
ENST00000396365	718.2697	6.950184	6.6397104	-0.31047344	0.51017135	0.856842337601094	-0.2922839307291344	ENSG00000244482.11	LILRA6	False
ENST00000529067	14.228888	1.5318165	1.2211746	-0.31064188	0.8481993	0.9657887474168751	-0.07150208623527878	ENSG00000028277.22	POU2F2	False
ENST00000379716	611.4179	6.7882175	6.4773436	-0.310874	0.68707496	0.9177733265415294	-0.1629958792068888	ENSG00000147010.19	SH3KBP1	False
ENST00000530028	1257.9	7.80748	7.496247	-0.31123304	0.405601	0.8312293045789577	-0.3919009884709832	ENSG00000255302.5	EID1	False
ENST00000598098	497.86533	6.3440037	6.032714	-0.3112898	0.59997493	0.8872801281073514	-0.22186689605925766	ENSG00000083845.9	RPS5	False
ENST00000380394	8818.2	10.535046	10.2230835	-0.31196213	0.58473337	0.8819641855083519	-0.23304212306735997	ENSG00000137154.13	RPS6	False
ENST00000620430	396.97522	6.229	5.9169774	-0.3120227	0.33731687	0.8159059742078032	-0.4719619373044777	ENSG00000136051.15	WASHC4	False
ENST00000620048	147.24405	4.5694437	4.257359	-0.31208467	0.66829056	0.9125752479228533	-0.17503467643899492	ENSG00000213047.13	DENND1B	False
ENST00000509987	24.468704	2.1409595	1.8287872	-0.3121723	0.64869136	0.9058007019088778	-0.18796188900892535	ENSG00000083720.13	OXCT1	False
ENST00000368034	32.0	2.9099977	2.5977519	-0.31224585	0.5017313	0.8548764927378353	-0.2995288254357532	ENSG00000122223.13	CD244	False
ENST00000538617	2219.1704	8.792195	8.479809	-0.3123865	0.2842826	0.8106393935615843	-0.5462497289903102	ENSG00000150991.16	UBC	False
ENST00000528679	13.168329	0.9529745	0.6404523	-0.31252217	0.7471567	0.9359070387213771	-0.1265883165731021	ENSG00000150787.8	PTS	False
ENST00000397588	67.95892	3.2208817	2.908203	-0.3126788	0.67616665	0.9146725356462561	-0.16994625105062403	ENSG00000153046.18	CDYL	False
ENST00000395391	77.61937	2.8822014	2.5686955	-0.3135059	0.82211643	0.9596230182737303	-0.08506666991489213	ENSG00000196247.13	ZNF107	True
ENST00000691380	35.618496	2.2939265	1.9800949	-0.31383157	0.83211744	0.9620066277152278	-0.07981537657763972	ENSG00000069956.14	MAPK6	False
ENST00000380377	765.57904	7.0716157	6.7576084	-0.31400728	0.29632598	0.8111088466013822	-0.5282302682695383	ENSG00000171530.15	TBCA	True
ENST00000531329	41.66384	2.2018068	1.8876451	-0.31416166	0.82938474	0.9615679820520636	-0.08124395737914032	ENSG00000175390.15	EIF3F	True
ENST00000585037	13.618968	1.392168	1.0779896	-0.31417847	0.6737969	0.914254914313221	-0.17147099649857592	ENSG00000154040.21	CABYR	True
ENST00000641858	37.6228	2.9403512	2.6259978	-0.31435347	0.5358844	0.8665861353230246	-0.27092890134556025	ENSG00000109339.24	MAPK10	True
ENST00000274140	1198.7711	7.9123096	7.597895	-0.3144145	0.20682487	0.8093544299533921	-0.6843972422499024	ENSG00000145495.17	MARCHF6	False
ENST00000389939	1021.16425	7.4422874	7.127853	-0.31443453	0.53638315	0.8666569343588499	-0.2705248719554976	ENSG00000156738.18	MS4A1	False
ENST00000419348	113.1	4.6018987	4.2873144	-0.31458426	0.2985228	0.8111088466013822	-0.5250224932582465	ENSG00000109854.14	HTATIP2	False
ENST00000392547	1290.7529	7.9688563	7.6541405	-0.31471586	0.516176	0.8587697515903885	-0.2872022045161615	ENSG00000115935.19	WIPF1	False
ENST00000369817	8444.684	10.58233	10.26738	-0.31495	0.4744255	0.8500118764885034	-0.3238319809056576	ENSG00000147403.18	RPL10	False
ENST00000334513	57.12566	3.4157927	3.1005058	-0.31528687	0.49333066	0.8537766521893764	-0.30686189495421085	ENSG00000186364.12	NUDT17	False
ENST00000467174	21.851559	1.7237476	1.4081942	-0.31555343	0.6934621	0.9197041494523714	-0.15897728598003058	ENSG00000171109.19	MFN1	False
ENST00000358771	83.73473	4.067551	3.7519345	-0.3156166	0.5077128	0.8558786284660064	-0.2943819032994711	ENSG00000198053.12	SIRPA	False
ENST00000426053	205.79851	4.6715207	4.3558292	-0.31569147	0.86285245	0.9700337015692152	-0.0640634613084104	ENSG00000100342.22	APOL1	False
ENST00000235628	76.05638	3.8632953	3.5474231	-0.3158722	0.58459574	0.8819641855083519	-0.23314435382649004	ENSG00000116981.4	NT5C1A	False
ENST00000396198	1354.6094	6.0790524	5.7631454	-0.315907	0.91028845	0.9809361663924436	-0.04082096620634732	ENSG00000158578.21	ALAS2	False
ENST00000261868	251.19905	5.370264	5.054295	-0.315969	0.5466884	0.8693177891645862	-0.2622601587518196	ENSG00000104131.13	EIF3J	False
ENST00000647484	21.36133	1.7822313	1.4661096	-0.3161217	0.71895295	0.9276433654338391	-0.1432995276516481	ENSG00000112855.17	HARS2	False
ENST00000378332	13.679846	1.2114896	0.8953475	-0.31614208	0.62180495	0.8967648830813091	-0.20634582316190844	ENSG00000167522.17	ANKRD11	False
ENST00000361891	171.73712	4.967997	4.651801	-0.31619596	0.49201193	0.8537766521893764	-0.30802436261312227	ENSG00000143621.17	ILF2	False
ENST00000457354	363.82422	5.6799464	5.3634253	-0.31652117	0.6293466	0.8998400021113475	-0.20111010341518137	ENSG00000139921.13	TMX1	False
ENST00000415217	260.0	5.493118	5.1763067	-0.31681108	0.41021672	0.8324648546020382	-0.38698664337449595	ENSG00000151651.16	ADAM8	False
ENST00000380739	1197.0677	7.7082257	7.391294	-0.31693172	0.36508483	0.8185742609699567	-0.43760621610654243	ENSG00000021355.13	SERPINB1	False
ENST00000695470	10.90119	1.019561	0.70243716	-0.3171239	0.6315862	0.9002255149083827	-0.19956737188488946	ENSG00000115761.17	NOL10	False
ENST00000441925	29.684555	1.9060415	1.5886021	-0.31743944	0.74278796	0.9352336696717043	-0.12913514608423635	ENSG00000181744.9	DIPK2A	False
ENST00000683616	8.427212	1.1052569	0.7877909	-0.31746602	0.49002358	0.85373409407385	-0.30978301834747646	ENSG00000055609.21	KMT2C	False
ENST00000368576	8.060509	1.2027094	0.88522685	-0.3174826	0.60069793	0.8876504861018215	-0.22134386127955927	ENSG00000153975.10	ZUP1	False
ENST00000613398	110.4	4.3872104	4.069714	-0.3174963	0.51468486	0.8587509528528511	-0.2884586102214411	ENSG00000110060.9	PUS3	False
ENST00000310611	37.38749	2.2408094	1.9229745	-0.31783497	0.82088476	0.9595438623547526	-0.08571780486233148	ENSG00000174151.15	CYB561D1	False
ENST00000426621	64.71398	3.105212	2.787066	-0.318146	0.79326975	0.9503201367047278	-0.1005791045913361	ENSG00000185022.12	MAFF	False
ENST00000426126	94.56541	3.8618462	3.543422	-0.31842422	0.547367	0.8693177891645862	-0.2617214076074658	ENSG00000186908.15	ZDHHC17	False
ENST00000438032	950.44073	7.5060754	7.187646	-0.31842947	0.19869958	0.8093544299533921	-0.7018030538427832	ENSG00000127483.19	HP1BP3	False
ENST00000554227	9.881281	1.5667876	1.2482289	-0.3185587	0.49069986	0.8537766521893764	-0.3091840681624235	ENSG00000128739.23	SNRPN	False
ENST00000711115	20.05	2.0269573	1.7078862	-0.31907105	0.51338315	0.8579435221911546	-0.28955838953752433	ENSG00000292327.1	PPP2R3B	False
ENST00000390665	20.05	2.0269573	1.7078862	-0.31907105	0.51338315	0.8579435221911546	-0.28955838953752433	ENSG00000167393.18	PPP2R3B	False
ENST00000313608	491.88437	6.6403165	6.3211727	-0.31914377	0.21450613	0.8093544299533921	-0.6685602834606402	ENSG00000181610.13	MRPS23	False
ENST00000399824	28.97334	2.8156903	2.4964921	-0.31919813	0.55553764	0.8723568062898063	-0.25528650963796523	ENSG00000187860.11	CCDC157	True
ENST00000344213	41.712944	3.2063172	2.8870173	-0.31929994	0.43884817	0.843416202945035	-0.35768571063254734	ENSG00000115641.19	FHL2	False
ENST00000697576	97.87878	4.3281984	4.008738	-0.3194604	0.5144152	0.85863958856222	-0.28868620349029206	ENSG00000197857.16	ZNF44	False
ENST00000273480	226.53992	5.42639	5.10688	-0.31950998	0.37833938	0.8230751633283137	-0.4221184521573546	ENSG00000114125.14	RNF7	True
ENST00000522793	14.654623	1.429938	1.1102862	-0.31965172	0.75168496	0.9367004660724456	-0.12396413705743087	ENSG00000113312.12	TTC1	False
ENST00000646101	3447.2114	9.304719	8.984994	-0.31972504	0.34897378	0.81719736681995	-0.4572072012672856	ENSG00000130429.16	ARPC1B	False
ENST00000258424	1023.8	7.6690235	7.3490686	-0.31995487	0.14295988	0.8093544299533921	-0.8447858315830691	ENSG00000135940.7	COX5B	False
ENST00000674025	118.72672	4.1844177	3.8643723	-0.32004547	0.5903456	0.8838774865141505	-0.22889365379333962	ENSG00000265590.10	CFAP298-TCP10L	False
ENST00000475350	6.27866	0.75790787	0.43777165	-0.32013622	0.64670235	0.9052122393073937	-0.18929556144867846	ENSG00000084072.17	PPIE	True
ENST00000379774	21.453793	2.2546399	1.9343482	-0.32029164	0.5873723	0.8826128203198247	-0.2310865360800514	ENSG00000170222.12	ADPRM	False
ENST00000446617	13.536	1.5035516	1.1830298	-0.32052183	0.76872486	0.9420509999805221	-0.11422907463764541	ENSG00000205413.8	SAMD9	False
ENST00000215832	1047.5588	7.570856	7.2497163	-0.3211398	0.19579466	0.8093544299533921	-0.7081991640259516	ENSG00000100030.15	MAPK1	False
ENST00000378572	82.62385	3.6875105	3.3662357	-0.32127476	0.56689954	0.8758719814065489	-0.24649389691040696	ENSG00000165630.15	PRPF18	False
ENST00000690406	19.62064	1.153947	0.83249295	-0.32145405	0.7801193	0.945356982269356	-0.10783897766658582	ENSG00000133703.14	KRAS	True
ENST00000609556	65.92689	3.6288922	3.3073442	-0.32154799	0.42882386	0.8407629197723834	-0.36772105977414643	ENSG00000243646.11	IL10RB	False
ENST00000396981	201.55276	5.3692183	5.0474825	-0.32173586	0.38579574	0.8244231157420382	-0.41364256963511375	ENSG00000132388.13	UBE2G1	False
ENST00000249923	150.33908	4.270929	3.9489489	-0.32198	0.85213566	0.966826986744672	-0.06949126093086355	ENSG00000129083.13	COPB1	False
ENST00000314674	22.360867	1.9327621	1.6107345	-0.32202768	0.73192424	0.9326672651456225	-0.13553387203984868	ENSG00000112339.15	HBS1L	False
ENST00000619961	111.54651	4.037576	3.7154455	-0.32213068	0.81446916	0.9569937170418915	-0.08912535639163612	ENSG00000196141.14	SPATS2L	False
ENST00000225388	967.2995	7.357178	7.0349956	-0.32218266	0.42615086	0.8391162011621749	-0.3704366324144231	ENSG00000108256.9	NUFIP2	False
ENST00000505490	26.1	2.619964	2.2972527	-0.32271123	0.15918164	0.8093544299533921	-0.7981070264290396	ENSG00000183684.8	ALYREF	False
ENST00000689744	13.302271	1.0932215	0.77044463	-0.3227769	0.76737076	0.9414816663086462	-0.11499475298905747	ENSG00000120699.14	EXOSC8	True
ENST00000622132	91.74668	4.2155585	3.8927364	-0.3228221	0.42297506	0.8383020471972034	-0.37368523588743546	ENSG00000085563.15	ABCB1	False
ENST00000703809	91.0	4.325542	4.0024004	-0.32314157	0.35642585	0.8176176581231089	-0.448030804093946	ENSG00000137309.21	HMGA1	False
ENST00000296255	164.80789	5.039303	4.716135	-0.3231678	0.30824062	0.8118754707110037	-0.511110127232214	ENSG00000163902.12	RPN1	False
ENST00000529313	31.263561	1.2737263	0.9498629	-0.32386345	0.80767506	0.9553758913710162	-0.09276332544319882	ENSG00000070081.18	NUCB2	False
ENST00000461251	42.711567	3.0041025	2.6800795	-0.324023	0.50881654	0.8562594664645493	-0.2934387793982748	ENSG00000147231.14	RADX	False
ENST00000557111	13.5824	1.4859972	1.1618973	-0.3240999	0.6862309	0.9174340039208425	-0.16352973150446087	ENSG00000213741.11	RPS29	False
ENST00000696408	5.5074797	1.1020597	0.7779266	-0.3241331	0.581059	0.8805743150655008	-0.23577978332533883	ENSG00000167840.14	ZNF232	True
ENST00000393346	2150.1973	8.582633	8.258231	-0.32440186	0.28097013	0.8093544299533921	-0.5513398531677649	ENSG00000073921.18	PICALM	False
ENST00000519973	11779.607	11.252976	10.928144	-0.32483196	0.4518953	0.8472077019271466	-0.34496217887845726	ENSG00000147454.14	SLC25A37	False
ENST00000302548	172.6813	5.215647	4.890771	-0.3248763	0.3526992	0.8172002775093227	-0.45259553725535834	ENSG00000171657.6	GPR82	False
ENST00000261024	298.2	5.6937375	5.36878	-0.32495737	0.4596654	0.8479586958753978	-0.3375581967575782	ENSG00000138449.11	SLC40A1	False
ENST00000409614	297.56116	5.9483047	5.62329	-0.3250146	0.45550907	0.8473426594424552	-0.34150297428433996	ENSG00000140264.22	SERF2	False
ENST00000357771	28.7	2.0071535	1.6819929	-0.32516062	0.71333736	0.9256033038204061	-0.14670502874237984	ENSG00000131233.10	GJA9	False
ENST00000263025	25.760498	1.2514745	0.92628723	-0.32518727	0.79828984	0.9521242876859368	-0.09783940052321481	ENSG00000102882.12	MAPK3	False
ENST00000369808	10.147919	0.9985663	0.6732867	-0.32527965	0.61083895	0.8922117430324958	-0.21407327827586384	ENSG00000013563.14	DNASE1L1	False
ENST00000714390	886.5211	7.3295255	7.0041103	-0.32541513	0.22215945	0.8093544299533921	-0.6533352176547115	ENSG00000163513.20	TGFBR2	False
ENST00000595090	43.8	3.1336138	2.8078597	-0.32575417	0.76508504	0.9408412036750549	-0.11629028901438809	ENSG00000183207.15	RUVBL2	False
ENST00000229281	164.81575	4.8842382	4.558332	-0.32590628	0.532702	0.865635036834895	-0.27351564923760546	ENSG00000111678.11	C12orf57	False
ENST00000556766	32.774128	1.2258319	0.8994079	-0.32642394	0.79153216	0.9498574838588226	-0.10153143566191251	ENSG00000186469.9	GNG2	False
ENST00000714423	50.927376	2.8021004	2.4750745	-0.3270259	0.6958461	0.9206832478772543	-0.15748681449928192	ENSG00000081320.12	STK17B	True
ENST00000674349	195.51297	5.20875	4.88169	-0.32705975	0.4512644	0.8472077019271466	-0.3455689155915859	ENSG00000244754.9	N4BP2L2	False
ENST00000331244	18.804348	1.8234929	1.4963294	-0.32716346	0.72202736	0.9285152025899402	-0.14144634442921036	ENSG00000108010.12	GLRX3	False
ENST00000378930	119.08616	4.2935176	3.9663126	-0.32720494	0.61016566	0.8920468181599023	-0.21455224113404228	ENSG00000157625.16	TAB3	False
ENST00000306999	9.239295	1.2099013	0.8826207	-0.32728064	0.64125615	0.9030378888992515	-0.19296845430968393	ENSG00000106524.9	ANKMY2	False
ENST00000652191	350.5149	6.1646767	5.8373384	-0.32733822	0.39091256	0.8272389386574068	-0.4079203725864857	ENSG00000286219.2	NOTCH2NLC	True
ENST00000472478	64.06355	3.8387089	3.5112524	-0.32745647	0.45811197	0.8478742186373767	-0.33902835886972066	ENSG00000112983.18	BRD8	True
ENST00000466813	5.957611	1.0080628	0.68058693	-0.3274759	0.5824972	0.8813496561515377	-0.23470617318089032	ENSG00000204859.13	ZBTB48	False
ENST00000666307	4.54519	1.0872521	0.75937057	-0.32788157	0.7586924	0.938790070041057	-0.11993427563663882	ENSG00000168137.20	SETD5	False
ENST00000699516	66.63468	2.8553703	2.527359	-0.32801127	0.81352484	0.9569372134995232	-0.08962918065866271	ENSG00000151327.14	FAM177A1	False
ENST00000277746	387.93594	5.953878	5.625535	-0.3283429	0.42712334	0.8397976463492327	-0.36944669811005526	ENSG00000148572.16	NRBF2	False
ENST00000675972	32.30167	2.738265	2.40989	-0.3283751	0.69052494	0.9189182498219659	-0.16082063388319998	ENSG00000123810.9	B9D2	False
ENST00000370459	1470.3893	8.074603	7.7460675	-0.32853556	0.68623614	0.9174340039208425	-0.16352641198545714	ENSG00000154451.15	GBP5	False
ENST00000322209	78.61055	3.7020972	3.3732698	-0.32882738	0.80633193	0.9552005372235465	-0.09348614082900882	ENSG00000177144.8	NUDT4B	False
ENST00000356091	168.75172	5.0805197	4.751585	-0.32893467	0.20478156	0.8093544299533921	-0.6887091484924932	ENSG00000215440.12	NPEPL1	False
ENST00000493960	134.00241	4.610251	4.281266	-0.32898474	0.5142576	0.8585903307569132	-0.28881927301409427	ENSG00000163946.14	TASOR	False
ENST00000303251	623.0	6.925022	6.5960007	-0.32902145	0.40976667	0.8323007445595858	-0.38746336528159414	ENSG00000169228.14	RAB24	False
ENST00000466062	196.15375	3.2714121	2.9421344	-0.32927775	0.86759156	0.9710997026003259	-0.061684681545305396	ENSG00000188994.14	ZNF292	False
ENST00000434772	6.4070115	0.96978456	0.6404523	-0.32933223	0.6734273	0.9141900609544965	-0.17170929224245932	ENSG00000178386.13	ZNF223	False
ENST00000250457	6.178378	1.2184876	0.8890781	-0.32940954	0.59736717	0.8867753771228387	-0.22375865079318477	ENSG00000129521.15	EGLN3	False
ENST00000563861	27.822718	1.3963627	1.0669222	-0.32944047	0.80115986	0.9535442951367988	-0.09628081871476296	ENSG00000170540.15	ARL6IP1	False
ENST00000377084	5.3	0.9164371	0.58694303	-0.32949406	0.4207446	0.837574130271926	-0.3759814513762433	ENSG00000178235.8	SLITRK1	False
ENST00000681137	10.47484	1.1090438	0.7786247	-0.33041912	0.7634315	0.940089844663147	-0.11722993055409424	ENSG00000100023.20	PPIL2	False
ENST00000299339	50.40047	3.4314039	3.1008294	-0.3305745	0.6197859	0.8962923551817317	-0.20775830467072678	ENSG00000134873.10	CLDN10	False
ENST00000350710	12.435909	1.2002616	0.869334	-0.3309276	0.62401354	0.8979233606519958	-0.20480598460867916	ENSG00000132185.18	FCRLA	False
ENST00000584619	39.05152	2.7223814	2.390986	-0.3313954	0.78330153	0.9465150449517197	-0.10607102390407515	ENSG00000135164.19	DMTF1	False
ENST00000419869	80.1	3.9576519	3.626165	-0.33148694	0.485852	0.8529381765683051	-0.3134960023971191	ENSG00000023734.11	STRAP	False
ENST00000570137	23.767008	2.2444162	1.9128726	-0.33154368	0.6132836	0.8930687559101305	-0.21233866675600488	ENSG00000166446.15	CDYL2	False
ENST00000368468	86.5	4.285173	3.9534311	-0.3317418	0.45758313	0.8478742186373767	-0.3395299958867004	ENSG00000111885.7	MAN1A1	False
ENST00000368024	54.108196	3.264001	2.9321008	-0.33190012	0.5877952	0.8826128203198247	-0.23077396624976118	ENSG00000215845.11	TSTD1	False
ENST00000673875	133.32294	4.713871	4.381886	-0.331985	0.47117248	0.8496539504698483	-0.3268200818927099	ENSG00000065526.13	SPEN	False
ENST00000678674	191.97401	3.9125454	3.5804558	-0.33208966	0.8532803	0.9670574250954352	-0.0689082779862263	ENSG00000168610.17	STAT3	False
ENST00000541630	933.16876	7.474407	7.1422935	-0.33211374	0.27333826	0.8093544299533921	-0.5632995772676276	ENSG00000132341.12	RAN	False
ENST00000280557	258.4774	5.7219853	5.3897667	-0.33221865	0.20471165	0.8093544299533921	-0.6888574500542693	ENSG00000139726.11	DENR	False
ENST00000369448	229.0136	5.591501	5.2591295	-0.3323717	0.59892523	0.8872137205946347	-0.22262738958258477	ENSG00000183508.5	TENT5C	False
ENST00000485743	14.104848	1.8182496	1.485823	-0.33242655	0.5790166	0.8799660572403326	-0.23730896576342098	ENSG00000244734.4	HBB	False
ENST00000682641	16.09529	1.6993138	1.3668785	-0.33243525	0.6839377	0.9170737297062175	-0.1649834383986267	ENSG00000155906.20	RMND1	False
ENST00000682019	90.6001	4.193957	3.8613238	-0.33263302	0.4202421	0.8374027596300101	-0.37650044099213525	ENSG00000129167.11	TPH1	False
ENST00000543469	170.7106	4.8694115	4.5364923	-0.33291912	0.50158596	0.8548764927378353	-0.2996546281009296	ENSG00000213186.8	TRIM59	False
ENST00000274507	9.678973	1.3450352	1.0116415	-0.3333937	0.66558146	0.9115256916694049	-0.17679878085990913	ENSG00000145826.9	LECT2	True
ENST00000698802	305.25592	5.8286896	5.4952664	-0.33342314	0.36678264	0.818999162668339	-0.43559123327082605	ENSG00000173757.11	STAT5B	True
ENST00000429888	1247.8075	7.9611974	7.627605	-0.3335924	0.66587263	0.911738180623951	-0.17660883370748956	ENSG00000114857.19	NKTR	False
ENST00000597547	29.86936	2.3233123	1.9894185	-0.33389378	0.76060444	0.9393401862698847	-0.11884114307349895	ENSG00000105701.16	FKBP8	True
ENST00000519237	100.72674	4.4538174	4.1199217	-0.33389568	0.40196323	0.8298121044971967	-0.3958136683678271	ENSG00000168495.13	POLR3D	False
ENST00000507980	7423.46	10.447118	10.113171	-0.33394718	0.37282705	0.8210406506591547	-0.42849258190610995	ENSG00000186468.13	RPS23	False
ENST00000379343	13.0720825	1.5440758	1.2101281	-0.33394778	0.7215403	0.9285152025899402	-0.1417394240691601	ENSG00000152683.14	SLC30A6	False
ENST00000435836	16.540318	1.4613109	1.1273429	-0.33396792	0.71801484	0.9272590777177661	-0.14386658185578136	ENSG00000101040.20	ZMYND8	False
ENST00000290795	361.39996	6.1226654	5.788591	-0.3340745	0.1401437	0.8093544299533921	-0.8534263977620965	ENSG00000159592.11	GPBP1L1	False
ENST00000419781	48.49807	1.3164366	0.9821401	-0.33429652	0.79113144	0.9498024925976432	-0.10175135778461945	ENSG00000082258.13	CCNT2	False
ENST00000643543	7.0659966	1.4082103	1.0736897	-0.33452058	0.72393817	0.9290277801612368	-0.14029852611796445	ENSG00000178971.17	CTC1	False
ENST00000448393	517.3491	6.8002124	6.4654465	-0.3347659	0.60118055	0.888163989439496	-0.22099507610893104	ENSG00000163565.20	IFI16	False
ENST00000308666	29.6	2.2537715	1.9189222	-0.33484936	0.6575712	0.9094117847976753	-0.18205721835534436	ENSG00000173208.4	ABCD2	False
ENST00000356786	13.328699	1.1167027	0.78181607	-0.3348866	0.6824924	0.9166447384470666	-0.1659021960843702	ENSG00000168071.22	CCDC88B	False
ENST00000378616	40.2	2.961469	2.6264865	-0.3349824	0.7269837	0.9302394203585684	-0.13847531097976493	ENSG00000047597.7	XK	False
ENST00000407877	262.8	5.6076026	5.2725916	-0.335011	0.37275314	0.8210406506591547	-0.42857868559014	ENSG00000064547.14	LPAR2	False
ENST00000366197	177.75961	4.863313	4.5281744	-0.3351388	0.5686026	0.8763487675871898	-0.24519114231636718	ENSG00000188785.12	ZNF548	False
ENST00000521491	11.7198	1.5375491	1.2021042	-0.33544493	0.62814623	0.8993548591065981	-0.20193924161410312	ENSG00000079112.10	CDH17	False
ENST00000703603	8.320466	1.1987562	0.86311793	-0.33563828	0.552722	0.8712367896357941	-0.25749326673422485	ENSG00000164508.6	H2AC1	False
ENST00000418331	114.46602	4.269104	3.9334545	-0.3356495	0.41663447	0.8361795605002287	-0.380244801577565	ENSG00000149177.15	PTPRJ	False
ENST00000322716	841.88367	7.242225	6.906451	-0.33577394	0.3498515	0.81719736681995	-0.45611627326752235	ENSG00000178567.8	EPM2AIP1	False
ENST00000376621	162.3	5.092259	4.7563677	-0.33589125	0.06712289	0.8093544299533921	-1.1731293430745113	ENSG00000204590.13	GNL1	False
ENST00000268042	18.4	1.8573335	1.5213987	-0.33593488	0.60638326	0.8901216863280665	-0.21725279356434754	ENSG00000140450.9	ARRDC4	False
ENST00000245046	251.3479	5.7535405	5.4174924	-0.33604813	0.4548112	0.8473426594424552	-0.3421688628411341	ENSG00000125037.13	EMC3	False
ENST00000373847	111.0818	2.8448904	2.5084023	-0.336488	0.8580901	0.9682522704940816	-0.06646710721076154	ENSG00000119397.19	CNTRL	False
ENST00000526755	907.25995	7.2833443	6.946747	-0.33659744	0.40540498	0.8312293045789577	-0.3921109154273961	ENSG00000168522.13	FNTA	True
ENST00000605096	24.089823	1.9703465	1.6337162	-0.33663023	0.64670163	0.9052122393073937	-0.18929604178061482	ENSG00000271605.6	MILR1	True
ENST00000436198	42.826782	1.5041276	1.1674724	-0.33665526	0.8314956	0.9617724706824102	-0.08014005343050096	ENSG00000129682.16	FGF13	False
ENST00000524896	656.9231	6.903689	6.5669146	-0.33677435	0.38083678	0.8235211731912858	-0.41926110996898763	ENSG00000149100.13	EIF3M	False
ENST00000415076	126.67086	4.512159	4.175314	-0.33684492	0.4499095	0.8470024537044705	-0.3468748285115845	ENSG00000106603.20	COA1	False
ENST00000473276	170.14668	4.7998576	4.46282	-0.33703756	0.54204893	0.8677958347030249	-0.26596150763684484	ENSG00000137210.14	TMEM14B	False
ENST00000621674	17292.225	11.6137	11.276428	-0.3372717	0.5256075	0.8628966334781174	-0.27933842463516284	ENSG00000142541.18	RPL13A	False
ENST00000332349	98.1	4.2321596	3.89432	-0.3378396	0.20728004	0.8093544299533921	-0.6834425166596307	ENSG00000183340.7	JRKL	False
ENST00000452208	60.618736	3.5314324	3.1933475	-0.33808494	0.33890042	0.8168868977189364	-0.4699278966700267	ENSG00000159496.15	RGL4	False
ENST00000283290	215.99492	5.2605777	4.9221964	-0.3383813	0.48686036	0.8529381765683051	-0.31259557994858556	ENSG00000144848.11	ATG3	False
ENST00000648702	22.281414	1.800387	1.4619823	-0.33840477	0.7024953	0.9221026914234706	-0.153356591296228	ENSG00000173436.15	MICOS10	True
ENST00000526547	6.25772	0.7545581	0.41612196	-0.33843613	0.44846112	0.8470024537044705	-0.34827520728337735	ENSG00000131238.18	PPT1	True
ENST00000627622	41.253788	2.52653	2.187773	-0.33875704	0.57223296	0.8772146664105537	-0.24242712966175958	ENSG00000173575.24	CHD2	True
ENST00000699439	22.093134	1.5819994	1.2431984	-0.33880103	0.7333034	0.9331012358245473	-0.13471628496746282	ENSG00000153563.17	CD8A	False
ENST00000368732	24.055086	1.6776265	1.3385748	-0.33905172	0.718886	0.9276433654338391	-0.1433399632539933	ENSG00000143546.10	S100A8	True
ENST00000315567	55.69105	3.0826685	2.7435393	-0.3391292	0.63064975	0.8998400021113475	-0.20021177521740693	ENSG00000169288.18	MRPL1	False
ENST00000685429	9.590411	1.0447946	0.705596	-0.33919853	0.7077446	0.9236073960785152	-0.15012343654985374	ENSG00000064787.14	BCAS1	False
ENST00000424991	69.03604	3.8387158	3.4995155	-0.33920026	0.47444144	0.8500118764885034	-0.3238173856104025	ENSG00000144635.9	DYNC1LI1	False
ENST00000602751	34.751312	1.6306587	1.2913821	-0.33927667	0.7934892	0.950362321783052	-0.10045897023230925	ENSG00000085274.16	MYNN	False
ENST00000703795	34.01698	2.5251935	2.1858184	-0.33937502	0.7882561	0.9488931661220348	-0.10333265490820066	ENSG00000233276.9	GPX1	True
ENST00000281453	34.735382	1.9039049	1.5645282	-0.3393767	0.7342347	0.9332857513397641	-0.134165100070408	ENSG00000151725.12	CENPU	False
ENST00000533773	85.16002	3.0092957	2.6699007	-0.33939505	0.85322	0.9670574250954352	-0.06893898011980111	ENSG00000070081.18	NUCB2	False
ENST00000355703	14.802165	1.7162442	1.3764976	-0.3397466	0.55445737	0.8719910230509131	-0.25613184215713986	ENSG00000197136.5	PCNX3	False
ENST00000309794	437.25253	6.473088	6.1333356	-0.3397522	0.35858417	0.8182605935073269	-0.44540889200766026	ENSG00000141562.19	NARF	False
ENST00000444739	302.18512	5.8238335	5.483868	-0.33996534	0.44774985	0.8464256755917331	-0.34896454793127346	ENSG00000196954.14	CASP4	False
ENST00000551224	29.543371	1.6040748	1.2638223	-0.34025252	0.7560608	0.9379412011107189	-0.12144329052467188	ENSG00000136051.15	WASHC4	False
ENST00000559127	37.660652	2.9027169	2.562342	-0.34037495	0.7711081	0.9426301048560082	-0.11288474000177717	ENSG00000137806.10	NDUFAF1	False
ENST00000676866	611.9348	6.9051323	6.564607	-0.34052515	0.41577783	0.8356725866976152	-0.381138669356645	ENSG00000186432.10	KPNA4	False
ENST00000260379	21691.03	12.003823	11.663228	-0.34059525	0.33626357	0.8158433703746901	-0.4733201841784059	ENSG00000137818.12	RPLP1	False
ENST00000640870	19.259853	1.8449492	1.5042648	-0.3406844	0.68503046	0.9173021276178854	-0.16429011687088296	ENSG00000266173.7	STRADA	False
ENST00000368719	2071.9417	8.617785	8.276958	-0.340827	0.2474119	0.8093544299533921	-0.6065794037448142	ENSG00000197956.10	S100A6	True
ENST00000470557	26.758276	2.0973325	1.756239	-0.34109342	0.5720791	0.8771852707673807	-0.24254390145083954	ENSG00000141378.15	PTRH2	False
ENST00000425346	36.8	2.6918619	2.3506458	-0.3412161	0.50356406	0.8556848333281974	-0.2979452738303545	ENSG00000114395.11	CYB561D2	False
ENST00000637128	7.6	0.87077886	0.52947783	-0.34130102	0.6370057	0.9019351095361944	-0.19585669055720598	ENSG00000237489.5	C10orf143	False
ENST00000352690	252.50381	5.7894187	5.4481044	-0.34131432	0.47667468	0.8504371505934152	-0.32177792000713096	ENSG00000153283.13	CD96	False
ENST00000495557	82.08226	3.2563772	2.9150527	-0.34132457	0.7243622	0.9291173189122098	-0.1400442241944394	ENSG00000168297.16	PXK	False
ENST00000418698	42.4	2.9228127	2.58145	-0.3413627	0.5681287	0.8761634615731728	-0.24555326719361564	ENSG00000141384.13	TAF4B	False
ENST00000557920	36.74627	2.8169563	2.475435	-0.34152126	0.45257887	0.8472077019271466	-0.34430572390297726	ENSG00000128944.14	KNSTRN	False
ENST00000323303	118.913956	4.490747	4.149224	-0.34152317	0.40918836	0.8323007445595858	-0.38807672899256024	ENSG00000115540.15	MOB4	False
ENST00000258418	201.48604	4.990745	4.6489887	-0.34175634	0.5098573	0.8568012854819689	-0.2925513608082708	ENSG00000135932.12	CAB39	False
ENST00000447040	20.135792	1.2131492	0.8711005	-0.3420487	0.7768777	0.9442272701652389	-0.10964734392572684	ENSG00000172123.14	SLFN12	False
ENST00000649452	5537.2896	9.956216	9.614126	-0.34208965	0.27787378	0.8093544299533921	-0.5561524243248551	ENSG00000136156.15	ITM2B	False
ENST00000427678	42.580467	3.0390358	2.6965287	-0.34250712	0.3167414	0.8118754707110037	-0.4992951585405068	ENSG00000115548.17	KDM3A	False
ENST00000318066	378.06015	6.111531	5.7689924	-0.34253836	0.42829052	0.8406951956600023	-0.3682615423078488	ENSG00000177889.10	UBE2N	False
ENST00000326004	208.02177	5.163806	4.820273	-0.34353304	0.5262067	0.8628966334781174	-0.2788436494513201	ENSG00000189403.15	HMGB1	False
ENST00000356200	59.488117	1.9022862	1.5572238	-0.34506238	0.8055152	0.9552005372235465	-0.09392624405542604	ENSG00000008128.23	CDK11A	False
ENST00000482457	11.8946	1.1336018	0.7885279	-0.34507388	0.7574448	0.9384303956788781	-0.12064901218081464	ENSG00000174255.8	ZNF80	False
ENST00000262811	120.98161	4.705161	4.360082	-0.34507895	0.49600872	0.8537766521893764	-0.3045106849199878	ENSG00000099308.13	MAST3	False
ENST00000491134	43.565063	2.8606846	2.5152411	-0.3454435	0.6304492	0.8998400021113475	-0.2003499186773148	ENSG00000116731.23	PRDM2	False
ENST00000699575	41.19884	2.1749518	1.8294578	-0.34549403	0.7668374	0.9412607163018049	-0.11529670373748478	ENSG00000081087.16	OSTM1	True
ENST00000538502	112.0	4.414172	4.0685945	-0.34557772	0.50567424	0.8558786284660064	-0.29612916703076914	ENSG00000134243.12	SORT1	False
ENST00000328848	18.219677	1.345075	0.99943376	-0.34564126	0.71141016	0.9251460433777169	-0.14787993378142616	ENSG00000182117.7	NOP10	True
ENST00000370950	1247.107	7.694332	7.3486786	-0.34565353	0.56915116	0.8765854640342583	-0.24477237230103302	ENSG00000116754.14	SRSF11	False
ENST00000396049	919.09265	7.3818307	7.0359054	-0.34592533	0.29331613	0.8111088466013822	-0.5326640598161401	ENSG00000114978.18	MOB1A	False
ENST00000439025	58.433025	3.4480793	3.1017532	-0.3463261	0.5623421	0.8744884066712214	-0.24999939598263066	ENSG00000185088.14	RPS27L	False
ENST00000586604	95.8559	4.1241336	3.7776766	-0.346457	0.32132173	0.8125420389446386	-0.4930599090710954	ENSG00000141622.14	ARK2C	False
ENST00000307731	250.78792	5.3996563	5.0529895	-0.3466668	0.39628255	0.8294450541295973	-0.40199504704612643	ENSG00000168438.15	CDC40	False
ENST00000680827	605.49457	6.9723067	6.625387	-0.34691954	0.45669788	0.8475631590411424	-0.3403710032294952	ENSG00000127022.16	CANX	False
ENST00000566903	16.230759	1.5202742	1.1727278	-0.34754634	0.71385396	0.9257062139447186	-0.14639062983235615	ENSG00000103168.17	TAF1C	False
ENST00000462686	29.954449	1.2892057	0.94164366	-0.34756202	0.78974575	0.9493683003800718	-0.10251270363922015	ENSG00000173614.14	NMNAT1	False
ENST00000551079	19.17461	1.2886928	0.9408846	-0.34780824	0.711518	0.9251867593699032	-0.1478141149744307	ENSG00000111231.9	GPN3	False
ENST00000587194	228.36572	5.3750405	5.0271783	-0.34786224	0.49186838	0.8537766521893764	-0.30815109826263665	ENSG00000134440.12	NARS1	False
ENST00000438528	148.85173	4.7964444	4.4484606	-0.34798384	0.47057223	0.8496539504698483	-0.32737370258235154	ENSG00000176209.12	SMIM19	False
ENST00000283632	254.81839	5.76351	5.415525	-0.34798527	0.14140026	0.8093544299533921	-0.8495497836445792	ENSG00000153561.13	RMND5A	False
ENST00000674381	166.70502	2.127338	1.779254	-0.34808397	0.87129927	0.9721955167052022	-0.05983265141783957	ENSG00000127914.19	AKAP9	False
ENST00000371019	1132.1	7.644933	7.296709	-0.34822416	0.20653224	0.8093544299533921	-0.6850121448607014	ENSG00000181274.7	FRAT2	False
ENST00000456936	137.4	4.5483446	4.1999354	-0.34840918	0.4233253	0.8383133222409976	-0.373325774955844	ENSG00000134970.14	TMED7	False
ENST00000695497	1021.05115	7.7265897	7.3780575	-0.3485322	0.29243323	0.8111088466013822	-0.533973275749366	ENSG00000126883.19	NUP214	False
ENST00000331334	858.21545	7.16103	6.812406	-0.34862375	0.70314735	0.922182151926897	-0.1529536545782053	ENSG00000182512.5	GLRX5	True
ENST00000290075	6035.4453	10.231178	9.882445	-0.34873295	0.4635619	0.8489239594146564	-0.3338922727798176	ENSG00000147454.14	SLC25A37	False
ENST00000526369	68.03056	3.338542	2.989614	-0.34892797	0.66962576	0.9129275806345671	-0.17416784827858667	ENSG00000131626.19	PPFIA1	False
ENST00000361033	109.68262	3.9734356	3.6241412	-0.34929442	0.5257575	0.8628966334781174	-0.27921453027757825	ENSG00000198326.10	TMEM239	False
ENST00000530003	20.716919	1.5023108	1.1528401	-0.34947062	0.7705857	0.9426301048560082	-0.11317904569863534	ENSG00000117676.14	RPS6KA1	False
ENST00000380591	1762.2172	8.358075	8.008518	-0.34955692	0.51678	0.8587697515903885	-0.2866942865955117	ENSG00000145741.17	BTF3	False
ENST00000527502	50.78577	2.6776736	2.3280954	-0.34957814	0.83652216	0.9629328841029331	-0.0775225487963848	ENSG00000147548.17	NSD3	False
ENST00000643898	820.5532	7.2789116	6.9292397	-0.34967184	0.47934297	0.850532651973061	-0.31935364004079914	ENSG00000111913.20	RIPOR2	False
ENST00000643806	61.50288	3.4593108	3.109593	-0.34971786	0.6245156	0.8980501626788355	-0.20445671358791154	ENSG00000073584.20	SMARCE1	True
ENST00000295448	10.083576	1.2799335	0.9300073	-0.34992617	0.62744844	0.8990447799084473	-0.20242195640956395	ENSG00000163281.12	GNPDA2	False
ENST00000713951	28.137085	2.446771	2.096842	-0.34992886	0.6056007	0.8899892143002557	-0.2178136209866306	ENSG00000105281.13	SLC1A5	False
ENST00000265339	1414.46	8.00265	7.6525626	-0.35008764	0.19146192	0.8093544299533921	-0.7179175885763712	ENSG00000119048.9	UBE2B	False
ENST00000588234	306.93192	5.961815	5.6116676	-0.35014725	0.18713146	0.8093544299533921	-0.727853183629053	ENSG00000104979.9	C19orf53	False
ENST00000339839	47.35333	2.2832716	1.9330146	-0.35025692	0.8255767	0.9605312221906871	-0.08324256060466598	ENSG00000173588.16	CEP83	False
ENST00000308979	108.30086	3.1651392	2.814797	-0.35034227	0.811057	0.9563933529011291	-0.09094863831564258	ENSG00000174125.8	TLR1	False
ENST00000372134	807.2019	7.3143997	6.963956	-0.35044384	0.3075483	0.8118754707110037	-0.5120866489943194	ENSG00000165678.22	GHITM	False
ENST00000366686	78.226036	3.7567232	3.4055514	-0.35117173	0.79021287	0.9494860246915532	-0.10225590154658615	ENSG00000154429.11	CCSAP	False
ENST00000439720	15.409785	1.4613837	1.110207	-0.35117674	0.63424224	0.901006220382149	-0.197744840016735	ENSG00000154710.18	RABGEF1	False
ENST00000490905	16.3003	1.3414534	0.99021715	-0.35123628	0.6257956	0.8983420428423095	-0.203567492783103	ENSG00000171735.21	CAMTA1	False
ENST00000369498	312.67926	6.0483203	5.6970806	-0.35123968	0.43607312	0.842654100473947	-0.3604406784736917	ENSG00000165775.18	FUNDC2	False
ENST00000618061	26.523325	2.5741246	2.222834	-0.35129046	0.38349193	0.823835243286134	-0.4162437668916732	ENSG00000172785.19	ZNG1A	True
ENST00000402297	302.96283	5.748389	5.396912	-0.35147667	0.19164377	0.8093544299533921	-0.7175052841065538	ENSG00000218739.10	CEBPZOS	False
ENST00000373768	30.9	2.6090088	2.257317	-0.35169172	0.6419496	0.9034944865138398	-0.19249907146077902	ENSG00000119421.7	NDUFA8	False
ENST00000310673	9.2	0.8250954	0.4732705	-0.3518249	0.64289236	0.9036380088385125	-0.1918617348094872	ENSG00000258484.4	SPESP1	False
ENST00000644393	92.11174	2.4409251	2.089007	-0.35191822	0.8493081	0.9659481202504552	-0.07093474749323184	ENSG00000124614.17	RPS10	False
ENST00000357749	131.24222	4.645081	4.2930584	-0.35202265	0.49007988	0.85373409407385	-0.30973312709000944	ENSG00000188419.14	CHM	False
ENST00000649398	29.4	1.3340887	0.9820469	-0.35204178	0.7938304	0.9505167751306578	-0.10027227653333598	ENSG00000125447.18	GGA3	False
ENST00000286353	62.28313	2.618136	2.2660813	-0.3520546	0.65732867	0.9092904601187954	-0.182217428283651	ENSG00000155893.13	PXYLP1	False
ENST00000312210	308.23047	5.794501	5.4423566	-0.35214424	0.42041004	0.8375455281164398	-0.37632692399641166	ENSG00000143409.18	MINDY1	False
ENST00000260247	123.83083	4.673771	4.321293	-0.35247803	0.27838632	0.8093544299533921	-0.5553521026731274	ENSG00000137692.12	DCUN1D5	False
ENST00000349606	864.06134	7.1934676	6.840592	-0.3528757	0.5882899	0.8828080159035666	-0.2304085955004882	ENSG00000007944.15	MYLIP	False
ENST00000354619	192.43915	5.1595063	4.806224	-0.35328245	0.33632457	0.8158433703746901	-0.47324140108044954	ENSG00000086619.15	ERO1B	False
ENST00000602402	360.74777	5.917109	5.5637918	-0.35331726	0.38201573	0.823716002720574	-0.41791874849072963	ENSG00000102580.15	DNAJC3	False
ENST00000400485	308.4925	5.764647	5.4112906	-0.35335636	0.4470641	0.8459831455694948	-0.34963020166239406	ENSG00000159256.13	MORC3	False
ENST00000228515	27.8	2.1592724	1.8059089	-0.3533635	0.61047643	0.8920468181599023	-0.21433109614343612	ENSG00000110925.7	CSRNP2	False
ENST00000643273	33.9715	2.0621545	1.7087291	-0.35342538	0.8461935	0.9651793804116239	-0.07253031890094247	ENSG00000148019.14	CEP78	False
ENST00000596358	707.304	6.990826	6.636943	-0.35388327	0.36602768	0.8185742609699567	-0.43648606726127204	ENSG00000142546.14	NOSIP	False
ENST00000642510	13.893474	1.7739714	1.4197397	-0.35423172	0.7506738	0.9364552947652945	-0.12454875843816811	ENSG00000184154.16	LRRC51	True
ENST00000259395	21.16755	2.1421585	1.787874	-0.35428452	0.66505915	0.9112769672266469	-0.17713972754327612	ENSG00000136870.11	ZNF189	False
ENST00000234831	282.31332	5.684971	5.330615	-0.3543558	0.47164094	0.8496539504698483	-0.32638849961120625	ENSG00000116209.12	TMEM59	False
ENST00000381848	185.9108	4.5894675	4.2350607	-0.35440683	0.65468377	0.9079786613480798	-0.18396842619274748	ENSG00000214456.8	PLIN5	False
ENST00000430715	21.91138	1.9201874	1.5656904	-0.35449696	0.6420632	0.9034944865138398	-0.19242222073785545	ENSG00000125744.12	RTN2	False
ENST00000695050	7.3365035	1.236927	0.88205147	-0.35487556	0.5668272	0.8758719814065489	-0.24654933454831499	ENSG00000137409.21	MTCH1	False
ENST00000551025	510.4567	6.619722	6.264662	-0.3550601	0.37718353	0.8228844517340773	-0.423447283050028	ENSG00000118412.13	CASP8AP2	False
ENST00000596984	61.40851	2.6117642	2.2566934	-0.35507083	0.8369247	0.96299534456408	-0.07731362916549227	ENSG00000099783.13	HNRNPM	False
ENST00000369681	826.704	7.2019935	6.8465223	-0.35547113	0.23157926	0.8093544299533921	-0.6353003399736364	ENSG00000065615.14	CYB5R4	False
ENST00000536244	238.75986	5.4033103	5.0478363	-0.355474	0.77325666	0.9432727370709886	-0.1116763310402513	ENSG00000112078.14	KCTD20	False
ENST00000513801	19.487465	1.4195415	1.0640098	-0.3555317	0.6994137	0.9212025833663481	-0.1552658546274032	ENSG00000017260.20	ATP2C1	False
ENST00000358157	62.697094	3.5748491	3.2189455	-0.35590363	0.47043443	0.8496539504698483	-0.3275009032955928	ENSG00000213694.7	S1PR3	False
ENST00000585851	27.188131	1.9319677	1.5760255	-0.35594225	0.76795304	0.9417364228621541	-0.1146653370874988	ENSG00000118046.18	STK11	False
ENST00000340363	17.3	1.8228918	1.4666306	-0.35626125	0.63606584	0.9016915978332832	-0.19649792714735717	ENSG00000187997.12	C17orf99	False
ENST00000447630	108.914185	3.455291	3.0989423	-0.35634875	0.7562591	0.9379776843573172	-0.12132939581335307	ENSG00000008324.12	SS18L2	False
ENST00000306024	81.70296	3.9484327	3.5920398	-0.35639286	0.58716923	0.8826128203198247	-0.23123671126325884	ENSG00000170860.4	LSM3	False
ENST00000475719	38.49993	2.5577505	2.2012353	-0.35651517	0.68672454	0.9174880794062122	-0.1632174306206844	ENSG00000118515.12	SGK1	False
ENST00000462714	21.369724	1.4876227	1.1308887	-0.35673404	0.7128703	0.9253601269841094	-0.14698947884102678	ENSG00000163633.12	C4orf36	True
ENST00000417582	22.211906	1.6556641	1.2988634	-0.35680068	0.7291428	0.9315637277152757	-0.13718741722804095	ENSG00000167491.18	GATAD2A	False
ENST00000705448	28.046106	2.8103504	2.4534657	-0.35688472	0.59277856	0.8847708896745496	-0.22710751002574409	ENSG00000118705.18	RPN2	False
ENST00000529010	162.33585	4.511094	4.1541758	-0.35691833	0.68372625	0.9170737297062175	-0.16511774538881166	ENSG00000070081.18	NUCB2	False
ENST00000707141	46.688168	2.6256573	2.268737	-0.35692024	0.7631848	0.940089844663147	-0.11737029591708584	ENSG00000204161.15	TMEM273	False
ENST00000453246	25.912064	2.2597568	1.9027715	-0.35698533	0.63347995	0.9008682131522836	-0.1982671243019316	ENSG00000179869.15	ABCA13	False
ENST00000382592	159.8	4.6997724	4.342429	-0.3573432	0.4627202	0.8485544709786854	-0.3346815545999911	ENSG00000150457.9	LATS2	False
ENST00000618105	21.224863	1.8991795	1.5413835	-0.35779595	0.65666735	0.909001728958572	-0.18265457548815978	ENSG00000127922.10	SEM1	True
ENST00000282397	314.29285	5.3331294	4.975112	-0.35801744	0.66612536	0.9119600335153683	-0.17644403389881846	ENSG00000102755.13	FLT1	False
ENST00000430044	110.67122	4.1576385	3.7995715	-0.35806704	0.4919685	0.8537766521893764	-0.30806269249658913	ENSG00000178234.13	GALNT11	False
ENST00000687160	129.9	3.5322187	3.1738744	-0.35834432	0.62801254	0.8992688791156324	-0.20203168570412067	ENSG00000115607.10	IL18RAP	False
ENST00000349431	138.08751	4.1079354	3.7495866	-0.35834885	0.82109743	0.9595784758313319	-0.08560530530464516	ENSG00000160087.21	UBE2J2	False
ENST00000614063	5.621125	1.1157837	0.7573052	-0.3584785	0.71476746	0.9259194499652	-0.1458352294982654	ENSG00000227345.9	PARG	False
ENST00000406516	389.42276	5.8963647	5.5378675	-0.35849714	0.58768874	0.8826128203198247	-0.23085262719593988	ENSG00000182541.18	LIMK2	False
ENST00000274137	134.3817	4.870234	4.5117035	-0.35853052	0.36158293	0.8185742609699567	-0.4417920745257111	ENSG00000145494.12	NDUFS6	False
ENST00000424319	44.223053	3.0757272	2.7171602	-0.358567	0.54342556	0.8685822893933551	-0.2648599384156699	ENSG00000086991.13	NOX4	False
ENST00000632685	319.64706	6.003865	5.6452694	-0.35859537	0.43017516	0.840824720967489	-0.3663546757331388	ENSG00000043093.15	DCUN1D1	False
ENST00000542635	17.974205	1.1941425	0.8352679	-0.35887456	0.64163923	0.9032807118165814	-0.19270908924354396	ENSG00000154760.14	SLFN13	False
ENST00000512158	144.43423	4.5448523	4.185501	-0.35935116	0.4859253	0.8529381765683051	-0.3134305001499767	ENSG00000145824.13	CXCL14	True
ENST00000360683	87.30987	3.5716763	3.212132	-0.35954428	0.8044822	0.9552005372235465	-0.0944835490103925	ENSG00000151292.19	CSNK1G3	False
ENST00000415624	42.540413	2.5909357	2.2313635	-0.35957217	0.6879921	0.9178436063724108	-0.16241655116304318	ENSG00000171853.16	TRAPPC12	False
ENST00000305560	11.527209	1.1020733	0.7424271	-0.3596462	0.6355672	0.9016400598756685	-0.19683853173554264	ENSG00000171763.20	AFG2B	False
ENST00000396894	46.9	3.1916401	2.8314683	-0.3601718	0.6368618	0.9018991094981259	-0.19595479923552245	ENSG00000068438.15	FTSJ1	False
ENST00000508077	175.6739	5.3376994	4.9774694	-0.36022997	0.6167181	0.8947523168136701	-0.20991329586772828	ENSG00000164308.18	ERAP2	False
ENST00000402736	20.00706	1.5301596	1.169669	-0.36049056	0.8205133	0.9592211734013646	-0.0859143706559232	ENSG00000015171.21	ZMYND11	False
ENST00000435381	99.25763	3.8757508	3.515033	-0.36071777	0.68735945	0.9178436063724108	-0.16281609073895148	ENSG00000120694.20	HSPH1	False
ENST00000645119	9.31304	0.8193295	0.45853397	-0.36079553	0.6318729	0.9002255149083827	-0.1993702756573928	ENSG00000122406.14	RPL5	False
ENST00000418559	857.00867	6.286615	5.9254246	-0.36119032	0.8149775	0.9572637073139075	-0.08885436694108277	ENSG00000077232.19	DNAJC10	False
ENST00000650112	129.19713	4.739059	4.3777223	-0.3613367	0.25866383	0.8093544299533921	-0.5872642909015239	ENSG00000172936.18	MYD88	False
ENST00000680398	27.34556	2.4117193	2.0503101	-0.3614092	0.50131047	0.8548764927378353	-0.2998932269138065	ENSG00000159063.14	ALG8	False
ENST00000292644	37.081734	1.2967213	0.9351553	-0.36156607	0.78154135	0.9457125277272185	-0.10704804065482047	ENSG00000161057.13	PSMC2	False
ENST00000368662	11.655748	1.5450292	1.1834626	-0.36156654	0.5322086	0.865635036834895	-0.273918094383685	ENSG00000074935.14	TUBE1	False
ENST00000357182	133.12453	4.4771504	4.115229	-0.3619213	0.5935427	0.8852735739349126	-0.226548035671914	ENSG00000163867.17	ZMYM6	False
ENST00000695578	97.07401	3.723079	3.3610854	-0.36199355	0.7178288	0.9272141667828993	-0.14397911514975065	ENSG00000139496.18	NUP58	True
ENST00000552884	67.90777	3.1831532	2.8211517	-0.36200142	0.74388885	0.9357941244624813	-0.128491947887587	ENSG00000205323.9	SARNP	False
ENST00000263212	487.23895	6.431195	6.0691347	-0.36206007	0.13216794	0.8093544299533921	-0.8788738941720687	ENSG00000100034.14	PPM1F	False
ENST00000576370	49.781918	3.1143408	2.7521472	-0.36219358	0.5496314	0.8698453977153369	-0.25992845107241813	ENSG00000166260.13	COX11	False
ENST00000354586	99.05357	3.1877832	2.82512	-0.36266327	0.81635225	0.9578009348644966	-0.08812240688750983	ENSG00000198252.12	STYX	False
ENST00000319942	9.4	1.1185303	0.75580096	-0.3627293	0.6015311	0.888250341980818	-0.22074192252045421	ENSG00000137955.16	RABGGTB	False
ENST00000679696	271.17316	5.7429786	5.38014	-0.36283875	0.21357527	0.8093544299533921	-0.6704490283034102	ENSG00000149231.16	CCDC82	False
ENST00000244204	81.05702	2.738084	2.3750284	-0.3630557	0.8348213	0.962643068203717	-0.07840648710230548	ENSG00000124357.13	NAGK	False
ENST00000512968	28.218561	1.2479128	0.8845616	-0.36335117	0.7684459	0.9419961737554562	-0.11438669711605134	ENSG00000204628.12	RACK1	False
ENST00000425073	99.995766	3.881669	3.5182266	-0.36344242	0.64666003	0.9052122393073937	-0.18932398200244185	ENSG00000001631.17	KRIT1	False
ENST00000436784	46.03697	3.1325893	2.768931	-0.36365843	0.16929664	0.8093544299533921	-0.7713516684107005	ENSG00000168237.18	GLYCTK	False
ENST00000427538	19.369791	1.9440913	1.5803509	-0.36374044	0.5647448	0.8754772463365315	-0.2481477819070803	ENSG00000155659.15	VSIG4	False
ENST00000217961	52.9031	3.5853071	3.2215095	-0.36379766	0.20028694	0.8093544299533921	-0.6983473691472463	ENSG00000101846.9	STS	False
ENST00000682954	21.48763	1.6560389	1.2921946	-0.36384428	0.6455849	0.9049129263557762	-0.1900466487357888	ENSG00000182923.20	CEP63	False
ENST00000450390	42.82769	1.7219282	1.3580602	-0.363868	0.8412055	0.9640760333298781	-0.07509790796211689	ENSG00000160087.21	UBE2J2	False
ENST00000398938	236.58133	5.65484	5.2907166	-0.36412334	0.32851884	0.8142173533113395	-0.4834397223891006	ENSG00000157551.19	KCNJ15	False
ENST00000361871	1104.3	7.751799	7.387622	-0.36417723	0.33013904	0.8142173533113395	-0.4813031146722272	ENSG00000198736.13	MSRB1	True
ENST00000553885	65.61665	3.6881628	3.3234603	-0.36470246	0.55354226	0.8717781169476696	-0.2568492203111099	ENSG00000042317.17	SPATA7	False
ENST00000431317	60.214703	2.2740183	1.909111	-0.36490726	0.80982107	0.9561147010173113	-0.09161092831361103	ENSG00000032219.19	ARID4A	False
ENST00000470972	47.64553	1.5292263	1.1641588	-0.36506748	0.81670463	0.9579428478523537	-0.08793498188222396	ENSG00000070214.17	SLC44A1	False
ENST00000652580	69.09586	3.4966898	3.131373	-0.36531687	0.6315505	0.9002255149083827	-0.19959192298092568	ENSG00000196646.12	ZNF136	False
ENST00000521416	12.073721	1.1847366	0.81934404	-0.36539257	0.75648504	0.9380515844258299	-0.12119965317575092	ENSG00000043462.13	LCP2	False
ENST00000421882	40.706512	1.9115423	1.5460188	-0.36552346	0.8333155	0.9622308638046718	-0.07919054438698503	ENSG00000071054.17	MAP4K4	False
ENST00000649443	23.388952	2.126932	1.761268	-0.3656639	0.73019105	0.9319445888756163	-0.13656349336411971	ENSG00000106086.21	PLEKHA8	False
ENST00000680083	16.19796	1.0854136	0.7196994	-0.3657142	0.72392815	0.9290277801612368	-0.14030453336133522	ENSG00000185624.16	P4HB	False
ENST00000262187	137.6	4.5157003	4.149785	-0.3659153	0.37515822	0.8220437669135772	-0.4257855327763654	ENSG00000106615.10	RHEB	False
ENST00000357537	205.30254	5.307453	4.9413548	-0.3660984	0.1970761	0.8093544299533921	-0.7053660470230237	ENSG00000133114.18	GPALPP1	False
ENST00000527303	54.408882	3.5891867	3.2229283	-0.36625838	0.35607105	0.8175932215882654	-0.4484633287484716	ENSG00000178209.17	PLEC	False
ENST00000393438	288.79977	5.780539	5.414056	-0.3664832	0.49618733	0.8537766521893764	-0.30435433012567353	ENSG00000176783.15	RUFY1	False
ENST00000677726	20.273413	1.4073828	1.0407913	-0.36659157	0.6988567	0.9212025833663481	-0.15561185978046518	ENSG00000108654.16	DDX5	False
ENST00000505477	8.80966	0.819	0.4524038	-0.3665962	0.6208154	0.8964955924006863	-0.20703752105224824	ENSG00000215375.7	MYL5	True
ENST00000262429	10.9	1.5175499	1.150805	-0.36674488	0.6515369	0.9064197091743617	-0.18606099489757225	ENSG00000064270.13	ATP2C2	False
ENST00000261332	1571.2416	8.239118	7.8723116	-0.36680603	0.092362255	0.8093544299533921	-1.034505473108255	ENSG00000172466.16	ZNF24	False
ENST00000650871	90.55205	2.7934997	2.4264777	-0.36702204	0.8509008	0.96664872149696	-0.07012105330908133	ENSG00000073331.18	ALPK1	False
ENST00000587567	36.71086	2.4325638	2.065265	-0.36729884	0.7103753	0.9246972272508592	-0.14851214204299984	ENSG00000186017.16	ZNF566	True
ENST00000562133	92.966125	3.9846926	3.6172853	-0.36740732	0.56557584	0.8756247794447481	-0.24750915226767123	ENSG00000004779.10	NDUFAB1	False
ENST00000265562	24.4	1.3076133	0.9399028	-0.36771047	0.7775638	0.9443355109842944	-0.10926396069969647	ENSG00000076201.16	PTPN23	False
ENST00000635003	60.636425	3.36141	2.993424	-0.36798596	0.63328296	0.9008682131522836	-0.1984021979217292	ENSG00000196998.19	WDR45	False
ENST00000703706	12.08639	1.0911542	0.72313297	-0.36802125	0.7084178	0.9237315579253875	-0.14971055148229126	ENSG00000078369.19	GNB1	False
ENST00000524902	17.36533	2.231726	1.8631499	-0.36857605	0.61275476	0.8927658698984382	-0.21271330483755185	ENSG00000149480.7	MTA2	False
ENST00000392531	449.03848	6.5543423	6.185658	-0.3686843	0.32764086	0.8142173533113395	-0.4846019411036618	ENSG00000213145.10	CRIP1	False
ENST00000374338	172.5	5.14422	4.775514	-0.36870575	0.41266516	0.8335096573860776	-0.38440219723723856	ENSG00000157978.12	LDLRAP1	False
ENST00000564631	80.9251	4.0862255	3.7173142	-0.36891127	0.7163029	0.9268660837715982	-0.14490330772348767	ENSG00000166479.10	TMX3	True
ENST00000646710	9.763466	1.6778798	1.3089285	-0.36895132	0.7215229	0.9285152025899402	-0.14174986410641488	ENSG00000111817.19	DSE	False
ENST00000222726	11.5	1.3856987	1.016684	-0.36901462	0.49048692	0.8537766521893764	-0.30937256973096433	ENSG00000106004.5	HOXA5	False
ENST00000389798	15.660291	1.2601439	0.8910492	-0.36909467	0.59970266	0.8872137205946347	-0.22206402753299562	ENSG00000136141.15	LRCH1	False
ENST00000646284	127.15364	4.415643	4.0465455	-0.3690977	0.3283206	0.8142173533113395	-0.48370187697141276	ENSG00000126858.19	RHOT1	True
ENST00000408965	1875.2	8.286866	7.9177265	-0.36913967	0.35715044	0.8177495557578855	-0.4471488160352673	ENSG00000221869.5	CEBPD	False
ENST00000303296	184.9339	4.4529257	4.08376	-0.3691659	0.83137447	0.9617724706824102	-0.08020331789032976	ENSG00000110422.12	HIPK3	False
ENST00000306185	47.4	2.981203	2.611883	-0.36932015	0.5460356	0.8693177891645862	-0.2627790512950401	ENSG00000172172.8	MRPL13	False
ENST00000407249	121.50624	3.7100437	3.3406878	-0.36935592	0.7865637	0.9479270330289515	-0.10426610325063898	ENSG00000248333.9	CDK11B	False
ENST00000264343	49.2418	2.8774567	2.50802	-0.36943674	0.66521406	0.9112769672266469	-0.17703857895001582	ENSG00000138639.18	ARHGAP24	False
ENST00000409225	56.87514	2.9254134	2.5557017	-0.36971164	0.64262646	0.9036259336282183	-0.19204139348749263	ENSG00000115561.16	CHMP3	False
ENST00000439590	251.61748	5.2990174	4.929096	-0.3699212	0.61734515	0.894947108003435	-0.20947195640433713	ENSG00000172809.13	RPL38	False
ENST00000674158	15.84715	1.1014599	0.7314534	-0.37000644	0.7249302	0.9292743254121232	-0.13970379146036074	ENSG00000133706.20	LARS1	False
ENST00000595200	80.20125	4.0774055	3.7073886	-0.3700168	0.37283656	0.8210406506591547	-0.4284815077115935	ENSG00000104863.12	LIN7B	False
ENST00000649550	311.58963	4.9487348	4.57855	-0.3701849	0.8479122	0.9657860661311792	-0.07164911985963375	ENSG00000114062.22	UBE3A	False
ENST00000649813	482.1071	6.5950623	6.224732	-0.37033033	0.14078161	0.8093544299533921	-0.851454068731675	ENSG00000126267.11	COX6B1	True
ENST00000432305	16.551588	1.6525165	1.2821662	-0.37035024	0.62184	0.8967648830813091	-0.20632134519600143	ENSG00000051596.10	THOC3	False
ENST00000310421	424.5376	6.354942	5.9845276	-0.37041426	0.1600524	0.8093544299533921	-0.795737798854719	ENSG00000175073.8	VCPIP1	False
ENST00000553606	13.2	1.3982677	1.027677	-0.3705907	0.65518606	0.9081742216773621	-0.18363535330040917	ENSG00000100802.15	C14orf93	False
ENST00000329542	6.8	1.0501218	0.67942256	-0.37069923	0.51259655	0.8577892264817722	-0.2902243231649467	ENSG00000113763.12	UNC5A	False
ENST00000316788	163.7	4.6055408	4.234718	-0.3708229	0.5222765	0.8616542041707533	-0.2820994977069604	ENSG00000177879.17	AP3S1	False
ENST00000429029	157.81914	4.7628474	4.39175	-0.37109756	0.45534036	0.8473426594424552	-0.3416638575925697	ENSG00000105993.15	DNAJB6	False
ENST00000653273	1007.40125	7.444385	7.0732193	-0.37116575	0.30042434	0.8118754707110037	-0.5222648880301135	ENSG00000170892.13	TSEN34	False
ENST00000651952	343.6746	6.1134458	5.742015	-0.37143087	0.007920702	0.8093544299533921	-2.101236326488473	ENSG00000214413.9	BBIP1	True
ENST00000677364	17.529173	1.7166018	1.3450304	-0.37157142	0.705304	0.922584894924629	-0.15162363674695445	ENSG00000140479.18	PCSK6	False
ENST00000361840	115.5332	4.5351276	4.1635466	-0.37158108	0.13961527	0.8093544299533921	-0.8550670871925061	ENSG00000123178.16	SPRYD7	False
ENST00000381652	266.7913	5.3459854	4.974366	-0.37161922	0.5284455	0.8637495285395624	-0.2769998105845976	ENSG00000096968.14	JAK2	False
ENST00000367569	61.9	3.6272156	3.255442	-0.37177372	0.35976338	0.8183252159569281	-0.44398304053034016	ENSG00000169976.7	SF3B5	True
ENST00000548341	675.57776	7.112388	6.740014	-0.37237406	0.43784425	0.8431530977350239	-0.35868035264818576	ENSG00000091039.17	OSBPL8	False
ENST00000650096	296.29257	5.7818036	5.4093695	-0.37243414	0.20537905	0.8093544299533921	-0.6874438509902446	ENSG00000146457.16	WTAP	True
ENST00000331457	131.94402	4.7967362	4.423968	-0.3727684	0.13066354	0.8093544299533921	-0.8838455667758118	ENSG00000185721.14	DRG1	False
ENST00000670783	37.218884	2.9867175	2.6138039	-0.3729136	0.2805814	0.8093544299533921	-0.5519410993830118	ENSG00000186409.19	CCDC30	False
ENST00000334351	184.79726	4.9313645	4.558386	-0.3729787	0.4932132	0.8537766521893764	-0.306965303028965	ENSG00000189266.13	PNRC2	True
ENST00000217515	257.9899	5.690447	5.317361	-0.37308598	0.26189068	0.8093544299533921	-0.5818799573641851	ENSG00000091164.13	TXNL1	False
ENST00000540998	1153.192	7.787289	7.414199	-0.37309027	0.18236391	0.8093544299533921	-0.7390610989500813	ENSG00000197622.13	CDC42SE1	True
ENST00000403662	294.8	5.6919866	5.3186626	-0.37332392	0.337089	0.8158433703746901	-0.47225541654197584	ENSG00000100368.15	CSF2RB	False
ENST00000670357	165.75708	5.1198726	4.746299	-0.37357378	0.35052255	0.81719736681995	-0.45528404006604306	ENSG00000113318.11	MSH3	False
ENST00000614145	350.66162	6.0374007	5.6637926	-0.3736081	0.26761076	0.8093544299533921	-0.5724964309567431	ENSG00000266472.6	MRPS21	False
ENST00000513216	166.17403	4.172445	3.7984827	-0.37396216	0.8188894	0.9581582255060221	-0.08677476138597777	ENSG00000145241.11	CENPC	False
ENST00000293831	570.7606	6.5487123	6.174131	-0.37458134	0.4968211	0.8537766521893764	-0.30379996315576574	ENSG00000161960.16	EIF4A1	False
ENST00000590454	9.776494	1.5811399	1.2063949	-0.374745	0.57352114	0.87762699845426	-0.24145057145675602	ENSG00000198858.10	R3HDM4	False
ENST00000469144	21.6	2.3593023	1.9840257	-0.37527657	0.59688795	0.8865304657230172	-0.22410719139243726	ENSG00000228300.14	FAM174C	False
ENST00000620675	17.035227	1.8295761	1.4541718	-0.37540436	0.4555788	0.8473426594424552	-0.3414364898453018	ENSG00000136098.18	NEK3	False
ENST00000615612	45.60889	3.0748389	2.6992295	-0.3756094	0.5190535	0.85960357922321	-0.2847878604384368	ENSG00000128266.9	GNAZ	False
ENST00000354193	476.8078	6.42018	6.0443716	-0.37580824	0.32546368	0.8142173533113395	-0.48749746610518924	ENSG00000198168.9	SVIP	False
ENST00000263257	18.4	1.9904766	1.61462	-0.37585664	0.31338924	0.8118754707110037	-0.5039159164587391	ENSG00000104967.8	NOVA2	False
ENST00000507193	53.340553	2.9166873	2.5408282	-0.37585902	0.6703816	0.9132738921569098	-0.173677910674157	ENSG00000164163.11	ABCE1	False
ENST00000490506	39.03841	2.299385	1.9232073	-0.3761778	0.7125904	0.9253601269841094	-0.14716003494141403	ENSG00000092036.19	HAUS4	True
ENST00000537063	18.55868	2.0639079	1.6876941	-0.3762138	0.45347	0.8472077019271466	-0.34345144703226094	ENSG00000151148.14	UBE3B	False
ENST00000358738	97.2433	3.3420346	2.9656248	-0.37640977	0.7096023	0.9242892790754901	-0.14898498774854496	ENSG00000126804.14	ZBTB1	False
ENST00000377200	256.6	5.424091	5.047487	-0.37660408	0.34117776	0.81719736681995	-0.467019284505767	ENSG00000188647.13	PTAR1	False
ENST00000417640	37.846016	3.1876125	2.8109338	-0.3766787	0.24016176	0.8093544299533921	-0.6194961394396723	ENSG00000123119.12	NECAB1	False
ENST00000616122	98.94563	1.7780291	1.401273	-0.37675607	0.8407401	0.9640760333298781	-0.07533824587832218	ENSG00000135316.20	SYNCRIP	False
ENST00000522284	19.605253	1.3903166	1.0135595	-0.37675714	0.71857876	0.9276299127137834	-0.1435256264732619	ENSG00000111879.20	FAM184A	False
ENST00000676510	23.639004	1.5613918	1.1845758	-0.37681603	0.68001205	0.9161893522054153	-0.167483393138513	ENSG00000103811.18	CTSH	False
ENST00000490395	36.29848	2.5280292	2.1509726	-0.3770566	0.72413784	0.9290807717108401	-0.14017875616964184	ENSG00000214941.8	ZSWIM7	True
ENST00000262033	768.2626	7.190962	6.813701	-0.37726068	0.2888362	0.8109740254625081	-0.5393483608359917	ENSG00000110958.16	PTGES3	False
ENST00000356467	75.54642	3.7567613	3.3792114	-0.3775499	0.50830346	0.8558786284660064	-0.29387693110781393	ENSG00000054965.11	FAM168A	False
ENST00000523731	17.809578	1.2196454	0.84204835	-0.37759703	0.7338682	0.9332857513397641	-0.13438194158133035	ENSG00000164941.14	INTS8	False
ENST00000397119	119.85478	4.662431	4.2844906	-0.37794018	0.31229568	0.8118754707110037	-0.5054340299101507	ENSG00000077380.16	DYNC1I2	False
ENST00000543984	18.974874	2.2594163	1.8811336	-0.3782828	0.38692096	0.8249689289783401	-0.4123777447523764	ENSG00000135124.16	P2RX4	False
ENST00000474840	24.341	2.008503	1.6301488	-0.3783542	0.6836334	0.9170737297062175	-0.1651767354856087	ENSG00000172366.20	MCRIP2	False
ENST00000560783	71.46519	3.6533234	3.2748632	-0.37846017	0.5861567	0.8824383708277332	-0.2319862473164429	ENSG00000140471.17	LINS1	True
ENST00000378746	121.45597	3.022375	2.6438832	-0.37849188	0.822323	0.9596230182737303	-0.08495754973270175	ENSG00000131437.16	KIF3A	False
ENST00000366645	116.93939	4.5497375	4.1712275	-0.37851	0.31396547	0.8118754707110037	-0.5031181136699163	ENSG00000116903.7	EXOC8	False
ENST00000591938	43.68733	3.292824	2.9143047	-0.3785193	0.3742678	0.8216366408512873	-0.42681755103829255	ENSG00000125503.13	PPP1R12C	False
ENST00000568254	218.09872	5.057056	4.6781034	-0.3789525	0.48706445	0.8529381765683051	-0.312413566808749	ENSG00000117616.18	RSRP1	False
ENST00000550784	59.658028	2.8155286	2.4365194	-0.37900925	0.7547172	0.9371634648147282	-0.12221576890462427	ENSG00000129317.15	PUS7L	False
ENST00000235382	1263.0	7.81196	7.432832	-0.37912846	0.35289174	0.8172002775093227	-0.4523585029660506	ENSG00000116741.8	RGS2	False
ENST00000706905	17271.424	11.7967415	11.417575	-0.3791666	0.43428484	0.842654100473947	-0.3622253346559874	ENSG00000206503.15	HLA-A	False
ENST00000512737	269.23016	5.6764092	5.297077	-0.37933207	0.38511392	0.8242482227560738	-0.41441077810754556	ENSG00000243678.12	NME2	False
ENST00000261560	276.83148	5.756428	5.3769712	-0.37945652	0.18929473	0.8093544299533921	-0.7228614866710962	ENSG00000118620.13	ZNF430	False
ENST00000547529	1340.4288	7.926184	7.546705	-0.3794794	0.24509478	0.8093544299533921	-0.6106659450182527	ENSG00000187109.15	NAP1L1	True
ENST00000535788	1366.2991	8.173924	7.794153	-0.37977123	0.50675803	0.8558786284660064	-0.29519935720075036	ENSG00000170315.14	UBB	False
ENST00000430811	36.842743	2.216266	1.836329	-0.37993693	0.7243795	0.9291173189122098	-0.140033860813657	ENSG00000205531.14	NAP1L4	False
ENST00000558788	155.28413	4.852971	4.47294	-0.3800311	0.39792505	0.8298121044971967	-0.40019872149958396	ENSG00000100938.19	GMPR2	True
ENST00000251303	9.688841	1.1518763	0.77176934	-0.380107	0.5284318	0.8637495285395624	-0.2770110773096287	ENSG00000132207.18	SLX1A	False
ENST00000330181	9.688841	1.1518763	0.77176934	-0.380107	0.5284318	0.8637495285395624	-0.2770110773096287	ENSG00000181625.18	SLX1B	False
ENST00000399292	27.473309	2.5459101	2.1657314	-0.3801787	0.6603566	0.9103157985469302	-0.18022148955875122	ENSG00000205670.12	SMIM11	False
ENST00000622179	1550.3625	7.9636683	7.582991	-0.38067722	0.34346053	0.81719736681995	-0.4641231641927375	ENSG00000198053.12	SIRPA	False
ENST00000380079	1272.3024	7.5819488	7.201135	-0.3808136	0.3401711	0.81719736681995	-0.4683025872676631	ENSG00000127954.13	STEAP4	False
ENST00000254691	94.87717	4.2208104	3.8396516	-0.38115883	0.40610617	0.8315413729275363	-0.3913604079235484	ENSG00000132357.14	CARD6	False
ENST00000539387	38.35974	2.2972798	1.9160789	-0.3812009	0.7883722	0.9488931661220348	-0.10326868819454144	ENSG00000109390.13	NDUFC1	False
ENST00000342220	202.5878	5.0081406	4.6269026	-0.38123798	0.46888733	0.8496539504698483	-0.32893150318698744	ENSG00000182871.16	COL18A1	False
ENST00000271324	863.3	7.30019	6.9188643	-0.38132572	0.34263507	0.81719736681995	-0.46516819334229076	ENSG00000143119.14	CD53	False
ENST00000398665	38.695477	2.8773832	2.4957364	-0.38164687	0.41071916	0.832617160533705	-0.38645504083692545	ENSG00000104885.19	DOT1L	False
ENST00000633794	11.7	1.3618011	0.9798187	-0.38198245	0.63933486	0.9030065409848047	-0.19427161655548952	ENSG00000146122.17	DAAM2	False
ENST00000337702	39.070457	2.5800924	2.1978533	-0.3822391	0.6878679	0.9178436063724108	-0.1624949695472936	ENSG00000113638.14	TTC33	False
ENST00000554713	25.66161	1.7744803	1.3918307	-0.38264966	0.73517233	0.9332857513397641	-0.1336108462566685	ENSG00000156411.10	ATP5MJ	False
ENST00000672698	49.504543	3.299451	2.9167843	-0.38266683	0.49319378	0.8537766521893764	-0.30698241325999226	ENSG00000138696.11	BMPR1B	False
ENST00000269195	506.6761	6.2965236	5.913721	-0.3828025	0.47562283	0.8500511168776734	-0.32273730478880014	ENSG00000141429.14	GALNT1	False
ENST00000271450	5542.999	9.9845495	9.601584	-0.3829651	0.31007582	0.8118754707110037	-0.5085320998397491	ENSG00000143226.16	FCGR2A	False
ENST00000525085	109.51329	3.8701837	3.486922	-0.38326168	0.6403127	0.9030378888992515	-0.19360790348871973	ENSG00000151366.13	NDUFC2	False
ENST00000412309	147.21811	4.771095	4.3878193	-0.3832755	0.3449159	0.81719736681995	-0.46228678919285	ENSG00000110077.15	MS4A6A	False
ENST00000262932	11.292633	1.3231903	0.9398787	-0.38331163	0.60192466	0.8884027676839197	-0.22045786545318694	ENSG00000166997.8	CNPY4	False
ENST00000263202	318.4	6.024217	5.6408186	-0.38339853	0.31061816	0.8118754707110037	-0.5077731542315567	ENSG00000070010.19	UFD1	False
ENST00000565502	39.43589	2.2615764	1.8781499	-0.38342655	0.63244647	0.9004884217640254	-0.19897622855492816	ENSG00000069943.10	PIGB	False
ENST00000699515	94.01411	4.1507483	3.7670977	-0.38365054	0.51180476	0.8573422501952089	-0.29089567973054004	ENSG00000151327.14	FAM177A1	False
ENST00000508608	23.63564	1.6880336	1.3041835	-0.3838501	0.8118106	0.956660864285707	-0.09054527551491946	ENSG00000153113.24	CAST	False
ENST00000415899	22.467037	2.1652057	1.7811944	-0.38401127	0.6442361	0.9043177692507586	-0.19095495121296238	ENSG00000133056.14	PIK3C2B	False
ENST00000464506	99.1	3.7565343	3.3723364	-0.38419795	0.64306134	0.9036380088385125	-0.1917475989419461	ENSG00000123595.8	RAB9A	False
ENST00000398803	334.37	5.851416	5.4671197	-0.38429642	0.2748127	0.8093544299533921	-0.5609632035553125	ENSG00000119471.15	HSDL2	False
ENST00000360697	26.51969	2.3806846	1.996367	-0.38431764	0.7053211	0.922584894924629	-0.1516131401423787	ENSG00000197381.18	ADARB1	False
ENST00000638062	17.946348	1.9852201	1.6007233	-0.3844968	0.579537	0.8801492864119468	-0.2369188508501642	ENSG00000235387.5	SPAAR	False
ENST00000366911	62.32246	3.085673	2.701068	-0.38460517	0.7415602	0.9352048186784584	-0.12985357496099076	ENSG00000026652.15	AGPAT4	False
ENST00000549578	145.07155	4.0180087	3.633401	-0.3846078	0.7101895	0.9246349393758042	-0.1486257399049175	ENSG00000111237.19	VPS29	False
ENST00000439962	226.2666	5.268379	4.8835607	-0.38481855	0.3694732	0.8194459451468774	-0.432417070778331	ENSG00000116406.20	EDEM3	True
ENST00000494961	23.07156	1.1642646	0.77936006	-0.3849045	0.73175687	0.9325494660850714	-0.13563319394716164	ENSG00000147010.19	SH3KBP1	False
ENST00000582384	12.61256	1.543239	1.1582792	-0.38495982	0.64866775	0.9058007019088778	-0.18797769163964806	ENSG00000109084.14	TMEM97	False
ENST00000527353	82.8759	3.6791344	3.2941718	-0.38496256	0.5304391	0.8648242843919811	-0.27536448783591866	ENSG00000255072.2	PIGY	False
ENST00000273968	82.8759	3.6791344	3.2941718	-0.38496256	0.5304391	0.8648242843919811	-0.27536448783591866	ENSG00000145337.5	PYURF	False
ENST00000380668	18.43306	1.9853185	1.6003418	-0.38497674	0.6851807	0.9173021276178854	-0.1641948636323142	ENSG00000101911.13	PRPS2	False
ENST00000318967	77.5933	3.914858	3.5294328	-0.38542533	0.324287	0.8142173533113395	-0.4890704645436052	ENSG00000143624.14	INTS3	False
ENST00000678838	52.7617	3.1595232	2.774067	-0.38545632	0.4258877	0.8389266064589959	-0.3707048985676974	ENSG00000247596.10	TWF2	False
ENST00000538597	154.029	4.534736	4.149168	-0.38556814	0.61747754	0.894947108003435	-0.20937883739007573	ENSG00000149231.16	CCDC82	False
ENST00000319550	163.42102	4.606894	4.221283	-0.38561106	0.5279719	0.8637495285395624	-0.27738917189386947	ENSG00000178425.14	NT5DC1	False
ENST00000541929	345.2666	5.7467804	5.361078	-0.3857026	0.43620333	0.842654100473947	-0.360311022564985	ENSG00000084110.11	HAL	False
ENST00000265343	189.48245	5.127851	4.742058	-0.3857932	0.34438393	0.81719736681995	-0.462957128298752	ENSG00000072364.13	AFF4	False
ENST00000704822	7.93144	1.2279588	0.8417905	-0.3861683	0.71656364	0.9268730199474257	-0.1447452314315611	ENSG00000129116.20	PALLD	False
ENST00000390387	6.7	0.76794666	0.38140646	-0.3865402	0.4804821	0.8507787223054524	-0.3183227857070595	ENSG00000237702.2	TRBV3-1	False
ENST00000239944	1276.6523	7.8046227	7.4178553	-0.3867674	0.3486387	0.81719736681995	-0.4576243898449396	ENSG00000120742.11	SERP1	False
ENST00000604203	13.71611	1.2669907	0.88000965	-0.386981	0.6285542	0.8996601753811819	-0.2016572500567329	ENSG00000271092.5	TLCD4-RWDD3	False
ENST00000651828	50.13228	3.366396	2.9792395	-0.3871565	0.6543138	0.9077159611397232	-0.184213918183189	ENSG00000204677.14	FAM153CP	False
ENST00000688924	705.30145	7.1060843	6.718901	-0.3871832	0.098687924	0.8093544299533921	-1.0057359847962408	ENSG00000157514.18	TSC22D3	False
ENST00000328656	810.67413	7.3350425	6.947859	-0.38718367	0.1933484	0.8093544299533921	-0.7136594335303846	ENSG00000157551.19	KCNJ15	False
ENST00000587349	32.41155	2.7103271	2.323114	-0.38721323	0.5452305	0.8692662506126195	-0.26341985162587234	ENSG00000189164.15	ZNF527	True
ENST00000710415	13.3	1.8207331	1.4334543	-0.3872788	0.23103301	0.8093544299533921	-0.6363259594033497	ENSG00000161981.11	SNRNP25	True
ENST00000293861	13.3	1.8207331	1.4334543	-0.3872788	0.23103301	0.8093544299533921	-0.6363259594033497	ENSG00000161981.11	SNRNP25	False
ENST00000574107	42.34204	2.0805275	1.693219	-0.3873086	0.7697264	0.9422918670008684	-0.1136636202744708	ENSG00000185298.13	CCDC137	False
ENST00000422514	11691.422	10.9400215	10.552567	-0.387455	0.42164817	0.838029552988072	-0.3750497755591865	ENSG00000198242.14	RPL23A	False
ENST00000296046	15.7	1.6877514	1.2997894	-0.38796198	0.639387	0.9030065409848047	-0.19423619020853583	ENSG00000163751.4	CPA3	False
ENST00000528853	27.233326	2.2182562	1.8300738	-0.3881824	0.7033823	0.92220189075705	-0.15280855634016133	ENSG00000131626.19	PPFIA1	False
ENST00000677084	734.1372	6.7674236	6.3791676	-0.38825607	0.46947587	0.8496539504698483	-0.3283867288688308	ENSG00000104408.11	EIF3E	False
ENST00000295633	10.812868	1.6867758	1.2985004	-0.38827538	0.6496553	0.9059168869193345	-0.18731702585120868	ENSG00000163430.13	FSTL1	False
ENST00000583509	124.53188	4.5367484	4.148198	-0.38855028	0.34877306	0.81719736681995	-0.4574570655313525	ENSG00000162836.12	ACP6	True
ENST00000581041	30.970997	1.3494753	0.9606212	-0.3888541	0.76781625	0.941626094531571	-0.11474270326233157	ENSG00000146872.19	TLK2	False
ENST00000315870	307.03824	5.8716807	5.4825654	-0.38911533	0.34114414	0.81719736681995	-0.4670620786356784	ENSG00000071243.16	ING3	False
ENST00000360507	142.6516	4.9137974	4.5246353	-0.38916206	0.4530344	0.8472077019271466	-0.3438688188014319	ENSG00000115649.16	CNPPD1	False
ENST00000575197	42.721424	3.0217903	2.6321976	-0.38959265	0.6773061	0.9151541648517211	-0.16921500298334202	ENSG00000108590.11	MED31	True
ENST00000456367	26.091162	2.4026206	2.0129082	-0.38971233	0.6859352	0.9173021276178854	-0.16371691043432593	ENSG00000184226.15	PCDH9	False
ENST00000466758	84.500725	3.6799412	3.2898617	-0.3900795	0.485211	0.8528619444606792	-0.3140693487992533	ENSG00000058063.16	ATP11B	True
ENST00000396158	72.4811	3.0727413	2.6826158	-0.3901255	0.7972513	0.9517793571964572	-0.09840477257186128	ENSG00000150527.18	MIA2	False
ENST00000652197	63.922707	3.7871437	3.3966818	-0.39046192	0.19383578	0.8093544299533921	-0.7125660537406017	ENSG00000091106.19	NLRC4	False
ENST00000610682	153.7163	4.8401356	4.449353	-0.39078236	0.6177775	0.8950007964465299	-0.2091678945895619	ENSG00000197724.12	PHF2	False
ENST00000246163	38.945675	2.8536594	2.4628448	-0.39081454	0.423279	0.8383133222409976	-0.37337329041897144	ENSG00000125952.21	MAX	False
ENST00000220853	152.1666	4.7582555	4.367063	-0.39119244	0.31315395	0.8118754707110037	-0.5042421026362389	ENSG00000104412.8	EMC2	False
ENST00000265107	20.349625	2.2297573	1.838398	-0.39135933	0.6449301	0.9047032145151336	-0.1904873369651893	ENSG00000082068.9	WDR70	False
ENST00000679224	306.2492	5.7680397	5.3761625	-0.39187717	0.4111666	0.8330998809981174	-0.38598216250818274	ENSG00000109861.17	CTSC	False
ENST00000506238	22.370846	1.9942589	1.6023209	-0.39193797	0.6766725	0.9148772584425436	-0.16962146118949106	ENSG00000164024.12	METAP1	False
ENST00000537163	79.511635	3.3701575	2.9781966	-0.39196086	0.7689008	0.9421020642731878	-0.11412968064300971	ENSG00000165819.12	METTL3	False
ENST00000591522	25.632763	1.6625557	1.2704538	-0.39210188	0.71548235	0.9263524993499126	-0.14540107271294095	ENSG00000167216.19	KATNAL2	False
ENST00000339914	37.95243	2.8369138	2.4447281	-0.3921857	0.46174952	0.8481416265840513	-0.33559354369978717	ENSG00000196268.12	ZNF493	False
ENST00000437070	25.132097	1.6107718	1.218342	-0.39242983	0.7350276	0.9332857513397641	-0.13369634637058844	ENSG00000163961.4	RNF168	False
ENST00000419147	18.37701	1.2643131	0.8715748	-0.39273828	0.7507366	0.9364552947652945	-0.12451241419643223	ENSG00000005469.12	CROT	False
ENST00000399696	131.8669	4.558506	4.1654763	-0.3930297	0.5501091	0.8698453977153369	-0.25955117995765614	ENSG00000186184.20	POLR1D	True
ENST00000525634	1231.3969	7.688482	7.2951927	-0.3932891	0.48532987	0.8529349174042961	-0.31396298208746665	ENSG00000110700.7	RPS13	False
ENST00000592478	58.233326	3.3645048	2.9711652	-0.39333963	0.4511466	0.8472077019271466	-0.34568230874812733	ENSG00000079999.14	KEAP1	True
ENST00000345254	35.7	2.8694746	2.475847	-0.39362764	0.42091694	0.8376899436219433	-0.37580359062187757	ENSG00000176986.16	SEC24C	False
ENST00000266058	11.142981	1.1450521	0.7511809	-0.3938712	0.5846324	0.8819641855083519	-0.23311712240770088	ENSG00000187122.17	SLIT1	False
ENST00000361007	36.50979	2.732958	2.339086	-0.39387202	0.6997385	0.9212025833663481	-0.15506422875428727	ENSG00000197879.17	MYO1C	False
ENST00000678337	80.42058	3.8687027	3.4746883	-0.39401436	0.27839667	0.8093544299533921	-0.5553359699407006	ENSG00000143387.14	CTSK	False
ENST00000378017	50.96866	3.2983038	2.9041986	-0.3941052	0.50466704	0.8558118224737062	-0.29699505510914126	ENSG00000170873.19	MTSS1	False
ENST00000585322	29.796234	2.635945	2.2416651	-0.39427996	0.42994183	0.840824720967489	-0.3665902962983531	ENSG00000081923.15	ATP8B1	False
ENST00000691260	127.773605	4.5573325	4.162713	-0.39461946	0.43358895	0.842654100473947	-0.3629217924800285	ENSG00000103018.18	CYB5B	False
ENST00000576251	26.550953	2.3379738	1.9428685	-0.39510536	0.44971234	0.8470024537044705	-0.3470651991325801	ENSG00000101574.15	METTL4	False
ENST00000312814	245.12788	5.446299	5.050878	-0.39542103	0.26611745	0.8093544299533921	-0.5749266408834317	ENSG00000146802.13	TMEM168	False
ENST00000348824	70.27229	3.3572922	2.9611797	-0.39611244	0.7648134	0.9407861862454446	-0.11644449841011599	ENSG00000085511.20	MAP3K4	False
ENST00000367660	42.6	3.2960832	2.8994436	-0.3966396	0.35325736	0.8173803121090482	-0.45190878337116164	ENSG00000146386.8	ABRACL	False
ENST00000398958	44.303307	2.9073143	2.510487	-0.39682722	0.6857614	0.9173021276178854	-0.16382696900632313	ENSG00000180198.17	RCC1	False
ENST00000508493	2317.396	8.679667	8.282581	-0.39708614	0.37340796	0.821489341905062	-0.4278164284321337	ENSG00000145592.14	RPL37	False
ENST00000366644	23.787735	2.1561756	1.758982	-0.39719367	0.67988867	0.9161458768927038	-0.1675621988249313	ENSG00000010072.16	SPRTN	True
ENST00000320876	2864.8152	8.858157	8.460579	-0.39757824	0.3019981	0.8118754707110037	-0.5199957769637732	ENSG00000101596.17	SMCHD1	False
ENST00000489090	70.70698	3.3484275	2.9505596	-0.39786792	0.63075453	0.8998400021113475	-0.2001396214546776	ENSG00000240045.2	STRIT1	False
ENST00000377803	247.7	5.4856887	5.087602	-0.39808655	0.44445997	0.8456860763700531	-0.3521673427275707	ENSG00000197061.5	H4C3	False
ENST00000600880	2742.3572	8.977221	8.579029	-0.39819145	0.29412293	0.8111088466013822	-0.5314711099043826	ENSG00000197756.10	RPL37A	False
ENST00000356763	27.288013	2.1445272	1.7463146	-0.39821255	0.636348	0.9017657996752861	-0.19630531029386997	ENSG00000196455.8	PIK3R4	False
ENST00000610329	30.472462	1.3255754	0.92733765	-0.3982377	0.7658143	0.9410582432937948	-0.11587652589243427	ENSG00000167110.19	GOLGA2	False
ENST00000473233	22.659744	2.3913481	1.9930735	-0.39827466	0.4827821	0.851569857375474	-0.31624884440650297	ENSG00000053524.13	MCF2L2	False
ENST00000647553	9.45567	1.1049529	0.7066707	-0.39828223	0.70125896	0.9217726749532363	-0.1541215783297582	ENSG00000178401.16	DNAJC22	False
ENST00000591776	1180.4219	7.514683	7.1161084	-0.39857435	0.27808216	0.8093544299533921	-0.5558268684959474	ENSG00000173812.11	EIF1	False
ENST00000478442	19.10242	1.7011331	1.3023803	-0.3987528	0.6865577	0.9174747225121174	-0.16332295128184723	ENSG00000152061.24	RABGAP1L	True
ENST00000684405	419.6647	6.3092446	5.9104857	-0.3987589	0.43119395	0.8410214692507391	-0.36532734350536417	ENSG00000119402.18	FBXW2	False
ENST00000009041	45.16581	2.6930034	2.2936854	-0.39931798	0.6228674	0.8972038910455719	-0.20560439511552445	ENSG00000010270.14	STARD3NL	False
ENST00000369722	892.7106	7.337457	6.9381227	-0.39933443	0.23950224	0.8093544299533921	-0.6206904271962845	ENSG00000116459.11	ATP5PB	False
ENST00000232375	68.82428	3.8888788	3.4895055	-0.3993733	0.10876443	0.8093544299533921	-0.9635131023451375	ENSG00000114268.12	PFKFB4	False
ENST00000376782	28.033041	2.5250108	2.1252654	-0.39974546	0.4446102	0.8456860763700531	-0.352020570099221	ENSG00000066379.15	POLR1H	True
ENST00000314261	109.4481	2.6419075	2.2420201	-0.39988732	0.828747	0.9615679820520636	-0.08157804407634148	ENSG00000138468.16	SENP7	False
ENST00000552984	16.401749	1.7418386	1.3417059	-0.40013266	0.61396855	0.8932568117461984	-0.21185387382290716	ENSG00000123416.15	TUBA1B	True
ENST00000465118	523.8446	6.5743694	6.174227	-0.4001422	0.33326724	0.8148546909488805	-0.47720737293110466	ENSG00000117151.13	CTBS	False
ENST00000285379	46.2	3.0057306	2.6055741	-0.4001565	0.6550791	0.9081242054838492	-0.18370623884000672	ENSG00000104267.10	CA2	False
ENST00000633200	40.907524	2.113281	1.71311	-0.40017104	0.627307	0.8989627111291949	-0.2025198677654474	ENSG00000048740.19	CELF2	True
ENST00000229328	70.66284	3.0908859	2.690558	-0.40032792	0.7345666	0.9332857513397641	-0.13396880536653696	ENSG00000111725.11	PRKAB1	False
ENST00000682696	74.71156	2.9734936	2.5731444	-0.40034914	0.77456963	0.9437295648427275	-0.11093953486280499	ENSG00000138095.20	LRPPRC	True
ENST00000562150	24.482113	1.4544338	1.0540792	-0.40035462	0.7597504	0.9388914805599066	-0.11932904783991703	ENSG00000087263.17	OGFOD1	False
ENST00000429160	219.94821	5.288276	4.887872	-0.40040398	0.3523669	0.8172002775093227	-0.45300490110699554	ENSG00000163960.12	UBXN7	True
ENST00000411591	55.815907	2.3008797	1.9004514	-0.4004283	0.703903	0.9222985764678387	-0.1524871718642098	ENSG00000161217.12	PCYT1A	False
ENST00000548752	91.31241	3.5537345	3.1533058	-0.40042877	0.642546	0.9036259336282183	-0.19209577693920937	ENSG00000258289.10	CHURC1	True
ENST00000559006	160.48009	4.9448037	4.544196	-0.4006076	0.49430057	0.8537766521893764	-0.30600888516375624	ENSG00000166128.13	RAB8B	False
ENST00000646407	76.61127	3.3880503	2.9872534	-0.4007969	0.6606472	0.9103157985469302	-0.1800303924792687	ENSG00000010278.15	CD9	False
ENST00000438103	75.1	3.8270388	3.4261844	-0.40085435	0.40061852	0.8298121044971967	-0.397268974146915	ENSG00000064932.16	SBNO2	False
ENST00000620340	227.79825	5.3587413	4.9578695	-0.40087175	0.24802564	0.8093544299533921	-0.6055034195689345	ENSG00000072133.12	RPS6KA6	False
ENST00000368919	13.1763	1.215447	0.8145031	-0.40094388	0.65608674	0.9086711018784973	-0.18303873766278342	ENSG00000004809.14	SLC22A16	False
ENST00000699353	10.532049	1.2761607	0.8751434	-0.4010173	0.71594554	0.9265502829511497	-0.14512001089011603	ENSG00000116044.17	NFE2L2	False
ENST00000493598	82.0781	1.7270123	1.3258529	-0.4011594	0.78544384	0.9473372535610051	-0.10488486065947537	ENSG00000163714.18	U2SURP	False
ENST00000638443	110.1653	4.4378	4.0365763	-0.40122366	0.65750635	0.9093846377021181	-0.1821000507095295	ENSG00000149311.22	ATM	False
ENST00000684842	362.88516	5.9822316	5.580968	-0.4012637	0.32614952	0.8142173533113395	-0.4865832519613015	ENSG00000023318.9	ERP44	True
ENST00000696907	12.475695	1.695418	1.2941215	-0.4012965	0.6538993	0.9074378143579566	-0.18448911956697728	ENSG00000138448.13	ITGAV	False
ENST00000687203	491.1	6.472023	6.070623	-0.4014001	0.23402229	0.8093544299533921	-0.6307427761276441	ENSG00000147533.19	GOLGA7	False
ENST00000297029	286.86774	5.900087	5.498481	-0.40160608	0.16569486	0.8093544299533921	-0.7806909567421655	ENSG00000006747.15	SCIN	False
ENST00000254616	72.11949	3.9281685	3.5262277	-0.40194082	0.47266763	0.8499057698083538	-0.3254441346229688	ENSG00000132286.12	TIMM10B	False
ENST00000348343	48.0	2.0906136	1.6882772	-0.40233636	0.7767612	0.9442272701652389	-0.10971249042658038	ENSG00000102010.15	BMX	False
ENST00000583482	14.007731	1.7973114	1.3949357	-0.4023757	0.71118593	0.9250055684360596	-0.1480168426536476	ENSG00000128487.19	SPECC1	False
ENST00000477053	110.431496	4.431436	4.028741	-0.40269518	0.38225278	0.823716002720574	-0.417649344486874	ENSG00000134490.14	TMEM241	False
ENST00000251241	123.812294	4.673678	4.270939	-0.40273905	0.48170742	0.8508696399096464	-0.3172166604221445	ENSG00000108406.10	DHX40	False
ENST00000689700	32.939476	2.4716206	2.0688348	-0.40278578	0.6821787	0.9165294746754324	-0.16610186010380854	ENSG00000077092.20	RARB	False
ENST00000332408	7.5	1.1380867	0.7352434	-0.4028433	0.44659385	0.8459831455694948	-0.3500872610223926	ENSG00000185634.12	SHC4	False
ENST00000260408	813.77783	7.164761	6.7618427	-0.40291834	0.22014381	0.8093544299533921	-0.6572935216863168	ENSG00000137845.15	ADAM10	False
ENST00000379731	313.30536	5.91186	5.508915	-0.40294504	0.18175656	0.8093544299533921	-0.7405099150049559	ENSG00000086062.13	B4GALT1	False
ENST00000530401	75.3404	3.77683	3.3734097	-0.4034202	0.31551766	0.8118754707110037	-0.5009763221766037	ENSG00000110429.14	FBXO3	False
ENST00000519900	37.612354	2.3924015	1.9887254	-0.40367603	0.71185464	0.9253207749023556	-0.14760868183751982	ENSG00000104324.16	CPQ	False
ENST00000627653	299.49408	5.926331	5.52258	-0.4037509	0.098993585	0.8093544299533921	-1.0043929498529096	ENSG00000143198.13	MGST3	False
ENST00000414062	94.76827	4.2632847	3.859488	-0.40379667	0.14875837	0.8093544299533921	-0.8275185986334452	ENSG00000241468.8	ATP5MF	False
ENST00000636715	250.23405	5.542622	5.1387463	-0.40387583	0.33057454	0.8142173533113395	-0.4807305947188494	ENSG00000104763.20	ASAH1	True
ENST00000441493	19.605703	1.9624276	1.5585029	-0.4039247	0.505802	0.8558786284660064	-0.2960194785786181	ENSG00000243156.9	MICAL3	False
ENST00000599699	44.7	3.2164733	2.8124151	-0.40405822	0.4296564	0.840824720967489	-0.3668787285078494	ENSG00000130511.16	SSBP4	False
ENST00000243644	14.486374	1.518426	1.1137097	-0.40471625	0.63954735	0.9030211248450054	-0.19412729759081804	ENSG00000256683.7	ZNF350	False
ENST00000637790	783.7905	7.1246433	6.7198114	-0.4048319	0.195988	0.8093544299533921	-0.7077705201581984	ENSG00000104763.20	ASAH1	False
ENST00000288943	17.7	1.8443207	1.4393218	-0.4049989	0.56922567	0.8765854640342583	-0.24471552388399118	ENSG00000158050.5	DUSP2	False
ENST00000369718	82.97938	4.006771	3.6011553	-0.4056158	0.7222145	0.9285152025899402	-0.1413337844182679	ENSG00000143110.12	C1orf162	False
ENST00000266037	25.7	2.4830477	2.0772152	-0.40583253	0.4851779	0.8528619444606792	-0.3140989856904524	ENSG00000088538.13	DOCK3	False
ENST00000593572	104.60488	4.462382	4.0565367	-0.40584517	0.54188377	0.8677958347030249	-0.2660938590622094	ENSG00000105374.10	NKG7	False
ENST00000406566	164.07735	4.2713046	3.8653228	-0.40598178	0.7227961	0.9287220764812147	-0.14098420994992886	ENSG00000100036.13	SLC35E4	False
ENST00000438666	18.97913	1.4971291	1.0910883	-0.4060408	0.78732324	0.9484225667193386	-0.1038469309283498	ENSG00000133104.14	SPART	False
ENST00000361092	119.474075	4.3637066	3.957377	-0.40632963	0.43499112	0.842654100473947	-0.36151960744350875	ENSG00000106733.21	NMRK1	False
ENST00000239231	166.3682	4.9215336	4.51519	-0.40634346	0.3575168	0.8177495557578855	-0.4467035511305396	ENSG00000120137.7	PANK3	False
ENST00000367875	89.4222	3.956083	3.549627	-0.406456	0.47820702	0.8504371505934152	-0.32038405102979084	ENSG00000143157.12	POGK	False
ENST00000311637	50.380486	3.0404618	2.6339312	-0.40653062	0.68987316	0.9186431748190395	-0.16123075192918981	ENSG00000054793.14	ATP9A	False
ENST00000262093	557.25586	6.9642467	6.5577116	-0.40653515	0.58517635	0.8819641855083519	-0.23271323525116772	ENSG00000066926.13	FECH	False
ENST00000324794	111.931564	4.3102875	3.9037435	-0.40654397	0.4589895	0.847884044482156	-0.33819724847178634	ENSG00000078043.16	PIAS2	False
ENST00000519718	1339.2887	8.12284	7.7162867	-0.40655327	0.18542382	0.8093544299533921	-0.7318344732343051	ENSG00000272772.2	ENSG00000272772	False
ENST00000303617	17.5	1.4540511	1.0473793	-0.40667188	0.65698993	0.9090455162881148	-0.1824412856672869	ENSG00000148090.12	AUH	False
ENST00000613478	133.2	4.7234464	4.3165965	-0.40684986	0.13089101	0.8093544299533921	-0.8830901805669868	ENSG00000277972.2	CISD3	False
ENST00000598959	93.066826	4.058448	3.6509652	-0.40748262	0.39796767	0.8298121044971967	-0.40015221154413805	ENSG00000105373.19	NOP53	False
ENST00000215631	191.9	5.0453153	4.6376657	-0.40764952	0.19644062	0.8093544299533921	-0.706768698944018	ENSG00000099860.9	GADD45B	False
ENST00000395761	52.796898	2.8412578	2.4335103	-0.4077475	0.47988817	0.8506902620804366	-0.31885995511273607	ENSG00000163739.5	CXCL1	False
ENST00000263440	80.0	4.01113	3.6029186	-0.40821123	0.4293208	0.840824720967489	-0.36721805767584853	ENSG00000088035.18	ALG6	False
ENST00000568146	15.876497	1.7446734	1.3364148	-0.40825856	0.5158396	0.8587697515903885	-0.28748534057680675	ENSG00000140939.15	NOL3	False
ENST00000651761	57.33892	2.3424108	1.934102	-0.40830874	0.72253567	0.9286248047389778	-0.14114070799495082	ENSG00000143742.14	SRP9	True
ENST00000377017	98.6664	3.7861478	3.377736	-0.40841174	0.77923214	0.9448926891229725	-0.10833314053858313	ENSG00000102265.12	TIMP1	False
ENST00000438394	63.714233	2.878709	2.46987	-0.408839	0.6549324	0.9080729561652916	-0.1838035376102525	ENSG00000163563.8	MNDA	False
ENST00000408968	177.78311	5.096505	4.687559	-0.40894604	0.56641257	0.8757924607363589	-0.24686711867881506	ENSG00000185885.17	IFITM1	False
ENST00000648086	14.112696	1.4437641	1.0348068	-0.40895724	0.5036152	0.8556848333281974	-0.2979011701405435	ENSG00000285733.1	ENSG00000285733	False
ENST00000524583	307.75018	5.820062	5.411077	-0.40898514	0.35296798	0.8172002775093227	-0.4522646935230664	ENSG00000109536.13	FRG1	True
ENST00000539697	7.05696	1.2797027	0.870667	-0.40903568	0.74183	0.9352195071985765	-0.1296956126217985	ENSG00000162819.12	BROX	False
ENST00000281631	451.3941	6.156241	5.7468004	-0.40944052	0.44075373	0.8446156514523803	-0.3558040054978432	ENSG00000151883.20	PARP8	False
ENST00000375661	92.9	4.071799	3.6623178	-0.40948105	0.59480286	0.8857079187793583	-0.22562695451548634	ENSG00000204392.11	LSM2	True
ENST00000554280	8.267751	1.4702967	1.0607467	-0.40955007	0.60532373	0.8899892143002557	-0.21801229910767864	ENSG00000126214.22	KLC1	False
ENST00000242719	686.7	7.0449605	6.6350784	-0.40988207	0.48913276	0.8532668149653283	-0.3105732472996112	ENSG00000123091.5	RNF11	True
ENST00000320848	761.5	7.131799	6.7219024	-0.40989685	0.23910001	0.8093544299533921	-0.6214204071682343	ENSG00000178988.11	MRFAP1L1	False
ENST00000528385	15.935063	1.7141305	1.3040515	-0.410079	0.6239165	0.8979233606519958	-0.20487352422200325	ENSG00000198945.8	L3MBTL3	True
ENST00000673968	273.23788	5.567585	5.1572995	-0.41028547	0.33896127	0.8169356673913057	-0.46984991741822035	ENSG00000198728.11	LDB1	False
ENST00000471058	24.774105	1.8456522	1.4351437	-0.4105085	0.5715382	0.8771087760526473	-0.24295472974710322	ENSG00000214021.19	TTLL3	False
ENST00000332853	80.24394	3.9622571	3.551413	-0.4108441	0.46735442	0.8496539504698483	-0.33035364854863936	ENSG00000165633.13	VSTM4	False
ENST00000370913	8.558142	1.1891586	0.77813077	-0.4110278	0.49531257	0.8537766521893764	-0.30512064905187	ENSG00000012660.14	ELOVL5	True
ENST00000260270	209.10648	5.1612363	4.749878	-0.41135836	0.4360251	0.842654100473947	-0.3604884968194078	ENSG00000137714.3	FDX1	False
ENST00000370390	214.17813	5.170446	4.7590485	-0.41139746	0.27345705	0.8093544299533921	-0.5631108750791982	ENSG00000063601.17	MTMR1	False
ENST00000680652	19.501461	1.2230915	0.8115143	-0.41157717	0.7307979	0.9321540723766666	-0.13620271710957174	ENSG00000069956.14	MAPK6	False
ENST00000476995	33.06464	1.3083861	0.89678574	-0.41160035	0.68451834	0.9173021276178854	-0.1646149132572192	ENSG00000204120.16	GIGYF2	False
ENST00000444845	10.540076	1.3034738	0.89182943	-0.4116444	0.60625243	0.8901216863280665	-0.2173465062941925	ENSG00000099899.16	TRMT2A	False
ENST00000305997	365.5378	6.0510845	5.6394067	-0.41167784	0.32603985	0.8142173533113395	-0.48672931439059575	ENSG00000143797.12	MBOAT2	False
ENST00000416288	62.571423	3.7587445	3.3469846	-0.41175985	0.20543657	0.8093544299533921	-0.6873222394546092	ENSG00000059122.17	FLYWCH1	False
ENST00000259154	33.535778	2.8946936	2.4826825	-0.41201115	0.51084816	0.8570954230208209	-0.29170816266974686	ENSG00000136636.13	KCTD3	False
ENST00000366216	73.99224	3.8359747	3.423535	-0.41243958	0.4413753	0.8447005539480331	-0.35519198862006424	ENSG00000213923.13	CSNK1E	False
ENST00000599568	52.04892	3.2614954	2.848754	-0.41274142	0.45551983	0.8473426594424552	-0.3414927168329587	ENSG00000167751.13	KLK2	True
ENST00000258436	131.06155	4.4088116	3.9960535	-0.4127581	0.39497384	0.8290075231731883	-0.4034316629981581	ENSG00000135953.11	MFSD9	False
ENST00000510080	242.21094	5.616305	5.2030644	-0.41324043	0.09926423	0.8093544299533921	-1.0032072356849628	ENSG00000120727.13	PAIP2	False
ENST00000615301	43.48842	2.2716732	1.8584017	-0.41327155	0.7377726	0.93417747534728	-0.1320774874332432	ENSG00000187164.20	SHTN1	False
ENST00000593767	14.895502	1.4186492	1.005314	-0.4133352	0.5370772	0.8667540534925389	-0.269963293207284	ENSG00000104973.19	MED25	False
ENST00000340623	75.40639	3.9341943	3.520839	-0.41335535	0.5782936	0.8796180154259889	-0.23785159784896936	ENSG00000187699.10	C2orf88	True
ENST00000431066	144.55826	4.8539433	4.440571	-0.41337252	0.5689188	0.8764925907303623	-0.244949696203862	ENSG00000115875.19	SRSF7	False
ENST00000368250	98.91026	3.9625041	3.5487795	-0.41372466	0.5016084	0.8548764927378353	-0.29963522383641383	ENSG00000172673.12	THEMIS	False
ENST00000518592	53.4232	2.5110292	2.0969622	-0.41406703	0.6641154	0.9109447701843607	-0.17775642998708355	ENSG00000177182.11	CLVS1	True
ENST00000564664	7.5139055	1.2201785	0.80599236	-0.41418612	0.58995867	0.8837537276609903	-0.22917841377252654	ENSG00000077235.18	GTF3C1	False
ENST00000339530	17.466513	2.0081198	1.5937548	-0.41436505	0.5844283	0.8819641855083519	-0.233268754493009	ENSG00000204482.11	LST1	False
ENST00000695828	18.101263	1.7331821	1.3187238	-0.41445827	0.6590517	0.9101517354341213	-0.18108050462529926	ENSG00000196352.18	CD55	False
ENST00000590753	258.21664	5.493673	5.0789332	-0.4147396	0.44060948	0.8446156514523803	-0.3559461581154463	ENSG00000108861.9	DUSP3	False
ENST00000698731	39.90843	2.062601	1.6478541	-0.414747	0.78171617	0.9457925762414158	-0.10695090560873269	ENSG00000148606.15	POLR3A	False
ENST00000559192	529.7081	5.880533	5.4657454	-0.41478777	0.7920013	0.9502251718469603	-0.10127410170969212	ENSG00000140455.17	USP3	True
ENST00000367188	131.56094	4.2310934	3.8160777	-0.4150157	0.5857131	0.8821006672646431	-0.23231507099473248	ENSG00000158615.10	PPP1R15B	False
ENST00000261636	69.15218	3.6601171	3.2448957	-0.41522145	0.57852995	0.8797154914228587	-0.23767415010672466	ENSG00000120805.14	ARL1	False
ENST00000577660	16.666332	1.4358902	1.0203974	-0.41549277	0.54937726	0.8697139849430424	-0.26012931895082814	ENSG00000265303.1	ENSG00000265303	True
ENST00000306193	82.86652	4.1421313	3.7265506	-0.41558075	0.1759967	0.8093544299533921	-0.7544954607501314	ENSG00000145439.12	CBR4	False
ENST00000300850	150.70816	4.907272	4.4914517	-0.41582012	0.27335283	0.8093544299533921	-0.5632764229877301	ENSG00000167395.10	ZNF646	False
ENST00000353704	143.8	4.857738	4.441723	-0.41601515	0.35572597	0.8175932215882654	-0.4488844230191148	ENSG00000107175.12	CREB3	False
ENST00000368494	183.4	5.0408854	4.6246824	-0.41620302	0.50573623	0.8558786284660064	-0.2960759316574767	ENSG00000153989.8	NUS1	False
ENST00000407193	13754.997	11.274785	10.858554	-0.41623116	0.30570355	0.8118754707110037	-0.5146995171551182	ENSG00000164587.13	RPS14	False
ENST00000542060	59.48078	3.5433466	3.127096	-0.4162507	0.60759115	0.8906376609493599	-0.21638855900696843	ENSG00000135823.14	STX6	True
ENST00000300245	386.1614	6.1257987	5.709535	-0.41626358	0.17645612	0.8093544299533921	-0.7533632656383605	ENSG00000166971.17	AKTIP	False
ENST00000318596	72.4	4.016401	3.5998664	-0.41653442	0.17368826	0.8093544299533921	-0.7602295287975979	ENSG00000181035.14	SLC25A42	False
ENST00000377575	219.9	4.9649005	4.548292	-0.41660833	0.5559983	0.8725429329491033	-0.25492651649934767	ENSG00000182952.5	HMGN4	False
ENST00000300035	209.92899	5.4630218	5.04634	-0.41668177	0.24081472	0.8093544299533921	-0.6183169778836177	ENSG00000166803.14	PCLAF	False
ENST00000199764	13.2	1.7528452	1.3361241	-0.4167211	0.65532774	0.9083080017736758	-0.18354144975326234	ENSG00000086548.9	CEACAM6	False
ENST00000326402	78.9466	3.971544	3.5547924	-0.41675162	0.2344687	0.8093544299533921	-0.62991512725763	ENSG00000180773.15	SLC36A4	False
ENST00000537590	47.298176	3.0971668	2.6804056	-0.41676116	0.63978404	0.9030378888992515	-0.1939665993034216	ENSG00000143570.19	SLC39A1	False
ENST00000682850	42.99782	2.7636082	2.3467486	-0.41685963	0.5590466	0.8734555245741956	-0.2525519691984054	ENSG00000229474.8	PATL2	False
ENST00000440997	23.83141	2.3338385	1.9169443	-0.4168942	0.2877582	0.8109740254625081	-0.5409722897487721	ENSG00000123977.10	DAW1	True
ENST00000254803	360.4	6.17888	5.761941	-0.41693926	0.21711467	0.8093544299533921	-0.6633108270224756	ENSG00000132467.4	UTP3	False
ENST00000636215	165.1	4.922411	4.5052824	-0.41712856	0.3622906	0.8185742609699567	-0.4409429448205164	ENSG00000175105.8	ZNF654	False
ENST00000492654	11.848085	1.4813056	1.0640018	-0.4173038	0.6420656	0.9034944865138398	-0.19242060806668904	ENSG00000152804.11	HHEX	False
ENST00000461152	59.6	3.6322968	3.2146883	-0.4176085	0.48435432	0.8524476847822213	-0.31483682491924136	ENSG00000087460.29	GNAS	False
ENST00000453386	412.2203	6.121284	5.703562	-0.41772223	0.39811483	0.8298121044971967	-0.3999916441235907	ENSG00000136527.19	TRA2B	True
ENST00000529790	1782.9635	8.434214	8.016371	-0.41784286	0.20678714	0.8093544299533921	-0.6844764750462063	ENSG00000167283.9	ATP5MG	True
ENST00000295702	285.1	5.7200694	5.3017964	-0.41827297	0.34476793	0.81719736681995	-0.46247314101099063	ENSG00000163479.14	SSR2	False
ENST00000435120	56.386425	2.9344883	2.5161953	-0.418293	0.7232667	0.9289113395529881	-0.14070151736891026	ENSG00000089693.11	MLF2	False
ENST00000511648	61.65027	3.516898	3.098548	-0.41834998	0.7266915	0.930214042416521	-0.13864992894597464	ENSG00000154920.15	EME1	False
ENST00000257408	59.406982	3.2942212	2.8756711	-0.41855	0.5373781	0.8669369265370219	-0.26972005856323883	ENSG00000134962.7	KLB	False
ENST00000581416	14.666033	1.4729943	1.0543244	-0.41866994	0.6260796	0.8983561281982678	-0.2033704337806905	ENSG00000175224.17	ATG13	True
ENST00000676674	107.57021	3.0605018	2.6415274	-0.4189744	0.8298979	0.9616945014374176	-0.08097534453999403	ENSG00000092108.22	SCFD1	False
ENST00000678668	32.92948	2.674037	2.2549186	-0.4191184	0.66575843	0.9117059616316814	-0.17668332508389475	ENSG00000197635.11	DPP4	False
ENST00000456523	41.278774	3.0606558	2.6413674	-0.4192884	0.5188935	0.8594868130311181	-0.28492178601567103	ENSG00000138675.17	FGF5	True
ENST00000381573	50.58886	2.9519799	2.5326538	-0.41932607	0.6147265	0.8936063025630898	-0.21131807607723532	ENSG00000120217.14	CD274	False
ENST00000520733	10.023261	1.3542348	0.9348886	-0.4193462	0.61039734	0.8920468181599023	-0.21438736843098616	ENSG00000147679.12	UTP23	False
ENST00000535603	25.196499	1.3484124	0.9289799	-0.41943252	0.74972075	0.936236640367669	-0.1251004677343218	ENSG00000006652.15	IFRD1	False
ENST00000466474	34.026764	1.6955576	1.2759774	-0.41958022	0.7453033	0.935882830083255	-0.1276669714438322	ENSG00000160299.19	PCNT	False
ENST00000648579	33.683617	2.2783632	1.8587748	-0.41958845	0.681997	0.9165294746754324	-0.16621753498824476	ENSG00000144659.13	SLC25A38	False
ENST00000334095	19.256525	1.4480854	1.0284779	-0.41960752	0.63241744	0.9004884217640254	-0.1989961618718523	ENSG00000160336.17	ZNF761	False
ENST00000526627	22.8	2.4436185	2.0239706	-0.41964793	0.6084606	0.8910328892792123	-0.21576753497246653	ENSG00000256235.3	SMIM3	False
ENST00000370056	129.67535	3.8382895	3.4185972	-0.41969228	0.7758026	0.9441897587930264	-0.11024876236473166	ENSG00000134215.16	VAV3	False
ENST00000257264	39.6	2.6559157	2.2361858	-0.41972995	0.6901176	0.9186724533179029	-0.16107689820705892	ENSG00000134827.8	TCN1	False
ENST00000607197	791.5415	7.0826306	6.6628227	-0.4198079	0.3294689	0.8142173533113395	-0.4821855662659493	ENSG00000051620.11	HEBP2	False
ENST00000225719	809.6372	7.074118	6.6542854	-0.4198327	0.3381144	0.8164192321363181	-0.4709363189486825	ENSG00000108582.12	CPD	False
ENST00000533989	150.8457	4.358454	3.938551	-0.41990328	0.50551695	0.8558786284660064	-0.29626428108570896	ENSG00000110077.15	MS4A6A	True
ENST00000378434	224.60913	5.308298	4.888353	-0.41994524	0.42319998	0.8383133222409976	-0.37345436000811055	ENSG00000139679.16	LPAR6	False
ENST00000216177	14.0	1.6872807	1.2672627	-0.42001796	0.5692357	0.8765854640342583	-0.2447078840239769	ENSG00000100341.13	PNPLA5	False
ENST00000581687	7.5325775	0.94840175	0.5283325	-0.42006928	0.53441316	0.8661566713360632	-0.27212285673664055	ENSG00000101773.19	RBBP8	False
ENST00000463448	22.820944	1.8606491	1.4403075	-0.4203416	0.5139213	0.858410482638302	-0.2891033648860005	ENSG00000137210.14	TMEM14B	False
ENST00000303697	204.77539	5.300805	4.8803096	-0.4204955	0.23856166	0.8093544299533921	-0.6223993518059416	ENSG00000170959.15	DCDC1	False
ENST00000510289	68.0	3.4184341	2.9979143	-0.42051983	0.5671726	0.8758872921733283	-0.24628476801893057	ENSG00000124406.17	ATP8A1	True
ENST00000325599	6.131861	1.2369224	0.81630874	-0.42061365	0.4185777	0.836886090598871	-0.37822391181744464	ENSG00000144736.14	SHQ1	False
ENST00000295682	110.696976	4.3847075	3.9638145	-0.42089295	0.28441647	0.8106393935615843	-0.5460452627274917	ENSG00000163463.13	KRTCAP2	False
ENST00000537927	102.31517	3.837053	3.4161067	-0.42094636	0.721278	0.9285152025899402	-0.14189730710007323	ENSG00000110841.14	PPFIBP1	False
ENST00000250489	194.0	5.2320123	4.810981	-0.42103148	0.20984618	0.8093544299533921	-0.6780989246249782	ENSG00000165782.11	PIP4P1	False
ENST00000277575	33.697315	1.8919693	1.4706683	-0.421301	0.6961045	0.9207828736639271	-0.15732554216771455	ENSG00000148429.15	USP6NL	False
ENST00000531286	13.1	1.4461173	1.0244647	-0.42165256	0.5010968	0.8548764927378353	-0.3000783835905584	ENSG00000177595.19	PIDD1	False
ENST00000558864	93.54337	4.356127	3.934329	-0.42179775	0.21524736	0.8093544299533921	-0.6670621606910246	ENSG00000140479.18	PCSK6	True
ENST00000371809	41.1	2.2672806	1.8452063	-0.42207432	0.7122924	0.9253601269841094	-0.1473417058076199	ENSG00000204010.3	IFIT1B	False
ENST00000205636	1220.6488	7.6648374	7.242668	-0.4221692	0.39964655	0.8298121044971967	-0.398323931327535	ENSG00000091317.8	CMTM6	False
ENST00000562879	5292.603	9.883012	9.460596	-0.42241573	0.37414742	0.8216366408512873	-0.4269572508021233	ENSG00000167526.14	RPL13	False
ENST00000410031	119.66952	2.4866982	2.064144	-0.42255425	0.8041325	0.9551009493725148	-0.09467237356172793	ENSG00000132405.19	TBC1D14	False
ENST00000366988	144.1	4.860566	4.4378576	-0.4227085	0.39175472	0.8281968721804102	-0.4069857660243652	ENSG00000117691.10	NENF	False
ENST00000618282	305.09613	5.740598	5.317745	-0.422853	0.45011172	0.8472032355844986	-0.34667968167160135	ENSG00000102158.22	MAGT1	False
ENST00000372833	222.927	5.2470484	4.82408	-0.4229684	0.3563503	0.8175932215882654	-0.4481228679621708	ENSG00000172586.8	CHCHD1	False
ENST00000326669	32.356853	1.8434674	1.4203126	-0.4231547	0.6329959	0.9007526731184061	-0.19859910056177224	ENSG00000177688.7	SUMO4	True
ENST00000396668	529.3721	6.491121	6.0675883	-0.4235325	0.38237292	0.823716002720574	-0.41751287727240327	ENSG00000106460.20	TMEM106B	False
ENST00000698254	23.103107	1.6571077	1.2335205	-0.4235872	0.70751053	0.9234187939626901	-0.15026709149434986	ENSG00000110719.11	TCIRG1	False
ENST00000263277	81.37577	3.9474251	3.5238242	-0.4236009	0.4561577	0.8473426594424552	-0.34088497634088644	ENSG00000024422.12	EHD2	False
ENST00000314397	16.503061	1.9032413	1.4795071	-0.4237342	0.7006919	0.9214451344510692	-0.15447291606527472	ENSG00000145912.10	NHP2	True
ENST00000592160	9.281301	1.1645037	0.74073887	-0.42376482	0.5525403	0.8710701841073433	-0.2576360390582568	ENSG00000184635.17	ZNF93	False
ENST00000685388	60.545532	3.3005126	2.8765984	-0.4239142	0.48043925	0.8507787223054524	-0.31836152355233904	ENSG00000189190.11	ZNF600	False
ENST00000432176	506.85455	6.484506	6.060483	-0.42402315	0.3436034	0.81719736681995	-0.4639425444162251	ENSG00000122591.13	HYCC1	False
ENST00000592903	57.359783	3.787072	3.3628345	-0.4242375	0.4880554	0.8529381765683051	-0.3115308705729511	ENSG00000197256.11	KANK2	False
ENST00000714119	37.321526	1.4453846	1.0210614	-0.4243232	0.7663848	0.9411332397400953	-0.11555312847401727	ENSG00000146433.11	TMEM181	False
ENST00000253693	235.52739	5.3385644	4.9140887	-0.42447567	0.24651833	0.8093544299533921	-0.60815078513057	ENSG00000131375.10	CAPN7	False
ENST00000426837	66.86914	2.1085453	1.6840535	-0.42449176	0.7972899	0.9517793571964572	-0.09838373315618565	ENSG00000047849.22	MAP4	False
ENST00000296577	163.15384	4.667036	4.242374	-0.4246621	0.47963947	0.8506036878052632	-0.31908508506327804	ENSG00000164163.11	ABCE1	False
ENST00000340828	65.94907	3.720054	3.295201	-0.42485285	0.38240916	0.823716002720574	-0.4174717187009726	ENSG00000113328.20	CCNG1	False
ENST00000451613	12.597722	1.0388656	0.6139249	-0.42494065	0.6403035	0.9030378888992515	-0.1936141293028755	ENSG00000157426.14	AASDH	False
ENST00000557185	983.52405	7.4977837	7.072651	-0.42513275	0.16183741	0.8093544299533921	-0.7909210700226625	ENSG00000100612.14	DHRS7	False
ENST00000375735	39.289165	2.8010027	2.375854	-0.42514873	0.46093675	0.8481416265840513	-0.3363586599986528	ENSG00000187240.17	DYNC2H1	False
ENST00000438077	2374.148	8.477221	8.051703	-0.42551708	0.4412422	0.8446156514523803	-0.35532297031809185	ENSG00000113916.18	BCL6	False
ENST00000374379	55.954773	3.385722	2.9599433	-0.42577863	0.43254578	0.842100465199608	-0.3639679195464073	ENSG00000169504.15	CLIC4	False
ENST00000696264	22.03766	1.193192	0.7673783	-0.42581373	0.703617	0.9222876679833593	-0.1526636905126477	ENSG00000112039.6	FANCE	False
ENST00000374524	240.4	5.5656285	5.1394534	-0.42617512	0.5992294	0.8872137205946347	-0.22240689033137623	ENSG00000057757.10	PITHD1	True
ENST00000444119	38.557636	2.5111208	2.0849447	-0.42617607	0.7692715	0.9422289471440147	-0.11392036099835767	ENSG00000136811.17	ODF2	False
ENST00000569352	67.776985	3.934388	3.5079463	-0.42644167	0.3449385	0.81719736681995	-0.4622583461410044	ENSG00000064666.15	CNN2	False
ENST00000691611	17.565434	1.2307048	0.80425686	-0.42644793	0.6828549	0.9167149835259957	-0.16567157568920723	ENSG00000120699.14	EXOSC8	False
ENST00000405240	190.82816	2.9547434	2.528284	-0.4264593	0.841031	0.9640760333298781	-0.07518798831631346	ENSG00000115310.19	RTN4	False
ENST00000304271	56.2	3.5304048	3.1038995	-0.42650533	0.27111423	0.8093544299533921	-0.56684768671309	ENSG00000171067.11	C11orf24	False
ENST00000518537	44.891083	1.7860942	1.359542	-0.42655218	0.80821884	0.9556108891518913	-0.09247103187385482	ENSG00000078674.20	PCM1	False
ENST00000374050	220.69234	5.098003	4.670829	-0.4271741	0.5259486	0.8628966334781174	-0.27905670972814367	ENSG00000136888.8	ATP6V1G1	False
ENST00000689522	9.010456	1.2539428	0.8263931	-0.42754972	0.62421495	0.8979233606519958	-0.20466583608876585	ENSG00000143153.14	ATP1B1	False
ENST00000684592	20.47395	2.1241362	1.6965656	-0.42757058	0.63778245	0.902209141798481	-0.1953274324475587	ENSG00000158691.15	ZSCAN12	False
ENST00000714707	32.284775	2.2511847	1.823272	-0.4279127	0.76890707	0.9421020642731878	-0.1141261457064212	ENSG00000163374.21	YY1AP1	False
ENST00000591296	23.312113	2.4604793	2.0322618	-0.4282174	0.42657068	0.8391468018325449	-0.3700089949651504	ENSG00000105254.12	TBCB	False
ENST00000414108	474.15497	4.5710516	4.1426315	-0.42842007	0.8669958	0.9710546236986305	-0.061983000635854206	ENSG00000095787.26	WAC	False
ENST00000620985	1161.6875	7.5165706	7.088106	-0.4284644	0.48160908	0.8508696399096464	-0.3173053370883721	ENSG00000205413.8	SAMD9	False
ENST00000305737	320.1634	5.849838	5.4212523	-0.42858553	0.41644174	0.8360430631283409	-0.38044574905193657	ENSG00000168769.14	TET2	False
ENST00000526991	375.1123	6.045557	5.6163692	-0.42918777	0.24849626	0.8093544299533921	-0.6046801358688619	ENSG00000255112.3	CHMP1B	False
ENST00000583025	7.549791	1.0801654	0.6509592	-0.4292062	0.42220685	0.838029552988072	-0.37447472603099674	ENSG00000141526.18	SLC16A3	False
ENST00000645722	909.80304	6.1642365	5.734928	-0.4293084	0.84956086	0.9659481202504552	-0.07080550574832477	ENSG00000145819.18	ARHGAP26	False
ENST00000508254	1150.9773	7.526249	7.096912	-0.42933702	0.25159216	0.8093544299533921	-0.5993028975602117	ENSG00000174130.13	TLR6	False
ENST00000381795	915.02277	7.2942996	6.8648367	-0.4294629	0.18039075	0.8093544299533921	-0.7437857468617559	ENSG00000163694.15	RBM47	False
ENST00000614314	54.229088	3.5338316	3.1041052	-0.42972636	0.07486778	0.8093544299533921	-1.1257050588494693	ENSG00000132254.13	ARFIP2	False
ENST00000368843	465.72028	6.118711	5.6889844	-0.4297266	0.7083061	0.9237315579253875	-0.14977903385424382	ENSG00000143376.14	SNX27	False
ENST00000570646	135.12234	4.9092407	4.479483	-0.4297576	0.603988	0.8899892143002557	-0.2189716957208608	ENSG00000103415.12	HMOX2	False
ENST00000393486	303.49802	5.7752433	5.345206	-0.4300375	0.36578017	0.8185742609699567	-0.43677983696165473	ENSG00000135272.13	MDFIC	False
ENST00000389063	803.1495	7.1959376	6.7656116	-0.43032598	0.11212972	0.8093544299533921	-0.9502792698198737	ENSG00000172795.17	DCP2	False
ENST00000487078	381.68167	6.0496845	5.6193495	-0.43033504	0.5000891	0.8548764927378353	-0.300952603514827	ENSG00000084693.16	AGBL5	False
ENST00000261438	459.7881	6.511331	6.0806103	-0.4307208	0.25767636	0.8093544299533921	-0.5889254180546407	ENSG00000109787.13	KLF3	False
ENST00000511176	26.524267	2.5543299	2.1233544	-0.43097544	0.4273096	0.8400203226575309	-0.36925734760996526	ENSG00000078795.17	PKD2L2	True
ENST00000390658	81.5	4.016886	3.585903	-0.4309833	0.28551012	0.8106393935615843	-0.5443784892120519	ENSG00000176396.11	EID2	False
ENST00000678137	15.391111	1.5483398	1.1172915	-0.4310484	0.7590981	0.938790070041057	-0.11970208840001151	ENSG00000079785.16	DDX1	False
ENST00000472709	17.74079	1.8421512	1.4110103	-0.4311409	0.48318976	0.8517809635604503	-0.31588227660329415	ENSG00000143486.16	EIF2D	True
ENST00000371117	45.4	2.6797972	2.2484946	-0.43130255	0.6237632	0.8979233606519958	-0.20498024826392566	ENSG00000170927.15	PKHD1	False
ENST00000690399	182.35446	3.4816284	3.0500457	-0.4315827	0.8433101	0.9644544169347432	-0.07401268913775802	ENSG00000119321.10	FKBP15	False
ENST00000556077	12.854848	1.3393601	0.9076081	-0.43175203	0.64133203	0.9030378888992515	-0.19291706940200087	ENSG00000165533.19	TTC8	False
ENST00000698117	27.959244	2.0207293	1.5888692	-0.4318601	0.72980607	0.9317757588978017	-0.13679253145092019	ENSG00000183918.18	SH2D1A	True
ENST00000360150	380.31467	6.0622687	5.6302614	-0.4320073	0.24159253	0.8093544299533921	-0.6169165045619641	ENSG00000087502.19	ERGIC2	False
ENST00000292782	189.37904	5.1468253	4.7144856	-0.43233967	0.3297816	0.8142173533113395	-0.4817735899369251	ENSG00000043093.15	DCUN1D1	False
ENST00000565772	6.02308	0.76418734	0.33124772	-0.43293962	0.44928813	0.8470024537044705	-0.34747505531667233	ENSG00000178761.15	FAM219B	True
ENST00000252102	537.69836	6.6645527	6.23155	-0.43300247	0.24213244	0.8093544299533921	-0.6159470211319482	ENSG00000131495.9	NDUFA2	False
ENST00000263341	265.4	5.4933434	5.0602546	-0.43308878	0.26548994	0.8093544299533921	-0.5759519373953996	ENSG00000125538.12	IL1B	False
ENST00000334418	435.14868	6.285936	5.852431	-0.43350506	0.28311163	0.8102614157364052	-0.5480422869284496	ENSG00000186166.9	CENATAC	False
ENST00000338977	63.288597	2.0301306	1.5961676	-0.43396306	0.76057684	0.9393401862698847	-0.1188569008315643	ENSG00000182903.16	ZNF721	False
ENST00000230085	796.9446	7.3329406	6.8986654	-0.43427515	0.35980266	0.8183252159569281	-0.44393562625000393	ENSG00000112335.15	SNX3	False
ENST00000677907	80.21922	1.8730329	1.4386817	-0.4343512	0.82377213	0.9600728822079163	-0.08419290399291651	ENSG00000181163.14	NPM1	True
ENST00000504169	101.95204	4.159087	3.7247043	-0.43438292	0.49333626	0.8537766521893764	-0.30685696262906975	ENSG00000168564.6	CDKN2AIP	False
ENST00000473835	341.36752	5.796514	5.3619847	-0.4345293	0.44555175	0.845708078626981	-0.3511018432408367	ENSG00000163714.18	U2SURP	False
ENST00000422465	7363.397	10.382247	9.947633	-0.43461418	0.31321394	0.8118754707110037	-0.5041589111849247	ENSG00000149273.15	RPS3	False
ENST00000338086	356.2769	6.0038123	5.5688767	-0.43493557	0.2695224	0.8093544299533921	-0.5694051368518475	ENSG00000055917.17	PUM2	False
ENST00000594083	8.31269	0.99958897	0.5644596	-0.43512934	0.57443064	0.8777929733665634	-0.24076239956739667	ENSG00000197619.15	ZNF615	False
ENST00000229239	20.128452	1.3167318	0.88130754	-0.43542427	0.69873047	0.9212025833663481	-0.1556903185440168	ENSG00000111640.15	GAPDH	False
ENST00000676582	135.91917	4.79394	4.358489	-0.43545103	0.55755883	0.8729763440404937	-0.2537092983722794	ENSG00000171552.14	BCL2L1	False
ENST00000602501	14.98127	1.38435	0.9488982	-0.43545175	0.59136343	0.8844109433291127	-0.22814553579603053	ENSG00000073737.17	DHRS9	False
ENST00000693505	367.03046	6.151645	5.7157946	-0.43585062	0.47715545	0.8504371505934152	-0.3213401140852123	ENSG00000115762.17	PLEKHB2	False
ENST00000215368	49.949303	3.3097985	2.8738852	-0.43591332	0.485499	0.8529349174042961	-0.3138116651276875	ENSG00000099617.4	EFNA2	False
ENST00000541583	12.693188	1.1052767	0.66922903	-0.43604767	0.6325988	0.9005140664598242	-0.19887162433858424	ENSG00000181666.19	ZNF875	False
ENST00000614350	21.8151	2.4553423	2.0191033	-0.436239	0.48383227	0.85232372583003	-0.31530516909698614	ENSG00000158186.13	MRAS	False
ENST00000422424	77.82084	3.7192223	3.2827172	-0.43650508	0.52436095	0.8622709692908394	-0.2803696544398912	ENSG00000166595.12	CIAO2B	False
ENST00000331479	368.27814	6.1041865	5.667348	-0.43683863	0.41216415	0.8334373536331832	-0.3849297840501759	ENSG00000183172.9	SMDT1	False
ENST00000444460	6.91257	0.8417182	0.40481955	-0.43689865	0.42990872	0.840824720967489	-0.36662374316959184	ENSG00000180257.14	ZNF816	False
ENST00000688182	52.35299	3.6457481	3.2088432	-0.4369049	0.4092983	0.8323007445595858	-0.3879600583828897	ENSG00000115839.20	RAB3GAP1	False
ENST00000300605	37.3	2.5793316	2.142385	-0.43694663	0.5928405	0.8847708896745496	-0.22706214044270717	ENSG00000167220.12	HDHD2	False
ENST00000258383	110.78086	4.585565	4.148522	-0.4370432	0.33458102	0.8158433703746901	-0.47549870243931086	ENSG00000135900.4	MRPL44	False
ENST00000686817	63.47663	1.4953448	1.0579089	-0.43743587	0.76602864	0.9410582432937948	-0.11575499131491843	ENSG00000121940.17	CLCC1	False
ENST00000504867	33.932083	1.6701112	1.2324116	-0.43769956	0.6708817	0.9132738921569098	-0.17335406182923707	ENSG00000091527.17	CDV3	False
ENST00000399815	862.36505	7.4756966	7.0375805	-0.43811607	0.44192424	0.8450789941411054	-0.35465217219095535	ENSG00000288681.1	ENSG00000288681	False
ENST00000489615	94.14403	2.7852237	2.3470416	-0.43818212	0.80421305	0.9551009493725148	-0.0946288854657319	ENSG00000152061.24	RABGAP1L	False
ENST00000326495	1033.994	7.6543617	7.2159433	-0.4384184	0.046495017	0.8093544299533921	-1.3325935922968786	ENSG00000084112.15	SSH1	False
ENST00000263967	142.22568	4.6801276	4.2413692	-0.43875837	0.40788844	0.8320791818024688	-0.3894586004589326	ENSG00000121879.6	PIK3CA	False
ENST00000620350	39.993896	2.4769766	2.0379636	-0.439013	0.6068667	0.8902000191870786	-0.21690668006195496	ENSG00000129295.10	DNAAF11	False
ENST00000681391	27.15093	1.2848805	0.8457356	-0.4391449	0.69689727	0.9210956347302779	-0.15683123782851327	ENSG00000105835.13	NAMPT	False
ENST00000680777	24.487291	1.3240796	0.8848645	-0.43921512	0.7345717	0.9332857513397641	-0.1339658099953442	ENSG00000069956.14	MAPK6	False
ENST00000337537	425.4372	6.490438	6.05122	-0.43921804	0.34919697	0.81719736681995	-0.4569295327700087	ENSG00000154001.14	PPP2R5E	False
ENST00000404125	132.7991	3.3229444	2.8836133	-0.43933105	0.7795374	0.9450069992259602	-0.10816305504047613	ENSG00000068878.15	PSME4	False
ENST00000375344	166.2	4.9706264	4.530362	-0.44026423	0.3825847	0.823716002720574	-0.41727241205712795	ENSG00000148110.17	MFSD14B	False
ENST00000403359	5.7969003	1.0987464	0.6579574	-0.44078904	0.6584916	0.9098437419465756	-0.18144975314083409	ENSG00000138081.22	FBXO11	False
ENST00000512088	24.899813	1.7559218	1.3150237	-0.44089818	0.58379436	0.8819641855083519	-0.23374010844659987	ENSG00000131495.9	NDUFA2	False
ENST00000564415	23.224216	1.8213558	1.3801577	-0.4411981	0.6867123	0.9174880794062122	-0.1632251581305962	ENSG00000103051.21	COG4	False
ENST00000451605	68.34947	3.7826633	3.3413959	-0.4412675	0.18530309	0.8093544299533921	-0.7321173338997728	ENSG00000125991.21	ERGIC3	True
ENST00000254051	23.490004	2.2901652	1.8487349	-0.44143033	0.43578407	0.842654100473947	-0.36072864766988205	ENSG00000131746.13	TNS4	False
ENST00000338561	21.976206	1.4636568	1.0217679	-0.44188893	0.68054825	0.9163592447993505	-0.16714107801521122	ENSG00000172819.17	RARG	False
ENST00000579900	11.567557	1.3283628	0.8863486	-0.44201422	0.513098	0.8578599976407133	-0.28979967692102093	ENSG00000125450.11	NUP85	True
ENST00000679665	21.631653	1.7758917	1.3335776	-0.44231403	0.7226208	0.9286748460572068	-0.14108955067883144	ENSG00000107201.12	RIGI	False
ENST00000599672	355.4995	6.1235394	5.6811156	-0.44242382	0.081115484	0.8093544299533921	-1.0908962348506068	ENSG00000126749.17	EMG1	False
ENST00000379593	28.420355	1.3738037	0.9313695	-0.44243425	0.67057353	0.9132738921569098	-0.17355359209527194	ENSG00000173674.11	EIF1AX	False
ENST00000441656	14.161974	1.6193208	1.1766545	-0.4426663	0.5911841	0.8843425619428408	-0.22827726983401284	ENSG00000112983.18	BRD8	False
ENST00000475668	75.700485	3.7408323	3.298114	-0.44271827	0.7677342	0.9416169255668378	-0.114789095866185	ENSG00000257335.8	MGAM	False
ENST00000268296	988.8385	7.4296727	6.9869213	-0.4427514	0.22201562	0.8093544299533921	-0.6536164709204922	ENSG00000140678.17	ITGAX	False
ENST00000397604	42.866356	2.1695888	1.7267382	-0.4428506	0.73217577	0.9326695814816518	-0.13538464891690544	ENSG00000023191.17	RNH1	False
ENST00000216456	48.39776	3.07105	2.6280863	-0.4429636	0.70089555	0.9214833595450952	-0.1543466986739149	ENSG00000100568.11	VTI1B	False
ENST00000326505	61.80249	2.8327866	2.389605	-0.4431815	0.6255158	0.8983420428423095	-0.20376170300966961	ENSG00000176597.12	B3GNT5	False
ENST00000393605	51.17772	1.5695974	1.126381	-0.44321632	0.76459914	0.9407788053760328	-0.11656619226656273	ENSG00000186635.16	ARAP1	False
ENST00000294737	12.905197	1.730893	1.2876014	-0.44329166	0.62063885	0.8964337585455794	-0.20716104431390286	ENSG00000213047.13	DENND1B	False
ENST00000524050	17.5	1.3858271	0.9423716	-0.44345546	0.5385572	0.8673735641566814	-0.26876818635173844	ENSG00000170234.13	PWWP2A	False
ENST00000553300	834.3551	7.253414	6.8099184	-0.44349575	0.4419128	0.8450789941411054	-0.35466341884767894	ENSG00000092199.19	HNRNPC	False
ENST00000406549	27.439001	2.292876	1.8491747	-0.44370127	0.64640564	0.9051749436239888	-0.18949486476118982	ENSG00000185340.16	GAS2L1	False
ENST00000361432	519.90906	6.3408704	5.897036	-0.4438343	0.34462613	0.81719736681995	-0.46265179854045074	ENSG00000119979.18	DENND10	False
ENST00000289359	56.425037	2.160879	1.7169263	-0.44395256	0.7229232	0.9287453485071263	-0.1409078261449846	ENSG00000158411.11	MITD1	False
ENST00000498664	750.96643	7.100433	6.6564054	-0.44402742	0.24301034	0.8093544299533921	-0.6143752431483623	ENSG00000117410.14	ATP6V0B	False
ENST00000438169	275.7274	5.5102983	5.06578	-0.4445181	0.43905002	0.843416202945035	-0.3574859999266365	ENSG00000111615.14	KRR1	False
ENST00000372733	9.7	1.4911585	1.0462576	-0.44490087	0.37330198	0.8214359203096109	-0.42793970321219466	ENSG00000124145.6	SDC4	False
ENST00000673633	66.758255	3.796193	3.3512876	-0.44490528	0.1261216	0.8093544299533921	-0.8992105438447798	ENSG00000265590.10	CFAP298-TCP10L	False
ENST00000641900	47.115227	3.3005006	2.855286	-0.44521475	0.24267812	0.8093544299533921	-0.6149693768347513	ENSG00000180934.7	OR56A1	False
ENST00000530758	496.9	6.714716	6.269333	-0.44538307	0.11673276	0.8093544299533921	-0.9328072413037297	ENSG00000254999.4	BRK1	False
ENST00000512369	539.5398	6.642733	6.1972704	-0.4454627	0.23235913	0.8093544299533921	-0.6338402653632925	ENSG00000070190.13	DAPP1	False
ENST00000280700	61.62516	3.1071146	2.6614285	-0.4456861	0.63355017	0.9008682131522836	-0.1982189902122436	ENSG00000151092.18	NGLY1	False
ENST00000263960	276.6426	5.701428	5.25564	-0.4457879	0.17125861	0.8093544299533921	-0.7663475764065784	ENSG00000115520.9	COQ10B	False
ENST00000684125	48.921825	1.5006994	1.0544065	-0.44629288	0.76444364	0.9407295693150204	-0.11665453052949436	ENSG00000213614.11	HEXA	False
ENST00000609438	179.67415	5.226519	4.7801967	-0.44632244	0.19647962	0.8093544299533921	-0.7066824936887358	ENSG00000185477.6	GPRIN3	False
ENST00000373298	300.1	5.6454062	5.198851	-0.44655514	0.4798394	0.8506902620804366	-0.31890408163869904	ENSG00000078596.11	ITM2A	False
ENST00000282041	38.431946	1.7464322	1.299642	-0.44679022	0.7944511	0.9508949638774769	-0.09993281972325985	ENSG00000152223.16	EPG5	False
ENST00000643968	25.266706	2.3720808	1.9252682	-0.44681263	0.5358509	0.8665861353230246	-0.27095604968098513	ENSG00000101266.19	CSNK2A1	False
ENST00000177648	156.55801	2.7241442	2.277267	-0.44687724	0.8018546	0.9537559323610355	-0.09590436937951653	ENSG00000073331.18	ALPK1	False
ENST00000337979	1115.7825	7.5991473	7.152016	-0.44713116	0.21918577	0.8093544299533921	-0.6591876454571659	ENSG00000166900.17	STX3	False
ENST00000349693	25.997211	1.7180806	1.2708912	-0.44718945	0.66067684	0.9103157985469302	-0.1800109190938355	ENSG00000104356.11	POP1	False
ENST00000295317	2238.2808	8.662059	8.214805	-0.44725418	0.15635619	0.8093544299533921	-0.8058849327693999	ENSG00000163162.9	RNF149	False
ENST00000696840	233.14163	5.472925	5.0255837	-0.44734144	0.31119365	0.8118754707110037	-0.5069692804786674	ENSG00000168310.12	IRF2	False
ENST00000480336	23.605112	2.4719741	2.0239189	-0.44805527	0.19484663	0.8093544299533921	-0.7103071009987146	ENSG00000254553.1	ENSG00000254553	False
ENST00000602866	38.74734	2.830733	2.3825135	-0.44821954	0.5103876	0.856842337601094	-0.29209988590903946	ENSG00000165916.9	PSMC3	False
ENST00000621626	105.92799	4.3129363	3.864036	-0.44890022	0.39702532	0.8298121044971967	-0.4011817988723812	ENSG00000275302.2	CCL4	True
ENST00000468204	31.457409	2.4397976	1.9908004	-0.44899726	0.68113875	0.9165294746754324	-0.1667644095100708	ENSG00000111832.13	RWDD1	True
ENST00000466830	177.93367	4.739121	4.290078	-0.4490428	0.42298153	0.8383020471972034	-0.37367859576527385	ENSG00000187118.14	CMC1	True
ENST00000398119	174.51765	5.003748	4.5544295	-0.4493184	0.34578276	0.81719736681995	-0.4611966675426385	ENSG00000102786.15	INTS6	False
ENST00000371109	13.377316	1.7406569	1.2907627	-0.4498942	0.7010622	0.9216422103250417	-0.1542434471062382	ENSG00000155629.15	PIK3AP1	False
ENST00000266712	158.90399	4.395805	3.945712	-0.4500928	0.5721661	0.8772021021758981	-0.24247788827881506	ENSG00000139324.12	TMTC3	False
ENST00000263774	98.5	4.2842507	3.8341243	-0.4501264	0.39888397	0.8298121044971967	-0.3991534179194786	ENSG00000213619.11	NDUFS3	False
ENST00000532832	78.57759	3.109763	2.6595082	-0.45025468	0.74544525	0.935882830083255	-0.12758424739519675	ENSG00000110330.10	BIRC2	True
ENST00000614867	430.504	6.518333	6.0679555	-0.45037746	0.33278424	0.8148546909488805	-0.4778372551196411	ENSG00000172270.22	BSG	False
ENST00000367183	803.2809	7.1927714	6.7422976	-0.4504738	0.75789845	0.9385638171958912	-0.12038898118000611	ENSG00000198625.14	MDM4	False
ENST00000377595	53.5	3.1362278	2.68575	-0.45047784	0.4791571	0.8505260190233549	-0.31952208112245617	ENSG00000118939.19	UCHL3	False
ENST00000371437	313.3	5.8326993	5.38219	-0.45050907	0.21452543	0.8093544299533921	-0.6685212160217002	ENSG00000125356.7	NDUFA1	False
ENST00000428012	59.717506	3.5265007	3.075936	-0.45056462	0.29964626	0.8113486273734618	-0.523391140915186	ENSG00000126012.13	KDM5C	False
ENST00000588626	23.409504	1.8055893	1.3545538	-0.4510355	0.5990123	0.8872137205946347	-0.2225642487288019	ENSG00000161091.15	MFSD12	False
ENST00000590377	23.396564	2.1288745	1.6773638	-0.4515108	0.6198497	0.8962923551817317	-0.20771361736677227	ENSG00000141469.18	SLC14A1	False
ENST00000586245	2231.038	8.557372	8.10584	-0.45153236	0.3704821	0.8198057627961249	-0.4312327853806146	ENSG00000062716.13	VMP1	True
ENST00000471660	166.6712	4.1532855	3.7010472	-0.45223832	0.693071	0.9195779048796497	-0.15922226800739767	ENSG00000083937.10	CHMP2B	False
ENST00000409906	1376.6185	8.099	7.6467595	-0.45224047	0.38484228	0.8242482227560738	-0.4147172249036618	ENSG00000103363.16	ELOB	False
ENST00000361731	226.8	5.322058	4.869782	-0.45227623	0.36047754	0.8185482386998197	-0.44312179307232485	ENSG00000198818.10	SFT2D1	False
ENST00000603700	18.97441	1.8216645	1.3692291	-0.45243537	0.66432685	0.9110483418656254	-0.1776181966108893	ENSG00000270617.1	URGCP-MRPS24	False
ENST00000262225	289.41037	5.5183024	5.0650873	-0.45321512	0.42658368	0.8391468018325449	-0.36999576607867707	ENSG00000086598.11	TMED2	False
ENST00000493185	60.2418	3.5371559	3.0836592	-0.4534967	0.46735683	0.8496539504698483	-0.3303514053281375	ENSG00000122705.18	CLTA	True
ENST00000690162	16.37044	1.555976	1.1023206	-0.45365548	0.7433854	0.9355313117282439	-0.1287859875185113	ENSG00000064763.12	FAR2	False
ENST00000262346	13.874988	1.1375294	0.6837447	-0.45378464	0.57046074	0.8768692392893742	-0.24377424151560342	ENSG00000118454.13	ANKRD13C	False
ENST00000601723	12.386782	1.4704264	1.0166265	-0.45379996	0.56138515	0.8740674714696558	-0.250739076038311	ENSG00000011422.12	PLAUR	False
ENST00000266542	225.70255	5.4032063	4.9493084	-0.45389795	0.38401645	0.823963789252834	-0.4156501667163897	ENSG00000139178.12	C1RL	False
ENST00000556142	1315.5088	7.956693	7.502764	-0.45392895	0.2356262	0.8093544299533921	-0.6277764099703474	ENSG00000092199.19	HNRNPC	False
ENST00000321680	40.265213	1.1458178	0.6913023	-0.45451546	0.67895925	0.9158176715021058	-0.16815629027872006	ENSG00000164506.16	STXBP5	False
ENST00000373075	136.868	2.8832245	2.4286876	-0.4545369	0.82134193	0.959616584378367	-0.08547600464968287	ENSG00000163875.16	MEAF6	False
ENST00000257548	10.661669	1.665434	1.2108816	-0.4545524	0.5166176	0.8587697515903885	-0.28683080571116815	ENSG00000135093.13	USP30	False
ENST00000543683	21.008654	2.3448465	1.8900944	-0.4547521	0.66732454	0.9124991026791659	-0.17566290228373876	ENSG00000140990.15	NDUFB10	False
ENST00000309352	8.0	1.1663928	0.7116049	-0.4547879	0.41857377	0.836886090598871	-0.37822799345374336	ENSG00000204316.13	MRPL38	False
ENST00000530958	27.46264	2.4987047	2.0437996	-0.45490503	0.7767832	0.9442272701652389	-0.10970016016004071	ENSG00000149311.22	ATM	False
ENST00000341423	986.3962	7.34265	6.887353	-0.455297	0.29735288	0.8111088466013822	-0.5267278504518823	ENSG00000189403.15	HMGB1	False
ENST00000371045	125.98053	4.5771255	4.1218176	-0.45530796	0.3253422	0.8142173533113395	-0.48765959003435955	ENSG00000184588.18	PDE4B	False
ENST00000264710	671.3	7.127634	6.6718636	-0.4557705	0.20967169	0.8093544299533921	-0.6784602020875086	ENSG00000084733.11	RAB10	False
ENST00000308086	33.179092	2.7636273	2.3077736	-0.4558537	0.47666094	0.8504371505934152	-0.32179043756257975	ENSG00000173451.7	THAP2	False
ENST00000520659	16.020428	1.0302831	0.57405716	-0.45622593	0.5890457	0.8833190777203832	-0.22985100747231263	ENSG00000164823.11	OSGIN2	False
ENST00000540479	43.001747	1.6767055	1.2203562	-0.45634925	0.7856309	0.9474684877195458	-0.10478145352329483	ENSG00000129007.16	CALML4	False
ENST00000202773	4214.3857	9.510591	9.054061	-0.45652962	0.3511766	0.8172002775093227	-0.4544744429113748	ENSG00000089009.16	RPL6	False
ENST00000380843	51.45646	3.5732358	3.11643	-0.4568057	0.3114248	0.8118754707110037	-0.5066468172047641	ENSG00000101365.21	IDH3B	False
ENST00000317147	8.75691	1.107121	0.65031374	-0.45680726	0.6468596	0.9052892647937676	-0.18918998137106635	ENSG00000125107.19	CNOT1	False
ENST00000382989	123.19247	4.4864097	4.0293055	-0.4571042	0.46859792	0.8496539504698483	-0.329199644629143	ENSG00000196549.13	MME	False
ENST00000450315	16.0	1.6052847	1.1480708	-0.45721388	0.60680604	0.8902000191870786	-0.21695010513781382	ENSG00000174837.15	ADGRE1	False
ENST00000380249	10.201704	0.9869604	0.52947783	-0.45748258	0.54792345	0.8693177891645862	-0.26128011566134046	ENSG00000188352.13	FOCAD	False
ENST00000538260	40.918217	2.9661016	2.5086112	-0.45749044	0.80334693	0.9548053665011769	-0.09509686059201301	ENSG00000114098.18	ARMC8	False
ENST00000647406	23.351717	1.7767996	1.3189018	-0.45789778	0.6485099	0.9058007019088778	-0.1880833765368113	ENSG00000237489.5	C10orf143	False
ENST00000239878	321.94604	5.6966214	5.2381225	-0.45849895	0.36561078	0.8185742609699567	-0.4369810095984714	ENSG00000120686.12	UFM1	False
ENST00000542923	14.529241	1.2169098	0.7580663	-0.45884347	0.59380144	0.8854386196300512	-0.22635875442301648	ENSG00000120860.11	WASHC3	True
ENST00000307954	556.78705	6.6103606	6.151091	-0.45926952	0.21135028	0.8093544299533921	-0.6749971785032554	ENSG00000217128.13	FNIP1	False
ENST00000485727	13.89004	1.585688	1.1261429	-0.45954514	0.44551617	0.845708078626981	-0.3511365295373866	ENSG00000175455.16	CCDC14	False
ENST00000300589	49.21402	1.414414	0.9548249	-0.45958912	0.7355612	0.9332952846121519	-0.13338119206223686	ENSG00000167207.15	NOD2	False
ENST00000307662	11.512746	1.7847837	1.3247551	-0.46002865	0.345621	0.81719736681995	-0.4613998903907997	ENSG00000171992.13	SYNPO	False
ENST00000594797	326.58643	5.9657187	5.5053997	-0.46031904	0.23912658	0.8093544299533921	-0.6213721510875365	ENSG00000229833.11	PET100	False
ENST00000307961	6254.56	10.059189	9.598732	-0.46045685	0.41292682	0.8335547892968123	-0.38412690530781984	ENSG00000174444.15	RPL4	False
ENST00000652332	45.264946	3.397155	2.9366608	-0.46049428	0.45189235	0.8472077019271466	-0.3449650144016961	ENSG00000155660.11	PDIA4	False
ENST00000586375	139.12553	4.886389	4.425166	-0.46122265	0.41589865	0.8357871359338338	-0.38101248842158164	ENSG00000179262.10	RAD23A	True
ENST00000309758	572.2	6.730681	6.268982	-0.461699	0.4897596	0.85373409407385	-0.3100170475880651	ENSG00000173110.8	HSPA6	False
ENST00000508376	31.475702	1.5327845	1.0710826	-0.46170187	0.71053976	0.9247660845973286	-0.14841161613745146	ENSG00000134982.19	APC	False
ENST00000404136	60.10721	3.0509021	2.5889764	-0.46192575	0.7236017	0.9290277801612368	-0.1405004221724265	ENSG00000163510.14	CWC22	False
ENST00000311117	175.87772	4.438852	3.9768412	-0.46201062	0.7881251	0.9488831776198902	-0.10340484221704088	ENSG00000005483.23	KMT2E	False
ENST00000433983	417.60565	6.3081036	5.8459363	-0.46216726	0.2752964	0.8093544299533921	-0.5601994834442042	ENSG00000140374.17	ETFA	False
ENST00000398844	58.55407	3.5855122	3.1232328	-0.46227932	0.25648373	0.8093544299533921	-0.590940172884749	ENSG00000113615.13	SEC24A	False
ENST00000431367	46.39198	2.6550543	2.192462	-0.46259236	0.7204806	0.9282378938763396	-0.14237769613562085	ENSG00000123411.15	IKZF4	False
ENST00000318238	184.41917	5.138448	4.6755085	-0.46293974	0.5561486	0.8725429329491033	-0.254809160553448	ENSG00000177409.12	SAMD9L	False
ENST00000360785	53.06344	3.2366202	2.773645	-0.46297526	0.70819056	0.9237315579253875	-0.14984986636523961	ENSG00000198547.10	C20orf203	False
ENST00000332839	275.1668	5.4581723	4.994977	-0.46319532	0.47708547	0.8504371505934152	-0.3214038089578296	ENSG00000183023.19	SLC8A1	False
ENST00000331800	30.207493	2.3125846	1.8493469	-0.46323776	0.5998458	0.8872137205946347	-0.2219603583656535	ENSG00000251247.13	ZNF345	False
ENST00000652388	15.3	1.8633896	1.3999923	-0.46339726	0.47879297	0.8504371505934152	-0.3198522390198733	ENSG00000138614.16	INTS14	False
ENST00000272462	12.902865	1.3669907	0.9034754	-0.46351528	0.49977055	0.8548764927378353	-0.30122933747618547	ENSG00000144063.4	MALL	False
ENST00000691252	51.93453	2.7818253	2.3181796	-0.4636457	0.7841797	0.946795898683074	-0.10558441136113102	ENSG00000183718.6	TRIM52	False
ENST00000306315	41.81416	1.1915454	0.7278281	-0.46371728	0.68468255	0.9173021276178854	-0.1645107417746643	ENSG00000168916.16	ZNF608	False
ENST00000409339	9.354525	1.1983534	0.7346202	-0.4637332	0.29510626	0.8111088466013822	-0.5300215749474797	ENSG00000146918.20	NCAPG2	False
ENST00000261366	47.7	3.013605	2.549455	-0.4641502	0.6805452	0.9163592447993505	-0.16714301790313477	ENSG00000113368.12	LMNB1	False
ENST00000374358	622.3	6.8321514	6.367874	-0.46427727	0.20503494	0.8093544299533921	-0.6881721214844985	ENSG00000183726.11	TMEM50A	False
ENST00000243346	1027.7404	7.62678	7.1622877	-0.46449232	0.36521113	0.8185742609699567	-0.43745599654977263	ENSG00000123609.11	NMI	False
ENST00000424185	23.8	2.234672	1.7697686	-0.46490347	0.46291304	0.8485544709786854	-0.33450058864125387	ENSG00000213995.12	NAXD	False
ENST00000502623	29.382086	2.2636697	1.7987511	-0.4649186	0.65055865	0.9062377297493507	-0.1867135439332587	ENSG00000172262.12	ZNF131	False
ENST00000337137	136.15097	3.825136	3.3601909	-0.46494508	0.7730626	0.9432727370709886	-0.11178534438080215	ENSG00000054611.14	TBC1D22A	False
ENST00000336283	214.31918	5.3361373	4.8711424	-0.4649949	0.40714863	0.831725697822197	-0.39024702282205115	ENSG00000213523.12	SRA1	False
ENST00000332549	1274.2808	7.477506	7.0121365	-0.4653697	0.568487	0.8763048704299534	-0.2452794709375616	ENSG00000115590.14	IL1R2	False
ENST00000552215	814.0563	7.332117	6.866685	-0.46543217	0.31809917	0.8118754707110037	-0.4974374628132094	ENSG00000111666.11	CHPT1	False
ENST00000525317	135.86797	4.5676794	4.102172	-0.4655075	0.48312533	0.8517809635604503	-0.31594019297460585	ENSG00000110172.12	CHORDC1	False
ENST00000390005	19.15957	1.9519873	1.4862833	-0.46570396	0.47544408	0.8500118764885034	-0.3229005572771271	ENSG00000144535.20	DIS3L2	False
ENST00000379611	103.54558	3.8448985	3.3784988	-0.46639967	0.5172666	0.8587697515903885	-0.2862855870707873	ENSG00000164221.13	CCDC112	False
ENST00000264595	117.4	4.4821553	4.0156813	-0.46647406	0.31439626	0.8118754707110037	-0.5025226258930545	ENSG00000038002.9	AGA	False
ENST00000528313	38.437077	1.8133999	1.3466884	-0.46671152	0.7409551	0.9350245071241121	-0.1302080999480544	ENSG00000156738.18	MS4A1	True
ENST00000476688	172.70975	4.9365487	4.4697323	-0.46681643	0.35924888	0.8183252159569281	-0.44460458129949537	ENSG00000116337.20	AMPD2	False
ENST00000376744	508.7688	6.5232215	6.0559034	-0.46731806	0.12049925	0.8093544299533921	-0.9190156443788718	ENSG00000139370.12	SLC15A4	False
ENST00000361335	706.9	6.9149756	6.4475303	-0.46744537	0.52695435	0.8628966334781174	-0.2782270036897341	ENSG00000212907.2	MT-ND4L	False
ENST00000526586	54.84513	2.7675817	2.2997668	-0.46781492	0.7727346	0.9432727370709886	-0.11196965120792036	ENSG00000140988.16	RPS2	False
ENST00000686588	195.6892	5.190896	4.723027	-0.4678688	0.6922678	0.9191840519902572	-0.15972588394944592	ENSG00000118058.25	KMT2A	False
ENST00000389995	245.45712	4.759072	4.29113	-0.46794176	0.796881	0.9516382282533442	-0.09860651697875097	ENSG00000142168.15	SOD1	True
ENST00000379666	114.02214	4.2454095	3.777421	-0.4679885	0.39954185	0.8298121044971967	-0.3984377185229376	ENSG00000243147.8	MRPL33	True
ENST00000592258	31.60108	2.698845	2.2308464	-0.4679985	0.565846	0.8756247794447481	-0.24730172990760685	ENSG00000067596.12	DHX8	True
ENST00000706600	82.86967	3.7809038	3.3124106	-0.46849322	0.54995424	0.8698453977153369	-0.25967344882105414	ENSG00000005893.17	LAMP2	False
ENST00000509337	7.15884	0.9221136	0.45349345	-0.46862015	0.55368215	0.8717936114517454	-0.2567394785682249	ENSG00000153071.15	DAB2	False
ENST00000430889	10.2	1.1023334	0.63355684	-0.46877658	0.4406032	0.8446156514523803	-0.3559523563232461	ENSG00000198353.8	HOXC4	False
ENST00000367026	21.760296	1.5250822	1.0562835	-0.46879876	0.63082767	0.8998400021113475	-0.20008926867818289	ENSG00000009790.15	TRAF3IP3	False
ENST00000574451	7.21037	1.0680513	0.5991614	-0.46888995	0.3870748	0.8251442301950499	-0.41220510379277125	ENSG00000141127.15	PRPSAP2	False
ENST00000517315	14.283435	1.9126514	1.443707	-0.46894443	0.4321311	0.841580152500052	-0.3643844651877415	ENSG00000156831.8	NSMCE2	False
ENST00000272065	122.62954	4.512478	4.043441	-0.46903706	0.55948484	0.8736187755043462	-0.2522116772089471	ENSG00000143727.16	ACP1	False
ENST00000261461	334.30435	5.8521714	5.3828964	-0.469275	0.393771	0.8285892554089693	-0.4047562794372271	ENSG00000066027.12	PPP2R5A	False
ENST00000400888	24.040546	2.0499222	1.5805198	-0.46940243	0.651555	0.9064197091743617	-0.18604891695515086	ENSG00000121807.7	CCR2	False
ENST00000255174	338.08478	5.9941654	5.5247507	-0.4694147	0.18048476	0.8093544299533921	-0.7435594713500797	ENSG00000132823.11	OSER1	False
ENST00000507812	73.018845	3.8618386	3.3919525	-0.46988606	0.33360195	0.8151257885629049	-0.4767714173680819	ENSG00000151883.20	PARP8	False
ENST00000393704	22.624622	1.7353145	1.2653129	-0.47000158	0.5452906	0.8692662506126195	-0.26337199733646494	ENSG00000198948.12	MFAP3L	False
ENST00000414276	13.799185	1.5317208	1.0615311	-0.4701897	0.49937394	0.8548764927378353	-0.30157412292654256	ENSG00000117362.13	APH1A	False
ENST00000620405	27.271427	2.4427803	1.9722254	-0.47055483	0.67960393	0.9160714841034383	-0.1677441156260737	ENSG00000272398.6	CD24	False
ENST00000461526	41.256683	3.0986693	2.6279893	-0.47068	0.35661194	0.8176176581231089	-0.4478041232750694	ENSG00000143669.16	LYST	False
ENST00000237853	91.72049	3.9568484	3.486064	-0.47078443	0.41067934	0.832617160533705	-0.3864971442177412	ENSG00000118985.16	ELL2	False
ENST00000430711	15.180002	1.6253144	1.1545236	-0.47079074	0.5262039	0.8628966334781174	-0.2788459615537962	ENSG00000215018.10	COL28A1	True
ENST00000301821	2401.2834	8.727597	8.2567005	-0.47089672	0.36435816	0.8185742609699567	-0.4384715034399547	ENSG00000168028.15	RPSA	False
ENST00000422537	29.404545	2.1749809	1.7039154	-0.47106552	0.72089183	0.9284856217274275	-0.14212989439668688	ENSG00000158411.11	MITD1	False
ENST00000351193	37.02146	2.44402	1.9728534	-0.4711666	0.52848226	0.8637495285395624	-0.27696958781373476	ENSG00000169251.13	NMD3	False
ENST00000415914	358.7761	5.9691243	5.4979105	-0.47121382	0.31338608	0.8118754707110037	-0.5039202942836718	ENSG00000177683.14	THAP5	False
ENST00000341285	1714.9397	8.245109	7.7738543	-0.47125435	0.25409248	0.8093544299533921	-0.5950081798772746	ENSG00000118564.15	FBXL5	False
ENST00000262197	35.50293	2.2219982	1.7505386	-0.47145963	0.6450447	0.9047167310655528	-0.19041019928636033	ENSG00000101546.13	RBFA	False
ENST00000353278	96.81758	3.9380054	3.4664483	-0.47155714	0.27010402	0.8093544299533921	-0.568468950751431	ENSG00000163817.17	SLC6A20	False
ENST00000286063	61.19358	3.5450888	3.0734801	-0.47160864	0.4315498	0.8412974625074756	-0.3649690928839605	ENSG00000128655.19	PDE11A	False
ENST00000413409	58.397522	3.2107308	2.739092	-0.47163868	0.42971346	0.840824720967489	-0.36682104481119227	ENSG00000081237.21	PTPRC	False
ENST00000654015	63.852966	3.0023594	2.5306795	-0.47167993	0.68108445	0.9165289327582022	-0.16679903249551983	ENSG00000162775.17	RBM15	False
ENST00000370500	191.9	5.020933	4.5492	-0.4717331	0.43024388	0.840824720967489	-0.3662852990217323	ENSG00000137947.12	GTF2B	False
ENST00000684390	151.5025	4.6232176	4.1514025	-0.4718151	0.40182912	0.8298121044971967	-0.3959585899479466	ENSG00000205085.13	GARIN1A	False
ENST00000395514	14.959961	1.3727306	0.90074486	-0.47198576	0.60383606	0.8899335403414427	-0.219080955564668	ENSG00000131979.20	GCH1	False
ENST00000451320	239.56348	5.390656	4.918355	-0.472301	0.26504555	0.8093544299533921	-0.576679477346418	ENSG00000164144.16	ARFIP1	False
ENST00000465045	14.120111	1.6063577	1.1332773	-0.4730804	0.6178766	0.895079830772783	-0.20909825944021534	ENSG00000136147.18	PHF11	False
ENST00000704377	836.90515	7.4373193	6.964213	-0.47310638	0.285822	0.8106393935615843	-0.5439043399866511	ENSG00000233276.9	GPX1	False
ENST00000672911	11.352362	1.4111363	0.9380065	-0.47312975	0.6162394	0.8944279309061053	-0.21025051789681723	ENSG00000164022.18	AIMP1	False
ENST00000619513	926.21875	7.3908443	6.9174457	-0.4733987	0.2543905	0.8093544299533921	-0.5944990975350909	ENSG00000235750.10	KIAA0040	True
ENST00000704274	206.57622	5.422951	4.949071	-0.4738803	0.16241091	0.8093544299533921	-0.7893847871598266	ENSG00000065526.13	SPEN	False
ENST00000355731	27.59689	1.7373327	1.263433	-0.47389972	0.6997259	0.9212025833663481	-0.1550720345108397	ENSG00000198242.14	RPL23A	False
ENST00000303436	108.33661	3.4379041	2.9639187	-0.47398543	0.7394569	0.9345775597603275	-0.13108713891703386	ENSG00000168374.11	ARF4	False
ENST00000614949	527.32947	6.049786	5.575748	-0.47403812	0.52902514	0.8639512354723137	-0.2765236913195172	ENSG00000015475.19	BID	False
ENST00000380769	64.28845	3.477785	3.0034757	-0.47430944	0.5634671	0.8750364609798353	-0.24913144796460368	ENSG00000124535.16	WRNIP1	False
ENST00000669138	27.035925	2.295883	1.821555	-0.47432792	0.55476147	0.8719910230509131	-0.2558937102224479	ENSG00000186409.19	CCDC30	False
ENST00000371946	22.191929	1.5320644	1.0576363	-0.47442818	0.73266166	0.9328989707216432	-0.13509653172805983	ENSG00000079277.22	MKNK1	False
ENST00000504170	25.016006	2.3995647	1.9250596	-0.4745052	0.33468518	0.8158433703746901	-0.47536352235579277	ENSG00000155329.12	ZCCHC10	False
ENST00000495831	11.22324	1.4509121	0.97636086	-0.47455126	0.5086178	0.8561468013132967	-0.2936084293000163	ENSG00000136286.16	MYO1G	True
ENST00000676147	528.0607	5.51139	5.036762	-0.47462797	0.8231116	0.9597574746967461	-0.08454128112698442	ENSG00000075785.14	RAB7A	False
ENST00000219919	996.8087	7.4568195	6.981885	-0.47493458	0.19028644	0.8093544299533921	-0.7205921528453495	ENSG00000103569.11	AQP9	False
ENST00000060969	81.87436	3.840491	3.365486	-0.47500515	0.5233836	0.8618517854807809	-0.2811798754745918	ENSG00000052723.12	SIKE1	False
ENST00000613258	65.23744	3.150089	2.6748087	-0.47528028	0.68795353	0.9178436063724108	-0.1624408954702186	ENSG00000124789.12	NUP153	False
ENST00000616028	17.416904	1.4020363	0.9263858	-0.4756505	0.4668129	0.8496341381971517	-0.33085714303431707	ENSG00000213096.11	ZNF254	False
ENST00000589453	10.934199	1.7503175	1.2745212	-0.47579622	0.49620533	0.8537766521893764	-0.3043385751473156	ENSG00000196605.7	ZNF846	True
ENST00000698118	155.16579	4.748249	4.27237	-0.4758792	0.47339562	0.8500118764885034	-0.32477576845105316	ENSG00000183918.18	SH2D1A	False
ENST00000417009	9.710885	1.0888029	0.6128631	-0.4759398	0.53083116	0.8648242843919811	-0.2750435933051273	ENSG00000127922.10	SEM1	True
ENST00000307864	48.581425	3.089318	2.6133018	-0.47601628	0.54266924	0.8680718729934456	-0.2654647974135036	ENSG00000042286.15	AIFM2	False
ENST00000341329	64.1	2.9710245	2.4949918	-0.47603273	0.6828638	0.9167149835259957	-0.16566592736735997	ENSG00000144468.17	RHBDD1	False
ENST00000443963	339.91495	5.5083137	5.032054	-0.4762597	0.5117111	0.8573422501952089	-0.29097514475328623	ENSG00000156976.17	EIF4A2	True
ENST00000529761	108.657974	2.3117702	1.8354757	-0.47629452	0.77256835	0.9431975121026829	-0.11206309044839984	ENSG00000172243.18	CLEC7A	False
ENST00000641322	121.77462	4.6210513	4.144547	-0.47650433	0.31710538	0.8118754707110037	-0.4987963860121126	ENSG00000172146.4	OR1A1	False
ENST00000683836	17.43807	1.1892732	0.71261364	-0.4766596	0.65824044	0.909774240431507	-0.18161544132608753	ENSG00000116128.12	BCL9	False
ENST00000374278	13.201521	1.8015462	1.3248353	-0.47671092	0.43503496	0.842654100473947	-0.36147584064130583	ENSG00000158014.15	SLC30A2	False
ENST00000511392	21.878025	1.5201129	1.0433547	-0.47675812	0.6119662	0.8924767740121592	-0.2132725692264806	ENSG00000091527.17	CDV3	False
ENST00000352066	73.36841	1.544686	1.0678794	-0.47680652	0.75347006	0.9367964491441557	-0.12293399834760653	ENSG00000213024.13	NUP62	False
ENST00000390542	33.240074	1.3079305	0.8311123	-0.47681814	0.66373724	0.9108073128400928	-0.17800381657989092	ENSG00000211896.7	IGHG1	True
ENST00000521606	52.817482	2.4267814	1.9497868	-0.47699463	0.74359	0.9355937462011744	-0.12866646095271525	ENSG00000145860.13	RNF145	False
ENST00000469404	56.336815	2.7476225	2.2704754	-0.4771471	0.6136299	0.8930687559101305	-0.2120935027965096	ENSG00000158092.7	NCK1	False
ENST00000286317	39.3	2.2104409	1.7332199	-0.477221	0.7173971	0.9272141667828993	-0.14424038701460248	ENSG00000155868.8	MED7	False
ENST00000599461	129.1	4.526241	4.0490007	-0.4772401	0.23283662	0.8093544299533921	-0.6329487156568343	ENSG00000196268.12	ZNF493	False
ENST00000486944	24.00002	2.4995973	2.0223258	-0.47727156	0.34949094	0.81719736681995	-0.45656407746076283	ENSG00000171121.17	KCNMB3	True
ENST00000376049	274.80975	5.750643	5.27295	-0.4776926	0.28513148	0.8106393935615843	-0.5449548251674623	ENSG00000204472.13	AIF1	False
ENST00000476832	157.2437	4.9127746	4.434714	-0.47806072	0.20633051	0.8093544299533921	-0.6854365525710181	ENSG00000119523.10	ALG2	False
ENST00000558843	41.863182	3.1228292	2.6447508	-0.47807837	0.32401228	0.8142173533113395	-0.48943853046439356	ENSG00000166200.15	COPS2	False
ENST00000361745	28.047094	2.5628698	2.084763	-0.47810674	0.47698128	0.8504371505934152	-0.32149866326995324	ENSG00000178028.14	DMAP1	False
ENST00000316052	11.433966	0.9698687	0.49174005	-0.47812867	0.49169788	0.8537766521893764	-0.308301666285475	ENSG00000178896.9	EXOSC4	False
ENST00000560562	112.26072	4.1622863	3.68403	-0.47825623	0.50725096	0.8558786284660064	-0.2947771183939501	ENSG00000185215.11	TNFAIP2	False
ENST00000371953	1264.7363	7.5428233	7.064408	-0.4784155	0.42179677	0.838029552988072	-0.3748967514164807	ENSG00000171862.16	PTEN	False
ENST00000524698	33.32351	1.269477	0.7910339	-0.4784431	0.67286646	0.9141728887441399	-0.17207111683013698	ENSG00000198431.18	TXNRD1	False
ENST00000334462	23.3	2.0280728	1.5495758	-0.47849703	0.56597984	0.8756247794447481	-0.24719903920051953	ENSG00000168890.14	TMEM150A	False
ENST00000685505	20.29798	1.1622653	0.68369716	-0.47856814	0.6488037	0.9058007019088778	-0.18788667477243998	ENSG00000181555.22	SETD2	False
ENST00000310614	111.71179	4.5356555	4.05691	-0.47874546	0.29127508	0.8109740254625081	-0.5356966637965962	ENSG00000175581.14	MRPL48	False
ENST00000552075	10.4	0.9906876	0.5116978	-0.47898978	0.5544357	0.8719910230509131	-0.25614883656896725	ENSG00000198673.11	TAFA2	False
ENST00000528677	224.56314	5.1099057	4.6308994	-0.4790063	0.69985044	0.9212025833663481	-0.1549947600022348	ENSG00000159314.13	ARHGAP27	False
ENST00000356799	6.3933196	1.2683753	0.7889989	-0.47937638	0.68204355	0.9165294746754324	-0.16618789226066716	ENSG00000118518.17	RNF146	False
ENST00000683961	271.14114	3.4576623	2.9781442	-0.47951818	0.8469352	0.9654158896740946	-0.07214981030824491	ENSG00000172349.19	IL16	False
ENST00000453514	122.150856	4.442907	3.9633336	-0.47957325	0.3184895	0.8118754707110037	-0.49690489195643206	ENSG00000164329.15	TENT2	False
ENST00000675331	76.91855	1.5934185	1.1137501	-0.47966838	0.7593824	0.938790070041057	-0.11953945731302659	ENSG00000007168.15	PAFAH1B1	False
ENST00000267549	760.70264	7.063423	6.5837326	-0.47969055	0.2518527	0.8093544299533921	-0.5988534041249927	ENSG00000140030.6	GPR65	False
ENST00000544040	236.1437	4.0112967	3.5314286	-0.47986817	0.8312214	0.9617724706824102	-0.08028328340463556	ENSG00000111642.16	CHD4	False
ENST00000297792	61.951714	3.5538113	3.0734544	-0.48035693	0.5703225	0.8768692392893742	-0.24387948422637157	ENSG00000165097.16	KDM1B	False
ENST00000478753	245.1	5.457421	4.977036	-0.48038483	0.28508192	0.8106393935615843	-0.5450303203502799	ENSG00000179918.19	SEPHS2	True
ENST00000316077	78.844826	3.7227952	3.2423742	-0.48042107	0.66126233	0.9104548772915186	-0.179626214730499	ENSG00000129680.16	MAP7D3	False
ENST00000304905	27.923792	1.85107	1.3706188	-0.48045123	0.6896296	0.9186431748190395	-0.16138409713401272	ENSG00000172123.14	SLFN12	False
ENST00000684824	157.12381	3.7987928	3.3183334	-0.48045945	0.8347692	0.962643068203717	-0.07843358876188496	ENSG00000165732.14	DDX21	False
ENST00000379270	1408.281	7.9046626	7.4240866	-0.48057604	0.4363239	0.842654100473947	-0.3601909866239963	ENSG00000130066.17	SAT1	False
ENST00000612832	32.51807	2.1722853	1.690999	-0.4812863	0.7264239	0.930214042416521	-0.13880986409333812	ENSG00000107863.20	ARHGAP21	False
ENST00000612149	64.109886	3.567425	3.0857959	-0.48162913	0.6944707	0.9200987304432667	-0.15834607034742368	ENSG00000162929.14	SANBR	False
ENST00000435193	28.9	1.8925682	1.4109077	-0.4816605	0.6370676	0.9019592901630423	-0.19581447081827963	ENSG00000163600.13	ICOS	False
ENST00000649141	256.73315	5.2959065	4.8141465	-0.48176003	0.4663721	0.8494197755236921	-0.33126743615020554	ENSG00000206418.5	RAB12	False
ENST00000493459	23.053173	2.1764925	1.6946945	-0.48179793	0.6520169	0.9065143079276402	-0.18574116196285953	ENSG00000152601.18	MBNL1	False
ENST00000357332	18.8	2.3169076	1.8350992	-0.48180842	0.18006854	0.8093544299533921	-0.7445621624910769	ENSG00000198356.12	GET3	False
ENST00000645377	89.48714	4.1610556	3.6791666	-0.481889	0.29356351	0.8111088466013822	-0.5322979209678631	ENSG00000185825.17	BCAP31	False
ENST00000502814	21.421595	1.9724957	1.4906017	-0.48189402	0.6304358	0.8998400021113475	-0.20035911611705473	ENSG00000145916.19	RMND5B	True
ENST00000411646	72.18069	2.5582476	2.0762937	-0.48195386	0.7137715	0.9257062139447186	-0.14644078345429365	ENSG00000232388.5	SMIM26	True
ENST00000279022	254.93303	5.2016606	4.7197027	-0.4819579	0.5961581	0.8864787884257102	-0.22463856019594247	ENSG00000101335.10	MYL9	False
ENST00000380492	621.8835	6.8717556	6.3896923	-0.4820633	0.1769462	0.8093544299533921	-0.7521587768277997	ENSG00000130150.12	MOSPD2	False
ENST00000243997	5157.823	10.1151705	9.632998	-0.482172	0.091687754	0.8093544299533921	-1.0376886666607614	ENSG00000124172.10	ATP5F1E	True
ENST00000358666	10.9622755	1.5000776	1.0175179	-0.48255968	0.57820964	0.8796180154259889	-0.23791467303550223	ENSG00000198258.11	UBL5	False
ENST00000713841	26.178125	1.5805578	1.0978795	-0.4826783	0.65822583	0.909774240431507	-0.18162507630477948	ENSG00000149311.22	ATM	False
ENST00000411935	24.49749	2.182101	1.6994072	-0.4826938	0.59501046	0.8857731799485989	-0.2254753999356591	ENSG00000170379.21	TCAF2	False
ENST00000370630	424.62125	6.2524433	5.769717	-0.4827261	0.18281856	0.8093544299533921	-0.7379797119131707	ENSG00000117151.13	CTBS	False
ENST00000263280	31.070395	2.2521544	1.7692902	-0.48286414	0.51498264	0.8587509528528511	-0.2882074100975993	ENSG00000090372.15	STRN4	False
ENST00000628813	371.08862	5.9969	5.5136566	-0.48324347	0.32978672	0.8142173533113395	-0.48176683948138416	ENSG00000122674.12	CCZ1	False
ENST00000330029	332.12646	6.0067716	5.523001	-0.48377037	0.24442537	0.8093544299533921	-0.6118537164366962	ENSG00000184076.13	UQCR10	False
ENST00000310981	41.98474	2.2149506	1.7307241	-0.48422647	0.72304016	0.9287453485071263	-0.1408375777962851	ENSG00000173349.6	SFT2D3	False
ENST00000323984	19.3	2.0912855	1.6067247	-0.48456073	0.5133309	0.8579435221911546	-0.28960261216162875	ENSG00000004866.22	ST7	False
ENST00000409765	19.437311	1.5833267	1.0987651	-0.48456156	0.52147543	0.8613123760021345	-0.282766145526647	ENSG00000169193.12	CCDC126	False
ENST00000371344	421.39532	6.3140397	5.829032	-0.48500776	0.20127138	0.8093544299533921	-0.6962179650007965	ENSG00000116209.12	TMEM59	False
ENST00000513339	512.0704	6.53194	6.046714	-0.48522615	0.15274873	0.8093544299533921	-0.8160223812411552	ENSG00000129625.13	REEP5	False
ENST00000440506	10.843547	1.3103713	0.82507336	-0.48529792	0.6278479	0.8992586951931271	-0.20214554715271507	ENSG00000136560.14	TANK	False
ENST00000514251	293.6444	5.633066	5.147635	-0.4854312	0.36573267	0.8185742609699567	-0.43683624367258206	ENSG00000177311.12	ZBTB38	False
ENST00000689921	28.043402	1.5924295	1.1069427	-0.48548687	0.6444288	0.9044220084563014	-0.1908250658755488	ENSG00000158615.10	PPP1R15B	False
ENST00000394439	50.02904	2.6755455	2.1896105	-0.48593497	0.6155931	0.8943823602585034	-0.21070627379750806	ENSG00000138735.16	PDE5A	False
ENST00000357847	71.10217	3.7034252	3.2174168	-0.4860084	0.30180097	0.8118754707110037	-0.5202793740967514	ENSG00000146416.19	AIG1	False
ENST00000589265	50.483673	2.6358967	2.1498766	-0.4860201	0.74948967	0.936236640367669	-0.1252343514091177	ENSG00000030582.19	GRN	False
ENST00000372330	361.3	5.6701016	5.184047	-0.48605442	0.53746355	0.8669369265370219	-0.269650987031189	ENSG00000100985.7	MMP9	False
ENST00000618836	3111.8208	9.302239	8.816003	-0.48623657	0.069884	0.8093544299533921	-1.1556222312308047	ENSG00000109332.20	UBE2D3	False
ENST00000414723	38.70945	2.5787382	2.092439	-0.48629928	0.49522182	0.8537766521893764	-0.3052002250606989	ENSG00000115271.11	GCA	False
ENST00000342972	65.4	3.01157	2.5251522	-0.48641777	0.60678685	0.8902000191870786	-0.2169638416748191	ENSG00000187601.5	MAGEH1	False
ENST00000369679	28.020838	1.5824698	1.0960157	-0.48645413	0.67441523	0.9142632374641173	-0.1710726303221648	ENSG00000065615.14	CYB5R4	False
ENST00000482504	100.69725	4.0617185	3.5752144	-0.48650408	0.5952616	0.8857731799485989	-0.22529215176530085	ENSG00000097033.15	SH3GLB1	False
ENST00000216373	227.6685	5.499531	5.0127397	-0.48679113	0.4238059	0.8384024579381989	-0.37283300928560836	ENSG00000100485.12	SOS2	False
ENST00000556946	83.75972	4.130695	3.6435645	-0.4871304	0.1792287	0.8093544299533921	-0.7465924616312967	ENSG00000078304.20	PPP2R5C	False
ENST00000367763	27.326946	2.0572379	1.5700874	-0.48715043	0.5870821	0.8826128203198247	-0.23130116984240023	ENSG00000120370.14	GORAB	False
ENST00000657480	145.6232	4.087523	3.6001492	-0.48737383	0.7578143	0.938541525608948	-0.12043721061872577	ENSG00000163681.17	SLMAP	False
ENST00000381801	350.72754	5.9200683	5.432579	-0.48748922	0.24565957	0.8093544299533921	-0.6096663040691217	ENSG00000139505.13	MTMR6	False
ENST00000646965	33.256653	1.3889984	0.9011345	-0.4878639	0.65961593	0.9101539440874783	-0.1807088619433157	ENSG00000205981.9	DNAJC19	False
ENST00000543680	437.38208	6.1393013	5.651353	-0.48794842	0.35452974	0.8173803121090482	-0.4503473297539353	ENSG00000100485.12	SOS2	False
ENST00000601048	28.7	2.4407806	1.9526246	-0.48815608	0.46600002	0.8494197755236921	-0.3316140642010451	ENSG00000178980.16	SELENOW	False
ENST00000433590	15.80054	1.9749318	1.4866909	-0.48824096	0.37958318	0.8231329589941108	-0.4206930402290278	ENSG00000197614.11	MFAP5	False
ENST00000436066	17.5	1.6827415	1.194144	-0.4885975	0.5120947	0.8575421720631505	-0.29064973887178897	ENSG00000166289.6	PLEKHF1	False
ENST00000423059	13.6017	1.4064655	0.91756517	-0.48890036	0.49636114	0.8537766521893764	-0.304202229775909	ENSG00000005108.17	THSD7A	False
ENST00000646223	1440.5227	7.963061	7.474063	-0.48899794	0.1977211	0.8093544299533921	-0.7039469954679788	ENSG00000215301.11	DDX3X	True
ENST00000323348	21.889828	1.8400129	1.350909	-0.4891039	0.67951614	0.9160714841034383	-0.16780022550511442	ENSG00000163516.14	ANKZF1	False
ENST00000416526	8.4	0.8958492	0.40665728	-0.48919195	0.46165127	0.8481416265840513	-0.3356859694794156	ENSG00000064961.19	HMG20B	False
ENST00000684478	53.341072	2.6187627	2.1294699	-0.48929286	0.6919542	0.9190707643921263	-0.15992265308693998	ENSG00000130640.15	TUBGCP2	False
ENST00000414645	148.10722	4.7589917	4.269583	-0.4894085	0.2326032	0.8093544299533921	-0.6333843013318396	ENSG00000156162.16	DPY19L4	False
ENST00000458483	29.442188	1.7105418	1.2208086	-0.48973322	0.6609367	0.9103843223966964	-0.17984012359416526	ENSG00000243708.11	PLA2G4B	False
ENST00000407441	11.100691	1.5283899	1.0385976	-0.48979235	0.733203	0.933091520486097	-0.1347757703622063	ENSG00000123983.15	ACSL3	False
ENST00000496664	15.03268	1.4770292	0.9869986	-0.4900306	0.5779259	0.8794550641073513	-0.23812782660684098	ENSG00000197381.18	ADARB1	False
ENST00000533495	70.22477	2.864068	2.373816	-0.49025202	0.77828735	0.9445930724984782	-0.10886002772732734	ENSG00000167325.15	RRM1	True
ENST00000647849	234.99854	5.39959	4.909155	-0.49043512	0.24153903	0.8093544299533921	-0.6170126798429753	ENSG00000164823.11	OSGIN2	False
ENST00000674163	784.65607	6.959188	6.4681563	-0.49103165	0.37338248	0.821489341905062	-0.4278460652643306	ENSG00000244754.9	N4BP2L2	False
ENST00000514224	7.8949623	1.2943059	0.8032619	-0.49104404	0.2665234	0.8093544299533921	-0.5742646697890972	ENSG00000127415.13	IDUA	False
ENST00000409315	63.09736	2.9202073	2.4291267	-0.49108052	0.6102215	0.8920468181599023	-0.21451249120366944	ENSG00000173744.18	AGFG1	False
ENST00000555625	50.067924	2.4983885	2.0069413	-0.4914472	0.7445349	0.935882830083255	-0.12811493425086173	ENSG00000100554.12	ATP6V1D	False
ENST00000443193	1284.0634	8.002895	7.511154	-0.49174118	0.27431208	0.8093544299533921	-0.5617550684179073	ENSG00000203747.13	FCGR3A	False
ENST00000569314	12.131225	1.3450588	0.8532634	-0.49179542	0.45859408	0.8478742186373767	-0.3385715523005036	ENSG00000066933.17	MYO9A	False
ENST00000549596	232.08171	5.415924	4.923819	-0.492105	0.28693658	0.8109740254625081	-0.5422140806412927	ENSG00000187109.15	NAP1L1	False
ENST00000311912	30.694986	1.9258581	1.4337494	-0.4921087	0.5693085	0.8766304995710598	-0.24465231718119482	ENSG00000101916.12	TLR8	False
ENST00000608353	19.877872	2.200064	1.7076333	-0.4924307	0.56730705	0.8758872921733283	-0.2461818155416013	ENSG00000111850.11	SMIM8	False
ENST00000519295	122.26174	4.6636696	4.1711135	-0.4925561	0.6111006	0.8922290531111089	-0.21388727987456707	ENSG00000132842.15	AP3B1	False
ENST00000373695	10.878456	1.5912508	1.09864	-0.4926108	0.44928733	0.8470024537044705	-0.3474758331268616	ENSG00000147174.12	GCNA	False
ENST00000406053	73.80357	3.896259	3.403595	-0.4926641	0.23964368	0.8093544299533921	-0.6204340234462934	ENSG00000115239.24	ASB3	False
ENST00000304800	11.493994	1.1948925	0.70199805	-0.49289447	0.34354362	0.81719736681995	-0.4640181137645237	ENSG00000168701.19	TMEM208	False
ENST00000370092	14.860827	1.5863141	1.0932639	-0.49305022	0.49966812	0.8548764927378353	-0.3013183575189495	ENSG00000067829.20	IDH3G	False
ENST00000378670	502.53427	6.602387	6.109216	-0.49317074	0.19926073	0.8093544299533921	-0.700578290432521	ENSG00000164405.11	UQCRQ	True
ENST00000398146	21.26984	1.7039865	1.2107079	-0.49327862	0.6881814	0.9178436063724108	-0.16229706937367186	ENSG00000185304.16	RGPD2	False
ENST00000314138	14675.961	11.388905	10.895215	-0.49368954	0.22202498	0.8093544299533921	-0.6535981658508239	ENSG00000166441.13	RPL27A	False
ENST00000452973	133.08252	4.6382823	4.1441965	-0.4940858	0.25684732	0.8093544299533921	-0.5903249580777228	ENSG00000009844.16	VTA1	False
ENST00000536769	562.03723	6.8404717	6.3463597	-0.494112	0.20382023	0.8093544299533921	-0.6907527157012566	ENSG00000150991.16	UBC	False
ENST00000355265	9.622074	1.3009702	0.806481	-0.4944892	0.59976006	0.8872137205946347	-0.22202246194322378	ENSG00000197993.9	KEL	False
ENST00000366553	65.5845	3.602169	3.1075878	-0.49458122	0.5434883	0.8685822893933551	-0.26480978186678	ENSG00000203668.3	CHML	False
ENST00000511833	37.93817	2.2701201	1.7754449	-0.49467528	0.71432436	0.9257628911240795	-0.14610454220884864	ENSG00000182903.16	ZNF721	False
ENST00000366535	342.6	5.9585648	5.4637003	-0.49486446	0.4041231	0.8303453948335059	-0.39348632674415984	ENSG00000035687.10	ADSS2	False
ENST00000229314	100.4	3.7490919	3.2538443	-0.4952476	0.5465006	0.8693177891645862	-0.2624093384470681	ENSG00000111711.10	GOLT1B	False
ENST00000260746	175.0	4.909134	4.4133997	-0.4957342	0.26111478	0.8093544299533921	-0.5831685513402127	ENSG00000138175.9	ARL3	False
ENST00000607379	21.32817	2.0360978	1.5401347	-0.4959631	0.3668513	0.818999162668339	-0.43550993758873524	ENSG00000196550.11	FAM72A	True
ENST00000554087	73.17867	3.6353533	3.13931	-0.49604344	0.4914069	0.8537766521893764	-0.3085587605555532	ENSG00000100554.12	ATP6V1D	False
ENST00000337995	52.820038	3.2333946	2.7370505	-0.4963441	0.39292812	0.8283759992706762	-0.40568688584201423	ENSG00000197050.11	ZNF420	False
ENST00000413307	16.016838	1.7579765	1.2611763	-0.49680018	0.54514706	0.8692662506126195	-0.26348632466556965	ENSG00000118200.15	CAMSAP2	False
ENST00000367353	959.2129	7.4449177	6.9478736	-0.4970441	0.2290159	0.8093544299533921	-0.6401343614409849	ENSG00000162702.8	ZNF281	False
ENST00000519103	20.387314	1.768536	1.2713428	-0.49719322	0.6496544	0.9059168869193345	-0.18731762353709297	ENSG00000120963.12	ZNF706	True
ENST00000512066	42.334743	1.6737405	1.1761436	-0.49759686	0.7622693	0.939913304152022	-0.11789156054793314	ENSG00000118564.15	FBXL5	False
ENST00000514387	573.5991	6.6226525	6.1247816	-0.49787092	0.16278781	0.8093544299533921	-0.7883781194827312	ENSG00000062194.16	GPBP1	False
ENST00000388822	14.996155	2.2833116	1.785356	-0.49795556	0.62152565	0.8967485095493625	-0.20654094688813754	ENSG00000145388.15	METTL14	False
ENST00000689852	48.518623	2.632139	2.133521	-0.4986179	0.7529344	0.9367761286654671	-0.12324286255157184	ENSG00000134313.17	KIDINS220	False
ENST00000409896	319.96054	5.7977233	5.2990713	-0.49865198	0.58181435	0.8811550578047072	-0.23521557239219903	ENSG00000135968.22	GCC2	False
ENST00000355619	161.85014	4.765906	4.2671494	-0.4987564	0.32776904	0.8142173533113395	-0.4844320694694756	ENSG00000005812.11	FBXL3	False
ENST00000336440	92.67998	3.9812953	3.4825318	-0.49876356	0.28715774	0.8109740254625081	-0.5418794670212799	ENSG00000185650.10	ZFP36L1	False
ENST00000483063	176.5	4.9160576	4.417238	-0.49881935	0.31527323	0.8118754707110037	-0.5013129103017914	ENSG00000115350.12	POLE4	False
ENST00000684151	62.77635	1.683849	1.1849397	-0.49890924	0.7634889	0.9401029606032483	-0.11719727896615113	ENSG00000146433.11	TMEM181	False
ENST00000430436	179.84506	4.9928975	4.4937005	-0.499197	0.6727242	0.9140867167630711	-0.17216295725213568	ENSG00000188559.16	RALGAPA2	False
ENST00000697489	89.004105	3.1805747	2.6807375	-0.49983716	0.7825022	0.9462488711202854	-0.1065144469843096	ENSG00000289731.3	ENSG00000289731	False
ENST00000319933	26.394205	2.2594786	1.7595109	-0.4999677	0.50812006	0.8558786284660064	-0.294033659328983	ENSG00000181751.10	MACIR	False
ENST00000321437	148.99843	4.8438935	4.343825	-0.50006866	0.14961754	0.8093544299533921	-0.8250174963932726	ENSG00000166128.13	RAB8B	False
ENST00000360568	12.906181	1.772792	1.2725093	-0.50028265	0.41345915	0.833681742740497	-0.38356739045136057	ENSG00000072682.20	P4HA2	False
ENST00000419179	395.58807	6.2061505	5.7056623	-0.5004883	0.26644695	0.8093544299533921	-0.5743892499098554	ENSG00000075142.14	SRI	False
ENST00000334636	51.170677	3.2822769	2.7817154	-0.5005615	0.38857946	0.8259378738446596	-0.4105201618263051	ENSG00000186104.11	CYP2R1	False
ENST00000367634	191.40901	5.081399	4.580614	-0.5007849	0.30650178	0.8118754707110037	-0.513567004682018	ENSG00000116191.19	RALGPS2	False
ENST00000250101	240.73868	5.4421406	4.941339	-0.50080156	0.3213085	0.8125420389446386	-0.49307779395977397	ENSG00000129235.11	TXNDC17	True
ENST00000373734	151.73747	4.6760798	4.174301	-0.5017786	0.74959683	0.936236640367669	-0.12517225629833365	ENSG00000149636.16	DSN1	False
ENST00000679106	2174.0981	8.432431	7.9305353	-0.5018959	0.5035	0.8556848333281974	-0.29800053827184875	ENSG00000142541.18	RPL13A	False
ENST00000379483	322.5	5.8271294	5.3250866	-0.5020428	0.3209582	0.8125420389446386	-0.4935515281674085	ENSG00000120696.9	KBTBD7	False
ENST00000470794	1035.8	7.5849	7.0825796	-0.5023203	0.3958101	0.8293641072483107	-0.40251313076257805	ENSG00000181350.12	LRRC75A	False
ENST00000698638	215.26657	4.525433	4.0230584	-0.50237465	0.7707995	0.9426301048560082	-0.11305856579918712	ENSG00000134352.21	IL6ST	False
ENST00000473532	24.36595	2.546901	2.0441365	-0.50276446	0.45807588	0.8478742186373767	-0.3390625744594212	ENSG00000176978.15	DPP7	True
ENST00000393487	119.962814	4.341616	3.8385837	-0.50303245	0.48865753	0.8530497344797782	-0.31099540088920635	ENSG00000071073.13	MGAT4A	False
ENST00000328299	35.1	2.2252185	1.7216326	-0.50358593	0.50783515	0.8558786284660064	-0.2942772427677732	ENSG00000184005.12	ST6GALNAC3	False
ENST00000452521	21.91723	1.3529891	0.8490553	-0.5039338	0.59302557	0.8847708896745496	-0.22692658393232726	ENSG00000082258.13	CCNT2	True
ENST00000256496	203.55904	5.1152577	4.611248	-0.5040097	0.27042297	0.8093544299533921	-0.567956429319118	ENSG00000134108.14	ARL8B	False
ENST00000228438	604.0849	6.973907	6.4695168	-0.50439024	0.28982008	0.8109740254625081	-0.537871535445222	ENSG00000110852.5	CLEC2B	False
ENST00000371120	131.19662	4.450667	3.9462245	-0.50444245	0.36692944	0.8190534610539798	-0.43541743991832793	ENSG00000125703.15	ATG4C	False
ENST00000455976	217.72354	4.9687138	4.4639463	-0.5047674	0.52428627	0.8622709692908394	-0.28043151531663174	ENSG00000128951.14	DUT	False
ENST00000682184	54.072014	3.3038657	2.7990866	-0.5047791	0.2178825	0.8093544299533921	-0.6617776520395129	ENSG00000157399.17	ARSL	False
ENST00000688351	44.94152	3.2484798	2.7435555	-0.5049243	0.35552904	0.8175932215882654	-0.44912491971817237	ENSG00000130159.15	ECSIT	False
ENST00000558813	332.54996	5.929051	5.4240236	-0.5050273	0.34987348	0.81719736681995	-0.4560889713340693	ENSG00000128951.14	DUT	False
ENST00000454738	16.738089	1.875141	1.3698673	-0.5052737	0.22336005	0.8093544299533921	-0.6509945081686375	ENSG00000164535.15	DAGLB	False
ENST00000376704	50.872242	3.3541822	2.8488288	-0.50535345	0.45681053	0.8475825896352428	-0.34026388986401135	ENSG00000204613.11	TRIM10	False
ENST00000261593	120.3	4.0865645	3.580995	-0.50556946	0.5329121	0.865635036834895	-0.27334443875309383	ENSG00000134758.14	RNF138	False
ENST00000643561	62.824818	3.7387016	3.2329767	-0.5057249	0.3533833	0.8173803121090482	-0.45175397469772927	ENSG00000145354.12	CISD2	False
ENST00000318948	25.509682	1.5446116	1.0387335	-0.5058781	0.69323826	0.9195924390274491	-0.15911747749745886	ENSG00000180530.11	NRIP1	False
ENST00000409437	63.497204	3.46687	2.9608479	-0.5060222	0.58496463	0.8819641855083519	-0.23287039060581677	ENSG00000115966.18	ATF2	False
ENST00000229379	207.0817	5.3523164	4.846208	-0.5061083	0.1860625	0.8093544299533921	-0.7303411482874502	ENSG00000111775.3	COX6A1	False
ENST00000392391	605.4835	6.753409	6.2470145	-0.5063944	0.10379057	0.8093544299533921	-0.9838421183478714	ENSG00000163964.18	PIGX	False
ENST00000037243	1083.9874	7.800034	7.293477	-0.506557	0.14421734	0.8093544299533921	-0.8409825125561976	ENSG00000034713.8	GABARAPL2	False
ENST00000541522	161.32382	4.446788	3.9400184	-0.5067694	0.4882399	0.8529381765683051	-0.3113667193902637	ENSG00000112763.17	BTN2A1	False
ENST00000397843	49.748375	3.6255114	3.1183157	-0.5071957	0.3970673	0.8298121044971967	-0.40113586804739476	ENSG00000196914.9	ARHGEF12	False
ENST00000442729	33.76611	2.4828076	1.9754155	-0.50739217	0.6897254	0.9186431748190395	-0.16132378089815366	ENSG00000074696.13	HACD3	False
ENST00000609274	23.205612	2.4483721	1.940197	-0.50817513	0.5024309	0.8551707956010974	-0.29892364522155135	ENSG00000105122.13	RASAL3	False
ENST00000377190	17.12058	1.3850328	0.87681013	-0.50822264	0.66000694	0.9103157985469302	-0.18045149756979273	ENSG00000162298.19	SYVN1	False
ENST00000468582	15.545015	1.7412611	1.2328022	-0.508459	0.66049856	0.9103157985469302	-0.18012812523002117	ENSG00000188186.11	LAMTOR4	True
ENST00000677155	154.27266	4.9934745	4.485005	-0.5084696	0.44779328	0.8464256755917331	-0.34892243286759367	ENSG00000130414.13	NDUFA10	False
ENST00000532719	20.992819	1.187213	0.67860234	-0.5086106	0.6399676	0.9030378888992515	-0.19384199890544265	ENSG00000158636.17	EMSY	True
ENST00000675623	58.803303	3.546773	3.0380814	-0.50869155	0.259556	0.8093544299533921	-0.5857689349338505	ENSG00000109654.16	TRIM2	False
ENST00000278618	14.558795	1.4184262	0.9097103	-0.50871587	0.48643723	0.8529381765683051	-0.31297319210226343	ENSG00000149313.11	AASDHPPT	False
ENST00000611543	52.56723	2.1928785	1.6837007	-0.5091778	0.7399659	0.9345775597603275	-0.13078828428664463	ENSG00000128271.22	ADORA2A	False
ENST00000606561	44.97229	2.4776986	1.9683927	-0.50930583	0.7307116	0.9321540723766666	-0.13625401049225733	ENSG00000125944.22	HNRNPR	False
ENST00000527146	7.3045664	1.4308243	0.921159	-0.50966525	0.45820263	0.8478742186373767	-0.33894242210113856	ENSG00000185201.18	IFITM2	True
ENST00000376958	57.6	3.2303417	2.7205186	-0.5098231	0.4775107	0.8504371505934152	-0.32101690082305323	ENSG00000152749.8	GPR180	False
ENST00000371926	20.044714	1.7358545	1.2259629	-0.5098916	0.5952243	0.8857731799485989	-0.22531933181048858	ENSG00000138134.12	STAMBPL1	False
ENST00000344548	22.29003	1.1930333	0.68286484	-0.5101685	0.63033634	0.8998400021113475	-0.2004276513882059	ENSG00000070831.18	CDC42	False
ENST00000259089	15.0	1.4676803	0.9573469	-0.5103334	0.5586258	0.8732870946735588	-0.2528789969354995	ENSG00000136573.16	BLK	False
ENST00000481278	27.760798	1.8538252	1.343425	-0.5104002	0.6677857	0.9124991026791659	-0.17536288249840615	ENSG00000143183.18	TMCO1	False
ENST00000418210	38.27945	2.6559124	2.1453412	-0.51057124	0.5797705	0.8801995577646254	-0.23674388221238943	ENSG00000180694.14	TMEM64	False
ENST00000559538	9.298849	1.2844578	0.7738309	-0.5106269	0.36731532	0.8192702949872638	-0.43496095515304306	ENSG00000259494.2	MRPL46	True
ENST00000428774	10.351462	1.1050009	0.5939621	-0.5110388	0.37595886	0.8226496355690782	-0.42485967604850217	ENSG00000150938.10	CRIM1	False
ENST00000680809	894.2518	5.666149	5.1547985	-0.51135063	0.8295991	0.9616253126099774	-0.08113173694503077	ENSG00000119922.11	IFIT2	False
ENST00000294413	85.43434	4.1206756	3.6092854	-0.5113902	0.2952051	0.8111088466013822	-0.5298761637640695	ENSG00000188672.19	RHCE	False
ENST00000374077	106.04016	4.4309893	3.9193845	-0.5116048	0.17556748	0.8093544299533921	-0.7555559295383252	ENSG00000125995.16	ROMO1	False
ENST00000394650	485.3	6.460396	5.947795	-0.5126009	0.29763654	0.8111088466013822	-0.5263137545750617	ENSG00000005059.16	MCUB	False
ENST00000296509	35.840218	2.548333	2.0348606	-0.5134723	0.6248552	0.8981746216663314	-0.20422059753725286	ENSG00000164109.14	MAD2L1	False
ENST00000379568	45.2	3.2967427	2.782947	-0.5137956	0.29123077	0.8109740254625081	-0.53576274456615	ENSG00000111845.5	PAK1IP1	False
ENST00000282892	97.0	4.0227475	3.508944	-0.5138035	0.4332209	0.842654100473947	-0.3632906066205711	ENSG00000152944.9	MED21	False
ENST00000261507	78.735855	3.170557	2.6566901	-0.5138669	0.6882085	0.9178436063724108	-0.1622799548694014	ENSG00000052802.13	MSMO1	False
ENST00000327097	20.6	2.240764	1.7268674	-0.51389647	0.5992538	0.8872137205946347	-0.22238922239691003	ENSG00000019169.11	MARCO	False
ENST00000375630	228.86809	5.5361576	5.0220714	-0.51408625	0.2671089	0.8093544299533921	-0.5733116615880098	ENSG00000068650.19	ATP11A	False
ENST00000695472	24.73721	1.6003264	1.0859064	-0.51442003	0.62199336	0.8967648830813091	-0.20621424950487807	ENSG00000115761.17	NOL10	False
ENST00000617445	240.9	5.4076686	4.8931627	-0.51450586	0.19210657	0.8093544299533921	-0.7164577713219958	ENSG00000024862.18	CCDC28A	False
ENST00000698794	91.12423	2.7866495	2.271661	-0.5149884	0.7414739	0.9352034065707718	-0.1299041238746201	ENSG00000114416.19	FXR1	False
ENST00000605788	30.13494	1.3955182	0.88052094	-0.51499724	0.6620028	0.9104548772915186	-0.1791401724258231	ENSG00000166197.17	NOLC1	False
ENST00000466595	578.9679	6.564571	6.049515	-0.51505613	0.30497235	0.8118754707110037	-0.5157395328738781	ENSG00000104388.15	RAB2A	False
ENST00000390237	277.6	5.6827397	5.167642	-0.5150976	0.48877275	0.8530827981691935	-0.3108930149128035	ENSG00000211592.8	IGKC	True
ENST00000332029	10.7	1.1757169	0.6600195	-0.51569736	0.46880636	0.8496539504698483	-0.3290065086788747	ENSG00000185338.7	SOCS1	False
ENST00000295770	265.8	5.472656	4.9568644	-0.5157914	0.31726372	0.8118754707110037	-0.4985795845452004	ENSG00000163527.10	STT3B	False
ENST00000389682	290.8465	5.775631	5.259576	-0.5160551	0.100862145	0.8093544299533921	-0.996271798264464	ENSG00000211460.12	TSN	False
ENST00000395510	19.294262	1.4619393	0.9455497	-0.5163896	0.56895745	0.8764925907303623	-0.24492021302034067	ENSG00000151239.14	TWF1	False
ENST00000269576	85.79972	4.0535717	3.5366435	-0.5169282	0.36184064	0.8185742609699567	-0.44148266246518886	ENSG00000186395.9	KRT10	False
ENST00000484746	464.8644	6.579521	6.0625553	-0.51696587	0.35743243	0.8177495557578855	-0.4468060523635868	ENSG00000058668.16	ATP2B4	False
ENST00000650242	1173.258	4.550865	4.0338993	-0.51696587	0.83146554	0.9617724706824102	-0.08015574414970843	ENSG00000158578.21	ALAS2	False
ENST00000429644	104.2	4.253153	3.735994	-0.51715875	0.18833481	0.8093544299533921	-0.7250694069175874	ENSG00000114480.13	GBE1	False
ENST00000475993	23.519827	2.603937	2.0866914	-0.51724553	0.2603196	0.8093544299533921	-0.5844931474663841	ENSG00000204574.14	ABCF1	False
ENST00000672548	68.79	3.7131293	3.195666	-0.5174632	0.362273	0.8185742609699567	-0.4409640233308661	ENSG00000061938.21	TNK2	False
ENST00000713955	34.015846	2.7699022	2.252347	-0.51755524	0.5566051	0.8726128433997437	-0.2544528181851275	ENSG00000116147.19	TNR	False
ENST00000511049	93.10372	1.5619574	1.0441062	-0.5178511	0.7372328	0.9341220124324242	-0.1323953484274502	ENSG00000153113.24	CAST	False
ENST00000519656	459.43692	6.327789	5.8099294	-0.51785946	0.24032864	0.8093544299533921	-0.6191944716331412	ENSG00000132294.15	EFR3A	False
ENST00000216281	3792.4172	9.222418	8.704557	-0.5178604	0.34916303	0.81719736681995	-0.45697175185201105	ENSG00000080824.19	HSP90AA1	False
ENST00000429422	34.02408	2.7878158	2.2697062	-0.51810956	0.6105751	0.8920468181599023	-0.21426092502097438	ENSG00000047849.22	MAP4	False
ENST00000561013	11.173405	1.5523316	1.0341835	-0.51814806	0.6748136	0.9142632374641173	-0.17081615520136714	ENSG00000290292.10	HOMEZ	False
ENST00000525108	67.41469	2.819815	2.3013515	-0.5184634	0.72451836	0.9291173189122098	-0.1399506053835392	ENSG00000148925.11	BTBD10	False
ENST00000339298	42.687202	2.2852547	1.7659413	-0.51931345	0.7006766	0.9214451344510692	-0.1544823736888709	ENSG00000180008.9	SOCS4	False
ENST00000408939	29.71589	2.1838734	1.6643806	-0.51949286	0.4522675	0.8472077019271466	-0.34460462172320666	ENSG00000196659.10	IFT70B	False
ENST00000534482	229.03731	5.5139966	4.9943724	-0.51962423	0.39747345	0.8298121044971967	-0.4006918706800012	ENSG00000172922.11	RNASEH2C	False
ENST00000699088	14.697168	1.5194544	0.99965584	-0.5197985	0.65280193	0.9068071306546419	-0.18521856966491712	ENSG00000213413.3	PVRIG	False
ENST00000480205	48.750977	3.0259867	2.5058756	-0.5201111	0.4793331	0.850532651973061	-0.31936257763273784	ENSG00000163636.11	PSMD6	True
ENST00000502412	12.422206	1.6226646	1.1024882	-0.5201764	0.5596712	0.8736417902867227	-0.2520670228101634	ENSG00000196670.14	ZFP62	False
ENST00000368323	197.19266	5.3271747	4.806794	-0.5203805	0.007974142	0.8093544299533921	-2.0983160235142333	ENSG00000143622.12	RIT1	False
ENST00000358935	183.40657	5.24455	4.723572	-0.52097845	0.2247991	0.8093544299533921	-0.6482054384287462	ENSG00000198060.10	MARCHF5	False
ENST00000452368	704.1173	6.8654556	6.3434343	-0.5220213	0.40051755	0.8298121044971967	-0.39737844576318154	ENSG00000167526.14	RPL13	False
ENST00000416562	28.1	2.5997527	2.0776799	-0.5220728	0.5056007	0.8558786284660064	-0.2961923413148283	ENSG00000132514.14	CLEC10A	False
ENST00000295926	828.8334	7.2036114	6.6811724	-0.522439	0.14439268	0.8093544299533921	-0.8404548104685632	ENSG00000163660.12	CCNL1	False
ENST00000351487	93.496826	4.460937	3.938388	-0.5225489	0.7370714	0.9341176788838464	-0.13249044305247068	ENSG00000169062.15	UPF3A	False
ENST00000357849	77.9	3.7225497	3.1998885	-0.5226612	0.5168556	0.8587697515903885	-0.28663077599782566	ENSG00000121022.14	COPS5	False
ENST00000503362	214.00822	5.176836	4.6540537	-0.5227823	0.32801747	0.8142173533113395	-0.48410302116251397	ENSG00000129128.13	SPCS3	False
ENST00000379995	113.63568	4.488679	3.9655728	-0.5231061	0.23399015	0.8093544299533921	-0.6308024284245883	ENSG00000147894.17	C9orf72	False
ENST00000453615	25.783459	1.925152	1.401755	-0.52339697	0.6508373	0.9063064353714655	-0.1865275637886265	ENSG00000159352.16	PSMD4	True
ENST00000525297	1124.7539	7.751287	7.2277904	-0.5234966	0.2457215	0.8093544299533921	-0.6095568349732188	ENSG00000149806.11	FAU	False
ENST00000568197	15.220087	1.735755	1.2120652	-0.52368975	0.3297236	0.8142173533113395	-0.4818499715869334	ENSG00000137842.7	TMEM62	False
ENST00000309534	357.53973	5.8657	5.3417044	-0.5239954	0.32949734	0.8142173533113395	-0.4821480905772526	ENSG00000163320.12	CGGBP1	False
ENST00000272348	149.24944	4.795502	4.2714806	-0.5240216	0.32898542	0.8142173533113395	-0.48282334495644225	ENSG00000143977.14	SNRPG	True
ENST00000557054	27.457134	2.28419	1.7596047	-0.52458525	0.570587	0.8768692392893742	-0.24367814302584942	ENSG00000100823.12	APEX1	False
ENST00000685106	163.36371	4.1076875	3.583045	-0.52464247	0.7590529	0.938790070041057	-0.11972797179389398	ENSG00000165732.14	DDX21	False
ENST00000374888	23.1	1.6926571	1.1680086	-0.52464855	0.56726944	0.8758872921733283	-0.24621060874510015	ENSG00000198455.5	ZXDB	False
ENST00000643454	40.024597	2.6859105	2.1611252	-0.5247853	0.39341062	0.8284185470236078	-0.40515391721803806	ENSG00000110436.13	SLC1A2	False
ENST00000652320	73.94356	2.707301	2.1822355	-0.5250654	0.73242384	0.9328083256289051	-0.1352375269314893	ENSG00000057657.17	PRDM1	False
ENST00000544106	65.83796	3.334387	2.808897	-0.52549005	0.49933735	0.8548764927378353	-0.30160595191405487	ENSG00000085274.16	MYNN	False
ENST00000394231	210.2	5.475242	4.949714	-0.52552795	0.25172243	0.8093544299533921	-0.5990780926895667	ENSG00000141741.12	MIEN1	False
ENST00000536368	766.93787	7.342736	6.816471	-0.52626467	0.26815128	0.8093544299533921	-0.5716201203372732	ENSG00000197958.13	RPL12	False
ENST00000600292	13.299255	1.4759932	0.94953454	-0.5264586	0.57280034	0.8774993431264995	-0.24199673422673013	ENSG00000105404.11	RABAC1	False
ENST00000303354	47.662693	2.7072294	2.1804428	-0.52678657	0.6997955	0.9212025833663481	-0.1550288641458414	ENSG00000169432.19	SCN9A	False
ENST00000568604	29.651281	1.5043697	0.97732735	-0.5270424	0.6772105	0.9151541648517211	-0.1692763106003595	ENSG00000166912.17	MTMR10	False
ENST00000551632	10.71325	1.4643121	0.9360385	-0.5282736	0.35954675	0.8183252159569281	-0.4442446316026133	ENSG00000178498.16	DTX3	False
ENST00000370114	31.851095	2.3374302	1.808732	-0.5286982	0.46800742	0.8496539504698483	-0.329747265516525	ENSG00000162694.14	EXTL2	False
ENST00000537701	45.47793	2.0136538	1.4845047	-0.52914906	0.6652186	0.9112769672266469	-0.1770356215156994	ENSG00000111639.8	MRPL51	False
ENST00000680684	53.68037	1.3240632	0.794531	-0.5295322	0.6549145	0.9080729561652916	-0.18381539516494402	ENSG00000123983.15	ACSL3	False
ENST00000375898	147.0	4.3321376	3.8023343	-0.5298033	0.4215382	0.838029552988072	-0.37516305920096116	ENSG00000139826.6	ABHD13	False
ENST00000686138	63.95097	2.7235587	2.1937306	-0.5298281	0.6365202	0.9018991094981259	-0.19618780470767413	ENSG00000109381.21	ELF2	False
ENST00000699926	577.92566	6.692762	6.162707	-0.53005505	0.3946885	0.8290075231731883	-0.4037455416620273	ENSG00000182117.7	NOP10	True
ENST00000249363	1169.8	7.5806775	7.050391	-0.5302863	0.26632616	0.8093544299533921	-0.5745861739474429	ENSG00000128594.8	LRRC4	False
ENST00000264377	19.6	2.3033116	1.7726895	-0.5306221	0.17832987	0.8093544299533921	-0.748775906767503	ENSG00000114948.13	ADAM23	False
ENST00000575474	72.152725	3.7811394	3.2502654	-0.530874	0.27628252	0.8093544299533921	-0.5586465928166353	ENSG00000261915.6	ENSG00000261915	False
ENST00000356692	307.66675	5.847866	5.316696	-0.5311699	0.0584689	0.8093544299533921	-1.233075072038364	ENSG00000163605.16	PPP4R2	True
ENST00000710398	307.66675	5.847866	5.316696	-0.5311699	0.0584689	0.8093544299533921	-1.233075072038364	ENSG00000163605.16	PPP4R2	True
ENST00000264001	167.81595	4.3278375	3.7960343	-0.53180313	0.5533869	0.8717713472930201	-0.2569711049536415	ENSG00000217555.13	CKLF	False
ENST00000704374	974.31824	7.538161	7.006204	-0.5319567	0.46604738	0.8494197755236921	-0.33156993253581485	ENSG00000233276.9	GPX1	False
ENST00000561186	18.311823	1.3722095	0.84019834	-0.5320112	0.6783158	0.9155601789522622	-0.16856805507923595	ENSG00000157450.16	RNF111	False
ENST00000304639	12.5	1.4909445	0.9587609	-0.5321836	0.44011784	0.844432897631209	-0.3564310310762639	ENSG00000169397.4	RNASE3	False
ENST00000351797	103.726036	4.123195	3.5909288	-0.5322664	0.44486508	0.8456860763700531	-0.35177168537962394	ENSG00000055147.19	FAM114A2	False
ENST00000361183	679.2622	6.873293	6.34079	-0.5325031	0.23125982	0.8093544299533921	-0.6358998113803761	ENSG00000198898.16	CAPZA2	False
ENST00000343053	35.0	3.0595856	2.5268364	-0.5327492	0.28188828	0.8101601987651417	-0.5499229859493968	ENSG00000188986.9	NELFB	False
ENST00000404459	26.0	1.7501332	1.2167621	-0.5333711	0.46736157	0.8496539504698483	-0.33034700200306966	ENSG00000204020.6	LIPN	False
ENST00000414521	258.60953	5.500786	4.9672604	-0.53352547	0.44830507	0.8469154500468564	-0.3484263491681327	ENSG00000071073.13	MGAT4A	False
ENST00000286548	1823.668	8.4042225	7.8701534	-0.53406906	0.16977976	0.8093544299533921	-0.7701140779541504	ENSG00000156052.11	GNAQ	False
ENST00000392210	78.24321	3.8040266	3.2697644	-0.5342622	0.14805338	0.8093544299533921	-0.8295816796481842	ENSG00000173457.11	PPP1R14B	False
ENST00000583953	8.7716	1.3995208	0.8651564	-0.53436434	0.42208374	0.838029552988072	-0.37460138258488984	ENSG00000173065.14	FAM222B	False
ENST00000287878	18.110252	1.251875	0.71747035	-0.5344047	0.5908421	0.8843283112576478	-0.22852854650363177	ENSG00000106617.16	PRKAG2	False
ENST00000216442	223.36594	5.4978886	4.963415	-0.5344734	0.37760645	0.8230751633283137	-0.4229605942684119	ENSG00000100554.12	ATP6V1D	False
ENST00000368149	252.4	5.617231	5.0823545	-0.53487635	0.37143782	0.8201070021085857	-0.4301138808037754	ENSG00000146376.11	ARHGAP18	False
ENST00000307849	364.89996	5.3457685	4.810782	-0.5349865	0.57302576	0.8774993431264995	-0.24182585186797667	ENSG00000173559.15	NABP1	False
ENST00000409606	43.55538	2.54227	2.0069401	-0.5353298	0.72304	0.9287453485071263	-0.14083768520098888	ENSG00000048991.18	R3HDM1	False
ENST00000505012	75.15434	3.800314	3.2647748	-0.53553915	0.59828836	0.8870229183467431	-0.22308944848316076	ENSG00000113407.14	TARS1	True
ENST00000618656	2701.9602	8.902741	8.36685	-0.53589153	0.33766678	0.8159671882845638	-0.4715116639073514	ENSG00000008988.11	RPS20	True
ENST00000380599	178.63208	3.4438078	2.9078536	-0.53595424	0.796479	0.9514786992600486	-0.09882567756931351	ENSG00000174282.12	ZBTB4	False
ENST00000327812	12.4	1.764898	1.2286037	-0.5362942	0.27144837	0.8093544299533921	-0.5663127557919316	ENSG00000167130.18	DOLPP1	True
ENST00000373610	162.00706	4.8869276	4.3506327	-0.53629494	0.18993118	0.8093544299533921	-0.7214037243073625	ENSG00000084652.16	TXLNA	False
ENST00000532064	11.436861	1.2671789	0.7306984	-0.5364805	0.6103128	0.8920468181599023	-0.21444750769154342	ENSG00000166266.14	CUL5	True
ENST00000522584	43.678467	2.7591093	2.2224908	-0.5366185	0.58255386	0.8813691088997597	-0.2346639131339325	ENSG00000129295.10	DNAAF11	True
ENST00000275034	634.1298	6.681215	6.14458	-0.5366349	0.41340747	0.833681742740497	-0.3836216752267727	ENSG00000146247.15	PHIP	False
ENST00000437901	24.224249	1.5952736	1.0583503	-0.5369233	0.62689036	0.8986881828008999	-0.20280840756169907	ENSG00000132780.17	NASP	False
ENST00000261674	204.68372	4.673704	4.136668	-0.53703594	0.76395124	0.9402692622570508	-0.11693435872676838	ENSG00000061936.10	SFSWAP	False
ENST00000676271	485.8605	6.542644	6.005606	-0.53703785	0.24975099	0.8093544299533921	-0.6024927873243099	ENSG00000068796.19	KIF2A	False
ENST00000415950	38.500233	2.6940105	2.1568973	-0.5371132	0.7328767	0.9328989707216432	-0.13496907471227834	ENSG00000105711.14	SCN1B	False
ENST00000508130	226.88504	5.54386	5.0063853	-0.53747463	0.13037424	0.8093544299533921	-0.8848082172343165	ENSG00000133302.13	SLF1	False
ENST00000703537	11.9951725	1.290377	0.752864	-0.537513	0.4528068	0.8472077019271466	-0.34408705919930344	ENSG00000174231.18	PRPF8	False
ENST00000443387	23.71819	2.3077574	1.7702316	-0.5375258	0.23640878	0.8093544299533921	-0.6263363890435076	ENSG00000167635.12	ZNF146	False
ENST00000522161	19.480276	1.8094144	1.2718127	-0.5376017	0.61138815	0.8924767740121592	-0.21368298529538424	ENSG00000104325.7	DECR1	False
ENST00000678683	6667.3037	10.08805	9.549888	-0.53816223	0.30966145	0.8118754707110037	-0.5091128597456942	ENSG00000008988.11	RPS20	False
ENST00000588537	51.8	3.3839378	2.8457274	-0.5382104	0.16399515	0.8093544299533921	-0.7851690042100605	ENSG00000171425.10	ZNF581	False
ENST00000512818	62.66933	2.9365966	2.3982477	-0.5383489	0.63230795	0.9004186947864711	-0.19907136005228107	ENSG00000204531.21	POU5F1	False
ENST00000463839	23.926207	2.0457351	1.5071236	-0.53861153	0.5661966	0.8757278909042897	-0.24703272719641092	ENSG00000136156.15	ITM2B	False
ENST00000495891	12.609144	1.5256214	0.9867513	-0.5388701	0.5382063	0.8672503604213451	-0.2690512396086985	ENSG00000163659.13	TIPARP	False
ENST00000327827	723.8611	7.062124	6.523059	-0.5390649	0.11123505	0.8093544299533921	-0.9537583364754719	ENSG00000182831.12	HAPSTR1	False
ENST00000608372	124.68347	3.9867475	3.4472287	-0.53951883	0.52486235	0.8626551557777656	-0.27995458020105096	ENSG00000153130.18	SCOC	True
ENST00000316752	31.1995	2.3564885	1.816947	-0.5395415	0.3875221	0.8256180560282006	-0.41170352349745365	ENSG00000162927.14	PUS10	False
ENST00000325602	977.1	7.460722	6.9211135	-0.5396085	0.29857478	0.8111088466013822	-0.5249468856344558	ENSG00000181631.7	P2RY13	False
ENST00000688051	27.179989	1.7364279	1.196789	-0.5396389	0.620429	0.8963672800698408	-0.20730792507797605	ENSG00000116698.22	SMG7	False
ENST00000394323	114.62956	4.093862	3.5539758	-0.53988624	0.470607	0.8496539504698483	-0.3273416056941308	ENSG00000213462.5	ERV3-1	False
ENST00000238609	29.6	2.3909035	1.8509701	-0.5399333	0.30697423	0.8118754707110037	-0.5128980782179585	ENSG00000119632.4	IFI27L2	False
ENST00000378470	1051.7588	7.6373634	7.097341	-0.5400224	0.14280209	0.8093544299533921	-0.8452654379999148	ENSG00000065809.14	FAM107B	False
ENST00000242577	125.38397	4.8075986	4.267378	-0.54022074	0.24568994	0.8093544299533921	-0.609612619673857	ENSG00000088986.11	DYNLL1	False
ENST00000273221	210.55713	4.9951186	4.454723	-0.54039574	0.7046995	0.9225641086335744	-0.15199602660104622	ENSG00000144711.17	IQSEC1	False
ENST00000377656	33.20961	1.652496	1.1117315	-0.54076445	0.69796693	0.9212025833663481	-0.15616515194280398	ENSG00000106714.18	CNTNAP3	False
ENST00000274680	11.99999	1.4510956	0.9101693	-0.5409263	0.34535262	0.81719736681995	-0.4617372450353057	ENSG00000145982.13	FARS2	False
ENST00000638170	42.0	3.333431	2.792427	-0.54100394	0.30541244	0.8118754707110037	-0.5151132751993747	ENSG00000259330.3	INAFM2	False
ENST00000502346	293.38055	5.6542377	5.113049	-0.5411887	0.22879347	0.8093544299533921	-0.6405563710171425	ENSG00000174695.10	TMEM167A	False
ENST00000265981	462.43246	6.368925	5.827311	-0.54161406	0.09693611	0.8093544299533921	-1.0135144271607648	ENSG00000110315.7	RNF141	False
ENST00000541657	14.2	1.6068991	1.0648264	-0.5420728	0.4133421	0.833681742740497	-0.38369037053323934	ENSG00000139725.8	RHOF	True
ENST00000272163	897.1885	7.2150855	6.672986	-0.5420995	0.1907829	0.8093544299533921	-0.719460543466742	ENSG00000143815.15	LBR	False
ENST00000337841	23.563314	1.6099294	1.0678024	-0.542127	0.5102225	0.856842337601094	-0.2922403982031924	ENSG00000090054.16	SPTLC1	False
ENST00000011691	117.12759	4.5222445	3.9793665	-0.5428779	0.18929832	0.8093544299533921	-0.7228532475889347	ENSG00000008324.12	SS18L2	False
ENST00000369552	82.281876	2.1934555	1.6500793	-0.5433762	0.725035	0.9292832432543874	-0.1396410209453466	ENSG00000164414.19	SLC35A1	False
ENST00000250173	54.15626	2.581834	2.038084	-0.54375005	0.65195364	0.9065143079276402	-0.18578328716750128	ENSG00000129295.10	DNAAF11	False
ENST00000469515	49.550983	2.738308	2.1944127	-0.54389524	0.74727076	0.9359070387213771	-0.12652200924756274	ENSG00000008952.17	SEC62	False
ENST00000513282	65.07115	3.6023598	3.058061	-0.5442989	0.3848181	0.8242482227560738	-0.41474450124627593	ENSG00000146067.17	FAM193B	False
ENST00000496817	21.899445	1.981824	1.4374973	-0.5443268	0.61451036	0.8935328187316467	-0.2114707928181526	ENSG00000197956.10	S100A6	False
ENST00000379638	187.43098	5.0932937	4.5489016	-0.5443921	0.31591	0.8118754707110037	-0.5004366106149385	ENSG00000129625.13	REEP5	False
ENST00000586566	58.604523	3.1512966	2.6061938	-0.54510283	0.5960668	0.886474101743725	-0.22470508674621104	ENSG00000197563.11	PIGN	False
ENST00000536736	7.538555	1.1926619	0.64730364	-0.54535824	0.50017273	0.8548764927378353	-0.3008799865018183	ENSG00000167210.17	LOXHD1	False
ENST00000570099	182.58414	5.2355995	4.690166	-0.5454335	0.04681538	0.8093544299533921	-1.3296114428882144	ENSG00000090238.12	YPEL3	True
ENST00000234301	312.9	5.7517524	5.2063065	-0.5454459	0.36214584	0.8185742609699567	-0.4411164978670459	ENSG00000115944.15	COX7A2L	False
ENST00000510167	18.150242	1.9619317	1.416327	-0.5456047	0.44205505	0.8450789941411054	-0.35452364710333667	ENSG00000138674.17	SEC31A	False
ENST00000445930	170.58871	4.617926	4.072233	-0.5456929	0.45386258	0.8472077019271466	-0.343075624656324	ENSG00000100519.12	PSMC6	False
ENST00000397997	44.489594	3.1455123	2.5996194	-0.54589295	0.34882393	0.81719736681995	-0.45739372330340117	ENSG00000166225.9	FRS2	False
ENST00000439174	444.4	6.341082	5.7949777	-0.54610443	0.17450856	0.8093544299533921	-0.7581832733080582	ENSG00000120063.10	GNA13	False
ENST00000528926	61.019554	2.9625432	2.416307	-0.5462363	0.6772887	0.9151541648517211	-0.16922616307727031	ENSG00000117625.14	RCOR3	False
ENST00000432226	29.471241	1.4453527	0.89821607	-0.5471366	0.6526324	0.9067753778781373	-0.18533135924263158	ENSG00000148180.22	GSN	True
ENST00000340553	182.18877	4.902598	4.3550634	-0.54753447	0.25484884	0.8093544299533921	-0.5937173425163433	ENSG00000170802.17	FOXN2	False
ENST00000394609	155.14351	4.307448	3.759796	-0.547652	0.6127736	0.8927658698984382	-0.2126999555487696	ENSG00000115310.19	RTN4	False
ENST00000377044	67.07887	3.3745048	2.8267984	-0.54770637	0.6636702	0.9108073128400928	-0.17804769416254557	ENSG00000135048.14	CEMIP2	False
ENST00000261839	17.967377	1.7028285	1.1546061	-0.5482224	0.5625027	0.8744884066712214	-0.24987540234407152	ENSG00000128833.13	MYO5C	False
ENST00000396862	15.34403	1.5653695	1.0169517	-0.5484178	0.35365728	0.8173803121090482	-0.45141740318252327	ENSG00000140993.11	TIGD7	False
ENST00000691158	1937.831	8.635735	8.087233	-0.54850197	0.27324742	0.8093544299533921	-0.5634439287118653	ENSG00000119335.18	SET	False
ENST00000594989	27.266666	1.8414446	1.2926881	-0.5487565	0.52526796	0.862790740734902	-0.27961909036345245	ENSG00000079462.8	PAFAH1B3	False
ENST00000262193	113.8	4.372286	3.8234396	-0.54884624	0.36989364	0.8194459451468774	-0.43192313560849405	ENSG00000008018.9	PSMB1	False
ENST00000275036	36.049675	2.9534953	2.4046452	-0.54885006	0.5599388	0.8736417902867227	-0.2518594467563466	ENSG00000118418.16	HMGN3	False
ENST00000322244	313.77234	5.8480105	5.2991586	-0.54885197	0.29287058	0.8111088466013822	-0.5333242510082973	ENSG00000033178.13	UBA6	False
ENST00000647248	5127.7993	9.79494	9.245998	-0.5489416	0.3520554	0.8172002775093227	-0.453388989118432	ENSG00000182899.17	RPL35A	False
ENST00000309170	16.03961	1.9738121	1.4248166	-0.5489955	0.4606288	0.8481416265840513	-0.3366489049161198	ENSG00000174944.9	P2RY14	False
ENST00000479613	21.6	1.6944145	1.1453794	-0.5490351	0.5775585	0.8794550641073513	-0.23840400707084913	ENSG00000171130.19	ATP6V0E2	False
ENST00000370898	154.09892	4.6912303	4.1420236	-0.54920673	0.32827857	0.8142173533113395	-0.48375746524715874	ENSG00000254685.8	FPGT	False
ENST00000674339	42.37858	2.8730736	2.3237908	-0.5492828	0.43311483	0.8425983519898724	-0.36339694895369823	ENSG00000161920.11	MED11	True
ENST00000381311	43.3	3.2937853	2.7444253	-0.54936004	0.42814374	0.8406951956600023	-0.3684104018313484	ENSG00000108509.21	CAMTA2	False
ENST00000346623	16.3	1.6345153	1.0848552	-0.5496601	0.4255001	0.8388703576585074	-0.37110033872755555	ENSG00000184254.17	ALDH1A3	False
ENST00000368130	13.34288	1.5063502	0.95599735	-0.5503528	0.57237214	0.8772504919776919	-0.24232151465738644	ENSG00000163568.16	AIM2	False
ENST00000565112	6.129145	0.80275106	0.25205803	-0.55069304	0.27489704	0.8093544299533921	-0.5608299381500368	ENSG00000155330.10	C16orf87	False
ENST00000372902	9.721594	1.0151871	0.4643373	-0.55084985	0.50118583	0.8548764927378353	-0.3000012124693138	ENSG00000126953.8	TIMM8A	True
ENST00000324817	164.04276	4.842274	4.291349	-0.55092525	0.23338756	0.8093544299533921	-0.6319222970410223	ENSG00000180182.11	MED14	False
ENST00000590954	68.377335	3.6849082	3.1334825	-0.5514257	0.44474334	0.8456860763700531	-0.3518905513657269	ENSG00000091164.13	TXNL1	False
ENST00000471229	121.56938	1.8244767	1.2729294	-0.5515473	0.7573461	0.9384303956788781	-0.12070561030773881	ENSG00000102401.20	ARMCX3	False
ENST00000256544	377.45923	5.81567	5.2637877	-0.55188227	0.17553824	0.8093544299533921	-0.7556282557168803	ENSG00000134152.11	KATNBL1	False
ENST00000419727	22.29872	1.2309023	0.6789783	-0.551924	0.6255858	0.8983420428423095	-0.2037131216210365	ENSG00000140044.13	JDP2	False
ENST00000215909	467.6	6.4850807	5.933086	-0.5519948	0.15286927	0.8093544299533921	-0.8156798104394536	ENSG00000100097.12	LGALS1	False
ENST00000303596	143.9074	4.72594	4.1737537	-0.5521865	0.3056582	0.8118754707110037	-0.5147639609060926	ENSG00000168286.3	THAP11	False
ENST00000510362	100.58851	4.280871	3.7284174	-0.5524535	0.33575216	0.8158433703746901	-0.4739811855279151	ENSG00000154153.15	RETREG1	False
ENST00000458385	144.1433	4.745029	4.192553	-0.5524759	0.38343892	0.823835243286134	-0.41630381290210067	ENSG00000164323.15	CFAP97	False
ENST00000344517	29.1	2.571287	2.018608	-0.5526788	0.26373166	0.8093544299533921	-0.5788377341858351	ENSG00000135776.5	ABCB10	False
ENST00000266735	45.13772	2.9861057	2.4334254	-0.55268025	0.4602333	0.8481416265840513	-0.33702196045132105	ENSG00000139343.11	SNRPF	True
ENST00000326446	47.814934	2.854557	2.301125	-0.553432	0.60783225	0.8907962838808695	-0.21621625897919294	ENSG00000177917.12	ARL6IP6	False
ENST00000376262	503.7	6.366794	5.8132706	-0.55352354	0.29022282	0.8109740254625081	-0.5372684368934953	ENSG00000062282.15	DGAT2	False
ENST00000521328	200.40694	4.858739	4.3050976	-0.5536413	0.75773984	0.938541525608948	-0.1204798769594631	ENSG00000164924.18	YWHAZ	False
ENST00000482772	450.2774	6.285408	5.731731	-0.5536771	0.39895093	0.8298121044971967	-0.3990805133990863	ENSG00000138398.17	PPIG	False
ENST00000529579	210.64775	5.3997416	4.84577	-0.55397177	0.24850252	0.8093544299533921	-0.6046691981090709	ENSG00000104388.15	RAB2A	False
ENST00000311066	235.9104	4.4345565	3.880539	-0.55401754	0.7455426	0.935882830083255	-0.12752754433529037	ENSG00000116731.23	PRDM2	False
ENST00000562526	34.158436	2.1768034	1.622668	-0.5541353	0.61161774	0.8924767740121592	-0.21351992352782756	ENSG00000257017.10	HP	False
ENST00000552766	212.88484	5.5037937	4.9492435	-0.5545502	0.45659822	0.8475631590411424	-0.34046578374819214	ENSG00000170515.14	PA2G4	False
ENST00000462968	134.11238	4.5241218	3.9694169	-0.5547049	0.28527558	0.8106393935615843	-0.5447354052695205	ENSG00000117335.21	CD46	True
ENST00000367041	104.475	3.3161867	2.7614694	-0.5547173	0.6880347	0.9178436063724108	-0.16238964984508625	ENSG00000117335.21	CD46	False
ENST00000559511	34.797947	1.9137052	1.3587921	-0.55491316	0.64186394	0.9034944865138398	-0.19255702089889543	ENSG00000104133.16	SPG11	False
ENST00000486940	23.898586	2.2472312	1.6922919	-0.5549394	0.3566061	0.8176176581231089	-0.4478112370180683	ENSG00000136152.15	COG3	False
ENST00000522362	55.34388	3.5318868	2.9766507	-0.5552361	0.2659015	0.8093544299533921	-0.575279203011911	ENSG00000240694.9	PNMA2	False
ENST00000379607	1202.496	7.691419	7.1359444	-0.55547476	0.29281315	0.8111088466013822	-0.5334094202870157	ENSG00000173674.11	EIF1AX	False
ENST00000234389	140.4	4.7426825	4.1870747	-0.5556078	0.049971864	0.8093544299533921	-1.3012744538790337	ENSG00000116032.5	GRIN3B	False
ENST00000397625	22.575516	1.3997215	0.84397143	-0.5557501	0.5483921	0.8693177891645862	-0.2609087966940035	ENSG00000070495.15	JMJD6	False
ENST00000252244	134.2	4.6529703	4.0970044	-0.5559659	0.4276047	0.840169088369937	-0.36895752473154864	ENSG00000167768.4	KRT1	False
ENST00000369220	35.534115	2.3481524	1.7919903	-0.5561621	0.58696455	0.8826128203198247	-0.2313881291303058	ENSG00000112237.13	CCNC	False
ENST00000370321	4844.606	9.703124	9.146803	-0.55632114	0.29886714	0.8111088466013822	-0.5245218378356076	ENSG00000122406.14	RPL5	False
ENST00000649838	96.11258	4.1955395	3.6391544	-0.55638504	0.10325518	0.8093544299533921	-0.9860881413501167	ENSG00000104738.19	MCM4	False
ENST00000395737	38.819286	2.86479	2.307914	-0.55687594	0.45968118	0.8479586958753978	-0.3375432735897054	ENSG00000128165.9	ADM2	False
ENST00000369244	120.489174	4.648127	4.09118	-0.55694723	0.05523222	0.8093544299533921	-1.2578075051567672	ENSG00000112234.9	FBXL4	False
ENST00000592997	38.95752	2.5266457	1.9693569	-0.55728877	0.6044551	0.8899892143002557	-0.21863594413608978	ENSG00000108479.13	GALK1	False
ENST00000543988	52.334267	2.8559778	2.2985368	-0.557441	0.60725766	0.8903435132061299	-0.2166269952542506	ENSG00000167770.13	OTUB1	False
ENST00000558049	27.896732	2.1278505	1.5700896	-0.55776095	0.51722234	0.8587697515903885	-0.28632272113419194	ENSG00000068305.19	MEF2A	True
ENST00000680536	114.90713	1.8404523	1.2825483	-0.557904	0.7388444	0.9345775597603275	-0.13144701714766147	ENSG00000157601.15	MX1	False
ENST00000325234	24.76508	2.170934	1.6128917	-0.5580423	0.4581635	0.8478742186373767	-0.3389795123812245	ENSG00000149782.13	PLCB3	False
ENST00000400000	1117.8734	7.655678	7.0974407	-0.5582371	0.114111274	0.8093544299533921	-0.9426714440751436	ENSG00000101558.14	VAPA	False
ENST00000261844	219.1602	5.114857	4.5563507	-0.5585065	0.17943217	0.8093544299533921	-0.7460996939878849	ENSG00000047346.13	ATOSA	False
ENST00000429498	18.798752	1.6030058	1.0441551	-0.55885065	0.50822264	0.8558786284660064	-0.2939459925377447	ENSG00000118197.14	DDX59	False
ENST00000415806	372.78333	6.124642	5.5656776	-0.55896425	0.23112349	0.8093544299533921	-0.6361559092145458	ENSG00000145779.8	TNFAIP8	False
ENST00000648328	114.839806	4.442614	3.8832788	-0.55933523	0.22274165	0.8093544299533921	-0.6521985703643063	ENSG00000272047.4	GTF2H5	True
ENST00000682908	43.679195	2.3414166	1.7820735	-0.5593431	0.7142079	0.9257062139447186	-0.14617535780642246	ENSG00000147050.18	KDM6A	False
ENST00000532425	23.709492	1.6765455	1.1169046	-0.5596409	0.699145	0.9212025833663481	-0.15543273206149189	ENSG00000086848.15	ALG9	False
ENST00000373719	519.3765	6.584024	6.0239797	-0.5600443	0.19609702	0.8093544299533921	-0.7075290141818116	ENSG00000147162.15	OGT	False
ENST00000298628	24.621822	2.2098565	1.6498034	-0.5600531	0.45395407	0.8472077019271466	-0.34298808503788936	ENSG00000123453.19	SARDH	False
ENST00000676548	49.318165	3.3257542	2.7650883	-0.56066585	0.60851187	0.8910328892792123	-0.21573094921015312	ENSG00000104408.11	EIF3E	False
ENST00000611031	35.296886	3.089756	2.5286543	-0.5611017	0.34890285	0.81719736681995	-0.4572954813471365	ENSG00000214575.10	CPEB1	False
ENST00000638800	740.47595	7.00428	6.442775	-0.5615053	0.15408266	0.8093544299533921	-0.8122462442663124	ENSG00000058673.17	ZC3H11A	False
ENST00000674151	208.16385	2.948909	2.3869443	-0.56196475	0.78032225	0.9454320112054988	-0.10772600743398768	ENSG00000112697.17	TMEM30A	False
ENST00000380680	316.4	5.7201524	5.1580887	-0.5620637	0.28066993	0.8093544299533921	-0.5518041173915953	ENSG00000122042.10	UBL3	True
ENST00000361752	631.38434	6.7972217	6.2349405	-0.56228113	0.18128312	0.8093544299533921	-0.7416426416934453	ENSG00000112531.17	QKI	False
ENST00000592529	32.779034	2.3361742	1.7735922	-0.562582	0.40574732	0.8312293045789577	-0.39174433552322563	ENSG00000167384.11	ZNF180	False
ENST00000444610	60.419323	3.501871	2.938939	-0.562932	0.34888083	0.81719736681995	-0.4573228963342997	ENSG00000102796.12	DHRS12	False
ENST00000354817	489.5749	6.329267	5.766292	-0.56297493	0.20511618	0.8093544299533921	-0.6880000747767394	ENSG00000197601.15	FAR1	False
ENST00000698421	103.056725	3.7410402	3.1780214	-0.5630188	0.687683	0.9178436063724108	-0.16261172026323586	ENSG00000168394.13	TAP1	False
ENST00000541212	45.927277	2.414096	1.8509166	-0.5631795	0.6256703	0.8983420428423095	-0.2036544504938499	ENSG00000110801.14	PSMD9	False
ENST00000302392	7.9	1.2717992	0.70850605	-0.56329316	0.26538834	0.8093544299533921	-0.5761181624438458	ENSG00000169964.8	TMEM42	False
ENST00000297689	189.0	5.054405	4.4907827	-0.5636225	0.17034669	0.8093544299533921	-0.7686662951532864	ENSG00000165030.4	NFIL3	False
ENST00000006750	64.9938	3.702962	3.1390238	-0.56393814	0.23763779	0.8093544299533921	-0.6240844987081088	ENSG00000007312.14	CD79B	False
ENST00000373699	13.8	1.3226117	0.7585314	-0.5640803	0.49660596	0.8537766521893764	-0.3039880703799965	ENSG00000137168.8	PPIL1	False
ENST00000483765	927.62616	7.401608	6.8374352	-0.56417274	0.43022138	0.840824720967489	-0.3663080122061375	ENSG00000122026.11	RPL21	False
ENST00000458500	40.58773	2.5371609	1.972276	-0.5648849	0.5571904	0.8728453353828223	-0.2539963605535203	ENSG00000147403.18	RPL10	False
ENST00000641874	26.951782	2.0292509	1.4642801	-0.56497073	0.48784897	0.8529381765683051	-0.3117146099943279	ENSG00000231192.3	OR5H1	False
ENST00000544079	428.45575	6.292584	5.7273703	-0.5652137	0.19651371	0.8093544299533921	-0.7066071398709944	ENSG00000115484.15	CCT4	False
ENST00000216452	51.404144	2.7953303	2.2300205	-0.56530976	0.54794025	0.8693177891645862	-0.26126679312302137	ENSG00000100564.9	PIGH	False
ENST00000538367	331.4362	5.9918556	5.426271	-0.56558466	0.44187617	0.8450789941411054	-0.35469941596469917	ENSG00000164548.12	TRA2A	False
ENST00000355354	1162.6785	7.72134	7.154887	-0.566453	0.22685023	0.8093544299533921	-0.6442607827326134	ENSG00000196776.17	CD47	False
ENST00000473000	137.70522	4.6719956	4.1055317	-0.56646395	0.12457682	0.8093544299533921	-0.9045627525981619	ENSG00000180822.12	PSMG4	False
ENST00000393292	19.95343	1.4284388	0.8616753	-0.56676346	0.6184018	0.8953247450941153	-0.2087292371166698	ENSG00000240682.10	ISY1	False
ENST00000414490	16.8	1.4997435	0.9328922	-0.56685126	0.41125143	0.8330998809981174	-0.38589258340965576	ENSG00000138380.18	CARF	True
ENST00000648965	1256.3	7.8631177	7.2961917	-0.566926	0.19216351	0.8093544299533921	-0.7163290724080585	ENSG00000118680.14	MYL12B	False
ENST00000318663	114.152176	4.4211326	3.85347	-0.5676625	0.25991353	0.8093544299533921	-0.5851711058150578	ENSG00000175938.7	ORAI3	False
ENST00000374163	72.07845	2.9657152	2.3979309	-0.5677843	0.7242956	0.9291173189122098	-0.14008414338918979	ENSG00000117676.14	RPS6KA1	False
ENST00000583843	16.361465	2.1626182	1.5946188	-0.56799936	0.51542	0.8587697515903885	-0.2878387168590062	ENSG00000146872.19	TLK2	True
ENST00000557265	351.24228	5.827528	5.259055	-0.56847286	0.27624106	0.8093544299533921	-0.5587117617670652	ENSG00000129515.20	SNX6	False
ENST00000344949	97.034775	4.1410832	3.5725265	-0.5685568	0.44091684	0.8446156514523803	-0.3556433174676881	ENSG00000036054.13	TBC1D23	False
ENST00000414818	40.99341	2.5086687	1.9400613	-0.56860733	0.60538787	0.8899892143002557	-0.21796628765131337	ENSG00000182670.14	TTC3	False
ENST00000282549	20.5	1.5601311	0.9913288	-0.5688023	0.47945997	0.8506036878052632	-0.31924764504635456	ENSG00000115507.10	OTX1	False
ENST00000490035	9.30264	1.4617357	0.89291334	-0.5688224	0.38918883	0.8259378738446596	-0.40983963715924404	ENSG00000185565.13	LSAMP	False
ENST00000281623	56.724895	2.295224	1.725611	-0.569613	0.61983645	0.8962923551817317	-0.20772288856021667	ENSG00000151876.13	FBXO4	False
ENST00000651185	26.611965	1.9977908	1.4280115	-0.5697793	0.61986226	0.8962923551817317	-0.20770480574023456	ENSG00000057657.17	PRDM1	False
ENST00000408925	18.6	1.9756306	1.4056048	-0.5700258	0.38454735	0.8241804989240806	-0.41505017396520627	ENSG00000221821.4	C6orf226	False
ENST00000409415	36.991844	2.6173859	2.0470366	-0.5703492	0.45199248	0.8472077019271466	-0.3448687888083308	ENSG00000115935.19	WIPF1	False
ENST00000368931	44.677223	3.0908902	2.520396	-0.5704942	0.31911266	0.8118754707110037	-0.49605596795330226	ENSG00000163141.20	BNIPL	False
ENST00000549165	20.294712	1.8813896	1.3106215	-0.5707681	0.37122253	0.8199748637125035	-0.4303656786033946	ENSG00000111670.16	GNPTAB	False
ENST00000550482	147.45334	4.8834615	4.312642	-0.5708194	0.29523975	0.8111088466013822	-0.5298251761365925	ENSG00000135486.19	HNRNPA1	False
ENST00000044462	215.82602	5.383372	4.8124294	-0.5709424	0.17972712	0.8093544299533921	-0.7453863796099919	ENSG00000041357.16	PSMA4	False
ENST00000410026	490.41733	6.5765033	6.005306	-0.5711975	0.009758638	0.8093544299533921	-2.010610782297595	ENSG00000173559.15	NABP1	True
ENST00000647676	11.769574	1.2202703	0.6489445	-0.5713258	0.5389724	0.8673763217907708	-0.26843349174531905	ENSG00000258465.8	ENSG00000258465	True
ENST00000265806	8.341052	1.4759749	0.9044728	-0.5715021	0.2914786	0.8109740254625081	-0.5353933190242388	ENSG00000104679.12	R3HCC1	False
ENST00000635767	15.87532	1.1542726	0.5826242	-0.57164836	0.49558222	0.8537766521893764	-0.3048842806215731	ENSG00000178177.17	LCORL	False
ENST00000323977	61.38557	3.3491814	2.7771842	-0.57199717	0.7077928	0.9236073960785152	-0.15009384814317533	ENSG00000020922.13	MRE11	False
ENST00000662216	54.566307	3.1627264	2.5904567	-0.5722697	0.5978298	0.8869203619546826	-0.2234224268929084	ENSG00000287856.1	ENSG00000287856	False
ENST00000380629	1071.1257	7.7012925	7.1289845	-0.57230806	0.4198934	0.8374027596300101	-0.3768609374137748	ENSG00000104765.16	BNIP3L	False
ENST00000339697	273.74045	5.5865746	5.0139647	-0.5726099	0.1993541	0.8093544299533921	-0.7003748340245066	ENSG00000111897.7	SERINC1	False
ENST00000683139	148.38675	4.7472987	4.174632	-0.57266665	0.31176138	0.8118754707110037	-0.5061776858789527	ENSG00000206560.12	ANKRD28	False
ENST00000371030	21.950054	2.0599043	1.4871877	-0.5727166	0.61799604	0.8951237042968144	-0.20901430988170228	ENSG00000124203.7	ZNF831	False
ENST00000556148	24.901903	1.2344799	0.66142875	-0.57305115	0.60195804	0.8884027676839197	-0.22043378313630804	ENSG00000150527.18	MIA2	False
ENST00000553273	78.32744	3.3452504	2.7714953	-0.573755	0.5480373	0.8693177891645862	-0.2611898894369222	ENSG00000092020.11	PPP2R3C	False
ENST00000253686	247.47066	5.4611325	4.887221	-0.57391167	0.27511993	0.8093544299533921	-0.5604779468871625	ENSG00000131368.9	MRPS25	False
ENST00000511355	13.598139	1.4912564	0.9173285	-0.5739279	0.4342462	0.842654100473947	-0.36226396104134556	ENSG00000239672.8	NME1	False
ENST00000455220	54.64812	2.8303888	2.2557828	-0.57460594	0.68718344	0.9178436063724108	-0.16292731500895136	ENSG00000137500.10	CCDC90B	False
ENST00000648130	58.703712	1.365249	0.79053605	-0.574713	0.6484652	0.9058007019088778	-0.18811331462230432	ENSG00000103064.15	SLC7A6	False
ENST00000481941	53.333782	1.5458045	0.97068113	-0.57512337	0.6989839	0.9212025833663481	-0.1555328226487682	ENSG00000174953.14	DHX36	False
ENST00000566524	32.89486	2.7821229	2.2069788	-0.57514405	0.5433022	0.8685822893933551	-0.26495855364883975	ENSG00000075131.10	TIPIN	True
ENST00000288757	54.804504	3.1824615	2.6071608	-0.5753007	0.36517727	0.8185742609699567	-0.4374962579503045	ENSG00000157895.11	C12orf43	False
ENST00000445566	449.65152	6.447455	5.872072	-0.5753827	0.20300104	0.8093544299533921	-0.6925017430401373	ENSG00000142634.13	EFHD2	False
ENST00000238647	953.4329	7.349854	6.773787	-0.576067	0.12654729	0.8093544299533921	-0.8977471443530443	ENSG00000119669.5	IRF2BPL	False
ENST00000374935	162.57852	5.0892396	4.5131626	-0.576077	0.25116497	0.8093544299533921	-0.6000409269894592	ENSG00000075151.24	EIF4G3	False
ENST00000526680	50.863365	2.718871	2.1427593	-0.5761118	0.5768415	0.8791592407063943	-0.23894352238855116	ENSG00000154359.13	LONRF1	True
ENST00000413553	22.356886	2.3475778	1.7707973	-0.57678056	0.44801536	0.8466067403034033	-0.34870709419827556	ENSG00000160584.17	SIK3	False
ENST00000524958	43.795704	2.996294	2.4192107	-0.57708335	0.4038611	0.8303453948335059	-0.3937679703141935	ENSG00000278615.5	C11orf98	False
ENST00000327569	130.89981	1.9475069	1.3700441	-0.5774628	0.76340497	0.940089844663147	-0.11724501960422481	ENSG00000101974.15	ATP11C	False
ENST00000641471	105.48635	3.024293	2.4466112	-0.5776818	0.6894336	0.9186431748190395	-0.1615075707370514	ENSG00000131238.18	PPT1	False
ENST00000437626	19.63632	1.6855292	1.1076968	-0.57783246	0.551765	0.8706155077248472	-0.2582458320875293	ENSG00000197381.18	ADARB1	False
ENST00000676549	63.706738	1.8308576	1.2526441	-0.5782136	0.71414024	0.9257062139447186	-0.14621649704072107	ENSG00000117450.15	PRDX1	False
ENST00000686218	156.25287	4.962112	4.383735	-0.57837677	0.34658456	0.81719736681995	-0.46019079047756567	ENSG00000256269.11	HMBS	False
ENST00000672987	1842.643	8.254707	7.675921	-0.5787864	0.25079638	0.8093544299533921	-0.6006787404654697	ENSG00000182287.15	AP1S2	False
ENST00000675353	11.870669	1.2800168	0.7011725	-0.5788443	0.54201615	0.8677958347030249	-0.2659877741089378	ENSG00000147224.13	PRPS1	False
ENST00000300213	1022.45215	7.7352448	7.1560607	-0.57918406	0.14740191	0.8093544299533921	-0.8314968771658171	ENSG00000166946.14	CCNDBP1	False
ENST00000540029	90.95113	3.9616966	3.382112	-0.5795846	0.6270401	0.898772357322451	-0.2027046927938506	ENSG00000166947.15	EPB42	False
ENST00000296785	278.3459	5.5313144	4.951688	-0.57962656	0.20714693	0.8093544299533921	-0.6837215035271653	ENSG00000164331.10	ANKRA2	False
ENST00000380650	192.17627	5.2762337	4.6965933	-0.5796404	0.18840595	0.8093544299533921	-0.7249053954414737	ENSG00000005175.10	RPAP3	False
ENST00000518676	32.44022	1.5339718	0.95407283	-0.57989895	0.65964663	0.9101539440874783	-0.18068865175309268	ENSG00000188039.17	NWD1	False
ENST00000698819	691.63885	6.958576	6.378264	-0.58031225	0.23061624	0.8093544299533921	-0.6371101097495999	ENSG00000178927.19	CYBC1	False
ENST00000552205	14.239204	1.7144232	1.1339152	-0.580508	0.38308123	0.823835243286134	-0.4167091296016887	ENSG00000184752.14	NDUFA12	False
ENST00000260569	203.39227	4.6080484	4.027192	-0.5808563	0.7397934	0.9345775597603275	-0.1308895358765003	ENSG00000011523.15	CEP68	False
ENST00000564817	13.036	1.6985348	1.1176178	-0.580917	0.51847404	0.8592807806970575	-0.2852729818358945	ENSG00000102901.13	CENPT	False
ENST00000696378	6.2030406	0.81905025	0.2380255	-0.58102477	0.17623788	0.8093544299533921	-0.7539007371225612	ENSG00000115392.13	FANCL	True
ENST00000649949	9.329932	1.3860162	0.8048134	-0.58120286	0.435977	0.842654100473947	-0.36053640949269855	ENSG00000070087.15	PFN2	True
ENST00000170630	90.62365	3.8539762	3.2722993	-0.58167696	0.6539328	0.9074378143579566	-0.1844668721944637	ENSG00000077238.14	IL4R	False
ENST00000371341	215.17545	3.6832259	3.1015	-0.58172584	0.7316162	0.9324883865016633	-0.13571668719558727	ENSG00000116209.12	TMEM59	False
ENST00000429900	32.51363	2.7255275	2.1436114	-0.5819161	0.31904355	0.8118754707110037	-0.49615003514290784	ENSG00000178252.19	WDR6	False
ENST00000503075	31.52251	2.2970874	1.7143745	-0.5827129	0.5545944	0.8719910230509131	-0.2560245219338541	ENSG00000081189.17	MEF2C	False
ENST00000512733	252.51425	5.525476	4.942609	-0.58286715	0.03121895	0.8093544299533921	-1.5055817119346617	ENSG00000163291.14	PAQR3	False
ENST00000304916	16.521343	2.0065167	1.423559	-0.58295774	0.45608652	0.8473426594424552	-0.34095276693509136	ENSG00000168672.4	LRATD2	False
ENST00000680115	177.95523	5.011594	4.4280915	-0.5835023	0.2412644	0.8093544299533921	-0.6175067509430288	ENSG00000204149.16	AGAP6	False
ENST00000676178	55.486988	3.2316024	2.6478083	-0.5837941	0.3376014	0.8159671882845638	-0.4715957694774463	ENSG00000185900.11	POMK	False
ENST00000608166	227.13269	5.4088845	4.824911	-0.5839734	0.19776127	0.8093544299533921	-0.7038587632512457	ENSG00000023572.10	GLRX2	False
ENST00000487794	21.1	1.8906535	1.3066034	-0.58405006	0.3673977	0.8192702949872638	-0.43486357180064017	ENSG00000159069.14	FBXW5	False
ENST00000338415	269.5	5.645864	5.0614386	-0.58442545	0.094674185	0.8093544299533921	-1.0237684251769106	ENSG00000115828.17	QPCT	False
ENST00000335783	42.6	2.449343	1.8645427	-0.58480024	0.49004212	0.85373409407385	-0.3097665897833074	ENSG00000031691.7	CENPQ	False
ENST00000579459	26.46578	2.1059146	1.5207721	-0.5851425	0.5577154	0.8731262404848221	-0.2535873508975715	ENSG00000108651.10	UTP6	False
ENST00000371443	45.2	3.3095882	2.7242873	-0.5853009	0.37919566	0.8231329589941108	-0.4211366415229409	ENSG00000182154.8	MRPL41	False
ENST00000504286	29.926441	2.5900958	2.004497	-0.5855987	0.57540214	0.8785334840810592	-0.2400285267755804	ENSG00000145545.13	SRD5A1	False
ENST00000404299	9.5	1.3379259	0.75183064	-0.5860953	0.32498845	0.8142173533113395	-0.48813206733228753	ENSG00000111728.11	ST8SIA1	False
ENST00000333274	53.588463	3.4152715	2.8286197	-0.5866518	0.23918806	0.8093544299533921	-0.621260503337951	ENSG00000184349.14	EFNA5	False
ENST00000700044	32.41881	1.9959399	1.4092805	-0.5866593	0.6003583	0.8874951743413665	-0.22158947550855565	ENSG00000163848.21	ZNF148	False
ENST00000530907	21.489374	1.6579361	1.071213	-0.5867231	0.5759114	0.8786354755309875	-0.239644322613215	ENSG00000148925.11	BTBD10	False
ENST00000358156	317.81708	5.7905965	5.2038517	-0.5867448	0.17234069	0.8093544299533921	-0.7636121698573652	ENSG00000161547.17	SRSF2	False
ENST00000396467	22.081547	2.437643	1.8506854	-0.5869577	0.4486865	0.8470024537044705	-0.34805698725254675	ENSG00000147604.14	RPL7	False
ENST00000534355	424.68652	6.171581	5.5845933	-0.5869875	0.27737027	0.8093544299533921	-0.5569400843602647	ENSG00000211450.11	SELENOH	True
ENST00000400959	17.821978	1.4974455	0.91036296	-0.5870825	0.5870668	0.8826128203198247	-0.23131245769148592	ENSG00000009790.15	TRAF3IP3	False
ENST00000538992	12.23967	1.3604618	0.7732489	-0.5872129	0.47999913	0.8506902620804366	-0.3187595543043322	ENSG00000010030.14	ETV7	False
ENST00000366690	16.43323	1.7207818	1.1335458	-0.58723605	0.6900739	0.9186724533179029	-0.1611043935433482	ENSG00000168118.12	RAB4A	False
ENST00000366510	70.1	3.6905193	3.1030068	-0.5875125	0.3765099	0.8226842929596185	-0.42422359431031964	ENSG00000143653.10	SCCPDH	False
ENST00000397126	55.356903	3.1501777	2.5625665	-0.5876112	0.3765576	0.8226842929596185	-0.4241685958543632	ENSG00000160321.16	ZNF208	False
ENST00000229903	81.50598	4.1160803	3.5281928	-0.5878875	0.09338694	0.8093544299533921	-1.0297138517856552	ENSG00000112167.11	SAYSD1	False
ENST00000376233	98.99977	3.6730545	3.0843728	-0.5886817	0.44638684	0.8459831455694948	-0.3502886135714865	ENSG00000121406.9	ZNF549	False
ENST00000333305	90.0	3.3081906	2.7194746	-0.58871603	0.5339175	0.8658886340325633	-0.2725258550572538	ENSG00000182700.5	IGIP	True
ENST00000399120	16.24255	1.485484	0.896428	-0.589056	0.5119926	0.8575140049865208	-0.2907363382584565	ENSG00000159267.17	HLCS	False
ENST00000608174	38.09422	2.8089	2.2196248	-0.58927536	0.43679115	0.8427484754954933	-0.3597261678762492	ENSG00000177042.16	TMEM80	False
ENST00000450256	24.14714	2.225516	1.636136	-0.58938	0.471296	0.8496539504698483	-0.326706234756205	ENSG00000035141.10	FAM136A	True
ENST00000514744	182.20732	4.865926	4.2758923	-0.59003353	0.35875702	0.8182605935073269	-0.44519959324942376	ENSG00000147145.14	LPAR4	True
ENST00000394846	243.275	5.4180017	4.827694	-0.5903077	0.20720753	0.8093544299533921	-0.6835944646697716	ENSG00000185947.15	ZNF267	True
ENST00000378551	434.95435	6.348898	5.757754	-0.5911441	0.054141853	0.8093544299533921	-1.2664668845843137	ENSG00000138032.21	PPM1B	False
ENST00000650827	82.44652	3.387233	2.7958777	-0.5913553	0.7606273	0.9393401862698847	-0.11882807443789856	ENSG00000100365.16	NCF4	False
ENST00000246549	1611.0299	8.102868	7.511393	-0.591475	0.1577813	0.8093544299533921	-0.8019444619370455	ENSG00000126262.5	FFAR2	False
ENST00000395564	301.99368	5.9359946	5.344077	-0.5919175	0.2791755	0.8093544299533921	-0.5541227127100486	ENSG00000183696.14	UPP1	False
ENST00000339083	28.161077	2.4057286	1.8131583	-0.5925703	0.48151478	0.8508696399096464	-0.31739037620702076	ENSG00000155366.17	RHOC	False
ENST00000452722	169.70932	4.8442116	4.251328	-0.5928836	0.29802477	0.8111088466013822	-0.5257476332740956	ENSG00000182985.19	CADM1	False
ENST00000449489	64.677574	3.7556412	3.162644	-0.5929973	0.3307638	0.8142173533113395	-0.4804820443233204	ENSG00000131051.24	RBM39	True
ENST00000432543	66.2	3.678692	3.0856075	-0.5930846	0.47654915	0.8504371505934152	-0.32189230206137576	ENSG00000125814.17	NAPB	False
ENST00000392320	86.18779	3.7260523	3.1329508	-0.5931015	0.4874902	0.8529381765683051	-0.31203410428814027	ENSG00000138378.20	STAT4	False
ENST00000317610	16.115295	1.3860801	0.792155	-0.5939251	0.47454047	0.8500118764885034	-0.32372674207752433	ENSG00000115310.19	RTN4	False
ENST00000345057	132.7	4.713984	4.1193223	-0.5946617	0.37953055	0.8231329589941108	-0.42075326127151863	ENSG00000102871.16	TRADD	False
ENST00000304363	85.96504	3.5566566	2.9618073	-0.59484935	0.53010786	0.8648242843919811	-0.2756357598106844	ENSG00000110066.16	KMT5B	False
ENST00000415009	10.152067	1.5467509	0.95175093	-0.59499997	0.4189116	0.8369928622965472	-0.3778776072114685	ENSG00000155034.21	FBXL18	False
ENST00000652630	72.84784	3.7553236	3.159981	-0.59534264	0.32202488	0.8132758769142434	-0.49211057045255785	ENSG00000153879.9	CEBPG	False
ENST00000256689	245.77441	5.2846546	4.6889553	-0.5956993	0.28704798	0.8109740254625081	-0.5420455016289291	ENSG00000134294.14	SLC38A2	False
ENST00000393321	143.66917	4.669206	4.073498	-0.5957084	0.59251255	0.8847213646920881	-0.22730244792318008	ENSG00000135968.22	GCC2	False
ENST00000422447	7.018477	1.4913024	0.89555407	-0.5957483	0.46967325	0.8496539504698483	-0.3282041776971178	ENSG00000134333.15	LDHA	False
ENST00000699872	21.299564	2.2936566	1.6977895	-0.59586704	0.51149696	0.8572896379232406	-0.29115694215539756	ENSG00000105486.15	LIG1	False
ENST00000246071	349.9674	6.0377374	5.4411516	-0.59658575	0.09219581	0.8093544299533921	-1.0352888210115623	ENSG00000125870.11	SNRPB2	False
ENST00000693442	115.24385	3.8482533	3.2515006	-0.59675264	0.6817705	0.9165294746754324	-0.16636179224644848	ENSG00000174720.18	LARP7	False
ENST00000553677	15.087667	1.6289884	1.0312877	-0.5977007	0.42773986	0.8402914052201957	-0.36882027844239795	ENSG00000100567.13	PSMA3	True
ENST00000679853	164.1199	3.936065	3.3380702	-0.5979948	0.72785014	0.9309431364277914	-0.1379580306372882	ENSG00000118217.7	ATF6	False
ENST00000304189	25.326252	2.4094317	1.8113784	-0.59805334	0.4311536	0.8410214692507391	-0.36536798790843344	ENSG00000125898.13	FAM110A	False
ENST00000305105	45.9	3.1304467	2.531948	-0.5984986	0.27100226	0.8093544299533921	-0.5670270828126847	ENSG00000106400.12	ZNHIT1	False
ENST00000517749	520.5875	3.9009516	3.3024142	-0.59853745	0.8243971	0.9601797487709928	-0.08386355141473308	ENSG00000164754.16	RAD21	False
ENST00000667629	236.67593	5.4864388	4.8875866	-0.59885216	0.48454076	0.8524822256628279	-0.31466968337466533	ENSG00000135766.9	EGLN1	True
ENST00000577830	193.04916	5.2249756	4.6258793	-0.5990963	0.110990584	0.8093544299533921	-0.9547138638727227	ENSG00000180891.13	CUEDC1	False
ENST00000563577	32.95272	2.6791058	2.0799913	-0.5991144	0.26253358	0.8093544299533921	-0.5808151469875441	ENSG00000177548.13	RABEP2	False
ENST00000240651	282.33582	5.6452622	5.0460224	-0.5992398	0.34466282	0.81719736681995	-0.46260556883183396	ENSG00000121350.16	PYROXD1	False
ENST00000477703	47.119537	3.0694466	2.4698582	-0.5995884	0.16070122	0.8093544299533921	-0.7939808389688565	ENSG00000168273.8	UQCC5	False
ENST00000383661	76.956154	3.9512913	3.3516216	-0.5996697	0.65159255	0.9064197091743617	-0.1860238880779647	ENSG00000163840.10	DTX3L	False
ENST00000217958	33.40846	1.9807353	1.381029	-0.5997063	0.5855876	0.8820984150529122	-0.23240811279534868	ENSG00000101843.19	PSMD10	False
ENST00000704021	19.52388	1.8091134	1.2092674	-0.599846	0.52686256	0.8628966334781174	-0.27830266083807853	ENSG00000068400.14	GRIPAP1	False
ENST00000428425	59.637867	3.1196105	2.5196314	-0.59997916	0.6162702	0.8944279309061053	-0.21022884316176363	ENSG00000114503.11	NCBP2	False
ENST00000674951	29.512426	1.57432	0.97393787	-0.6003821	0.56953806	0.8767305649429177	-0.2444772508159108	ENSG00000117569.20	PTBP2	False
ENST00000616760	26.13771	2.082947	1.4825171	-0.6004299	0.3411697	0.81719736681995	-0.46702956533476353	ENSG00000213719.8	CLIC1	False
ENST00000352861	36.471302	2.342188	1.741535	-0.60065293	0.54419935	0.8690677452700819	-0.2642419832821749	ENSG00000132432.14	SEC61G	False
ENST00000520992	38.75981	2.140298	1.5386088	-0.6016891	0.65919244	0.9101517354341213	-0.18098778011593988	ENSG00000164754.16	RAD21	False
ENST00000395676	17.1	1.8597593	1.2580488	-0.60171056	0.3858196	0.8244231157420382	-0.41361569787774716	ENSG00000130487.9	KLHDC7B	False
ENST00000323666	242.27963	5.6481004	5.046196	-0.6019044	0.26246217	0.8093544299533921	-0.5809332865746993	ENSG00000111142.14	METAP2	False
ENST00000369796	34.1	2.3045487	1.7023442	-0.60220456	0.54828554	0.8693177891645862	-0.2609932045617907	ENSG00000143093.15	STRIP1	False
ENST00000370466	2336.4414	8.902897	8.300361	-0.6025362	0.26659602	0.8093544299533921	-0.5741463396289598	ENSG00000162645.13	GBP2	False
ENST00000262096	258.1	5.805753	5.203025	-0.60272837	0.36436376	0.8185742609699567	-0.43846482522439234	ENSG00000104219.13	ZDHHC2	False
ENST00000581003	16.897331	2.1320004	1.5291799	-0.6028205	0.47041705	0.8496539504698483	-0.32751694357384903	ENSG00000108468.15	CBX1	False
ENST00000310271	125.2	4.610158	4.0072994	-0.60285854	0.2577234	0.8093544299533921	-0.5888461629564294	ENSG00000023330.15	ALAS1	False
ENST00000588869	34.503395	2.1545448	1.551574	-0.60297084	0.52589506	0.8628966334781174	-0.2791009094525486	ENSG00000105401.9	CDC37	True
ENST00000409003	31.11618	2.5855763	1.9823145	-0.6032618	0.26227626	0.8093544299533921	-0.5812410145161169	ENSG00000177570.15	SAMD12	True
ENST00000610355	139.71329	4.8417835	4.238397	-0.6033864	0.11412551	0.8093544299533921	-0.9426172590266105	ENSG00000145244.12	CORIN	False
ENST00000358430	18.302233	1.9204158	1.3168659	-0.60354984	0.51403904	0.8584153154289704	-0.2890038964830429	ENSG00000164440.15	TXLNB	False
ENST00000379852	26.657593	2.6892939	2.085699	-0.6035948	0.49100783	0.8537766521893764	-0.3089115780846205	ENSG00000115216.14	NRBP1	False
ENST00000652678	75.12543	3.5780737	2.9740858	-0.60398793	0.6394687	0.9030065409848047	-0.1941806879943627	ENSG00000085063.18	CD59	True
ENST00000280871	17.67862	1.7116504	1.1075844	-0.604066	0.39836782	0.8298121044971967	-0.3997157486074681	ENSG00000151229.13	SLC2A13	False
ENST00000437473	40.082718	2.4729962	1.86876	-0.60423625	0.63753426	0.9021118761383913	-0.19549647151395608	ENSG00000081189.17	MEF2C	False
ENST00000342697	297.84274	5.5498123	4.9449797	-0.60483265	0.3233225	0.8140535395798091	-0.4903640654087864	ENSG00000164938.14	TP53INP1	False
ENST00000310585	6.6586733	1.2052385	0.5994269	-0.60581154	0.43242627	0.8419919022633805	-0.3640879265836702	ENSG00000175182.15	FAM131A	False
ENST00000249822	29.423222	1.8067881	1.2007629	-0.6060252	0.69097817	0.9190096639099691	-0.16053567337975283	ENSG00000128989.11	ARPP19	False
ENST00000589852	21.59903	1.5272102	0.9209727	-0.60623753	0.617607	0.894947108003435	-0.20928779208610332	ENSG00000105058.12	FAM32A	False
ENST00000564783	17.736338	1.8095843	1.2032381	-0.60634613	0.5385988	0.8673735641566814	-0.2687346379951864	ENSG00000205336.14	ADGRG1	False
ENST00000424424	87.272766	3.750085	3.1436865	-0.6063986	0.4390888	0.843416202945035	-0.35744764876346075	ENSG00000171867.18	PRNP	True
ENST00000693191	21.00152	1.2935644	0.687112	-0.60645247	0.56673557	0.8758719814065489	-0.24661953222130584	ENSG00000119397.19	CNTRL	False
ENST00000635758	36.39806	1.4242548	0.8177946	-0.60646015	0.63192207	0.9002255149083827	-0.1993364791562578	ENSG00000057663.16	ATG5	False
ENST00000700625	22.48387	1.4396591	0.8331355	-0.60652363	0.59192026	0.8844881973044109	-0.22773679740701538	ENSG00000105223.21	PLD3	False
ENST00000316881	2501.2246	8.635635	8.02848	-0.6071558	0.24260414	0.8093544299533921	-0.6151017985664411	ENSG00000121060.19	TRIM25	False
ENST00000335542	38.68618	2.2436702	1.6361	-0.6075702	0.55439717	0.8719910230509131	-0.25617899861864213	ENSG00000157017.16	GHRL	False
ENST00000427097	52.934875	2.7889612	2.181274	-0.60768723	0.54294956	0.8684256420417664	-0.26524051663944237	ENSG00000101391.21	CDK5RAP1	False
ENST00000625766	21.280647	2.0382226	1.4300733	-0.6081493	0.60792655	0.8908695526323887	-0.21614889100793075	ENSG00000280670.3	CCDC163	True
ENST00000675144	60.763336	2.787163	2.1790004	-0.60816264	0.6408114	0.9030378888992515	-0.19326978181037333	ENSG00000073464.13	CLCN4	True
ENST00000609421	52.19407	3.6272001	3.0187757	-0.6084244	0.1125584	0.8093544299533921	-0.9486220807734614	ENSG00000173171.15	MTX1	False
ENST00000474617	43.693886	2.3855553	1.7770224	-0.6085329	0.6357051	0.9016400598756685	-0.1967442952279861	ENSG00000136280.17	CCM2	False
ENST00000238714	95.87107	2.9338777	2.3251836	-0.6086941	0.64862764	0.9058007019088778	-0.18800454944982675	ENSG00000115421.13	PAPOLG	False
ENST00000591843	55.881733	3.3732636	2.7643788	-0.6088848	0.5721115	0.8771852707673807	-0.2425193319766867	ENSG00000104915.15	STX10	False
ENST00000379188	386.62732	6.161981	5.553006	-0.60897493	0.13290815	0.8093544299533921	-0.8764483852577285	ENSG00000005889.16	ZFX	False
ENST00000334478	22.367914	1.6607941	1.0517399	-0.6090542	0.58834773	0.8828288994961898	-0.23036591559932712	ENSG00000123349.15	PFDN5	False
ENST00000369103	585.00006	6.7931767	6.1840925	-0.6090841	0.21083583	0.8093544299533921	-0.6760555833145737	ENSG00000148908.15	RGS10	False
ENST00000583354	32.993202	2.761403	2.1523042	-0.6090989	0.47096726	0.8496539504698483	-0.327009279707232	ENSG00000169660.17	HEXD	False
ENST00000676516	70.763596	2.5242865	1.914926	-0.60936046	0.6639004	0.9108073128400928	-0.1778970858049127	ENSG00000128609.16	NDUFA5	True
ENST00000675491	72.9523	3.4271326	2.8168187	-0.6103139	0.6039365	0.8899892143002557	-0.21900872697060772	ENSG00000169567.13	HINT1	False
ENST00000233609	29.241302	2.661286	2.0509424	-0.6103437	0.5181624	0.8589934435588001	-0.2855340798199045	ENSG00000115268.10	RPS15	False
ENST00000312521	82.5634	4.062805	3.4524357	-0.61036944	0.34352744	0.81719736681995	-0.46403857173709506	ENSG00000174738.13	NR1D2	False
ENST00000260102	99.0	4.3032165	3.6928124	-0.610404	0.25292686	0.8093544299533921	-0.5970050539506303	ENSG00000137547.9	MRPL15	False
ENST00000500869	42.460728	2.7224114	2.1113803	-0.61103106	0.5230433	0.8618517854807809	-0.28146237754983366	ENSG00000176018.13	LYSMD3	False
ENST00000355904	131.40439	4.5865355	3.974932	-0.6116035	0.2939231	0.8111088466013822	-0.5317662660847805	ENSG00000197265.9	GTF2E2	False
ENST00000605528	2760.1177	8.822972	8.211358	-0.6116142	0.34823412	0.81719736681995	-0.45812868263710627	ENSG00000270800.4	RPS10-NUDT3	False
ENST00000442510	1408.5863	7.9395695	7.327693	-0.6118765	0.23443554	0.8093544299533921	-0.6299765430803747	ENSG00000081237.21	PTPRC	False
ENST00000608424	79.76156	3.9288118	3.3166792	-0.61213255	0.5705127	0.8768692392893742	-0.24373467431197243	ENSG00000178252.19	WDR6	False
ENST00000710931	52.55003	1.9085623	1.2961271	-0.6124352	0.73955834	0.9345775597603275	-0.13102756154795026	ENSG00000180488.17	MIGA1	False
ENST00000461888	25.740551	1.5650393	0.95230216	-0.6127371	0.6248235	0.8981746216663314	-0.2042426373380575	ENSG00000132716.19	DCAF8	False
ENST00000221452	63.195606	3.5287054	2.915753	-0.6129525	0.4618291	0.8481416265840513	-0.33551870920914756	ENSG00000104856.15	RELB	False
ENST00000494307	69.80162	3.7282565	3.1151214	-0.6131351	0.34486148	0.81719736681995	-0.46235531532898744	ENSG00000122882.11	ECD	True
ENST00000250495	96.430305	4.439365	3.8256981	-0.6136668	0.12123252	0.8093544299533921	-0.9163808777998971	ENSG00000129559.13	NEDD8	False
ENST00000558910	89.07602	3.6459773	3.0321746	-0.6138027	0.66370696	0.9108073128400928	-0.17802362919717737	ENSG00000140416.26	TPM1	False
ENST00000261721	17.373615	1.7626969	1.1488934	-0.6138035	0.4472714	0.8459831455694948	-0.3494288646952373	ENSG00000064726.10	BTBD1	False
ENST00000337351	28.3689	2.1739628	1.5600559	-0.613907	0.57036096	0.8768692392893742	-0.24385020976070007	ENSG00000007392.17	LUC7L	False
ENST00000639812	638.6317	6.8110585	6.196602	-0.61445665	0.18397757	0.8093544299533921	-0.7352351119569536	ENSG00000058673.17	ZC3H11A	False
ENST00000368877	642.5141	6.7425632	6.127748	-0.61481524	0.38408056	0.8239662941964114	-0.4155776749386195	ENSG00000123505.20	AMD1	False
ENST00000369248	56.01902	3.5309753	2.9159367	-0.61503863	0.077863745	0.8093544299533921	-1.1086647097408708	ENSG00000151553.16	FHIP2A	False
ENST00000710382	56.01902	3.5309753	2.9159367	-0.61503863	0.077863745	0.8093544299533921	-1.1086647097408708	ENSG00000151553.16	FHIP2A	False
ENST00000530927	7.5	1.1036042	0.48832428	-0.6152799	0.28076488	0.8093544299533921	-0.5516572210911395	ENSG00000112699.11	GMDS	False
ENST00000375991	169.88419	4.981918	4.366604	-0.615314	0.31062618	0.8118754707110037	-0.5077619455572592	ENSG00000135070.15	ISCA1	True
ENST00000517649	146.23824	3.2359922	2.6205797	-0.6154125	0.6819592	0.9165294746754324	-0.16624159984276693	ENSG00000249437.8	NAIP	False
ENST00000699192	90.19397	3.490896	2.8754747	-0.6154213	0.6632924	0.9108073128400928	-0.17829497358528926	ENSG00000162924.16	REL	False
ENST00000522780	19.121042	1.9449512	1.3294504	-0.6155008	0.42429703	0.8384889416362945	-0.3723300033508972	ENSG00000165071.15	TMEM71	True
ENST00000390325	142.62991	4.77753	4.16201	-0.61552	0.5159456	0.8587697515903885	-0.2873960756052833	ENSG00000211679.2	IGLC3	True
ENST00000370067	14.282661	1.8795815	1.2638568	-0.6157247	0.3570346	0.8177495557578855	-0.4472897021580864	ENSG00000162631.20	NTNG1	False
ENST00000397041	12.711309	1.2246665	0.60873187	-0.6159346	0.4786597	0.8504371505934152	-0.31997314531273024	ENSG00000074370.18	ATP2A3	False
ENST00000509877	1132.1018	7.5316944	6.915662	-0.6160326	0.25741404	0.8093544299533921	-0.5893677643112164	ENSG00000145592.14	RPL37	True
ENST00000396394	84.08069	4.011667	3.394938	-0.6167288	0.2583244	0.8093544299533921	-0.5878345462930625	ENSG00000129084.18	PSMA1	False
ENST00000392477	156.74678	4.748919	4.131918	-0.61700106	0.3256038	0.8142173533113395	-0.4873105180148631	ENSG00000111912.20	NCOA7	False
ENST00000525723	18.197887	1.6623513	1.0451757	-0.6171756	0.4743128	0.8500118764885034	-0.32393514407087115	ENSG00000139974.17	SLC38A6	True
ENST00000349485	25.00285	1.8855456	1.2678325	-0.6177131	0.55741084	0.8728453353828223	-0.25382459273661107	ENSG00000186866.17	POFUT2	False
ENST00000393883	26.68291	1.5343817	0.9166448	-0.61773694	0.6119714	0.8924767740121592	-0.2132688891707371	ENSG00000188321.14	ZNF559	False
ENST00000598567	18.655336	2.063275	1.4453608	-0.6179143	0.45300984	0.8472077019271466	-0.3438923607399471	ENSG00000105393.16	BABAM1	True
ENST00000463050	24.457302	2.0155764	1.3974669	-0.61810946	0.5641644	0.8751424009584416	-0.24859432216437016	ENSG00000089006.17	SNX5	False
ENST00000253233	48.99281	2.8783066	2.2601027	-0.6182039	0.6581489	0.909774240431507	-0.1816758502746157	ENSG00000130921.9	MTRFR	False
ENST00000613993	25.401743	2.1133318	1.4948708	-0.618461	0.45752233	0.8478742186373767	-0.3395877022141595	ENSG00000057663.16	ATG5	True
ENST00000673997	84.992676	3.929738	3.3111176	-0.6186204	0.35599533	0.8175932215882654	-0.4485557025037852	ENSG00000181827.16	RFX7	False
ENST00000558196	13.608055	1.6069946	0.988369	-0.61862564	0.32534054	0.8142173533113395	-0.4876618178700166	ENSG00000140612.14	SEC11A	False
ENST00000402718	97.45967	4.2315073	3.61265	-0.6188574	0.13730212	0.8093544299533921	-0.8623227710751712	ENSG00000170619.10	COMMD5	False
ENST00000449352	48.7	3.2155828	2.596468	-0.6191149	0.21877833	0.8093544299533921	-0.65999570283151	ENSG00000051009.11	FHIP1B	False
ENST00000482533	29.696651	2.5972288	1.9775947	-0.61963403	0.49771413	0.8540375487251681	-0.30302002774478637	ENSG00000159200.18	RCAN1	False
ENST00000373758	185.76169	5.0662975	4.446151	-0.62014675	0.14473163	0.8093544299533921	-0.8394365590023634	ENSG00000165476.14	REEP3	False
ENST00000509314	94.19674	2.0225444	1.402353	-0.62019134	0.7427925	0.9352336696717043	-0.12913249751195613	ENSG00000118564.15	FBXL5	True
ENST00000631280	24.29925	1.5118042	0.89155227	-0.62025195	0.60960704	0.891837450322948	-0.21495002559465406	ENSG00000079134.13	THOC1	False
ENST00000561080	44.202892	2.4819386	1.8614547	-0.6204839	0.5915722	0.8844189023266157	-0.2279922247556869	ENSG00000140199.13	SLC12A6	False
ENST00000264954	139.23654	3.8632128	3.2425313	-0.6206815	0.6970738	0.9210956347302779	-0.15672122946553657	ENSG00000109519.14	GRPEL1	False
ENST00000273986	252.21143	5.488584	4.8677034	-0.6208806	0.26588932	0.8093544299533921	-0.5752991118944879	ENSG00000145354.12	CISD2	False
ENST00000448413	13.4713955	1.6408324	1.0198543	-0.6209781	0.45667338	0.8475631590411424	-0.34039429963346857	ENSG00000144455.14	SUMF1	False
ENST00000373644	16.9	2.1626592	1.5416756	-0.6209836	0.4230954	0.8383133222409976	-0.37356169116546606	ENSG00000138336.9	TET1	False
ENST00000645477	233.648	5.1779714	4.5565996	-0.62137175	0.72233135	0.9285152025899402	-0.14126353881479006	ENSG00000115355.18	CCDC88A	False
ENST00000389912	131.5981	4.6419454	4.020473	-0.62147236	0.20750259	0.8093544299533921	-0.682976481021326	ENSG00000133983.16	COX16	False
ENST00000382353	6.776927	1.1604139	0.5382835	-0.62213033	0.35193178	0.8172002775093227	-0.4535415131992275	ENSG00000102678.7	FGF9	False
ENST00000419333	35.61869	2.209389	1.5872502	-0.62213874	0.60682833	0.8902000191870786	-0.2169341508234359	ENSG00000161217.12	PCYT1A	False
ENST00000646087	20.37191	1.3861943	0.7636111	-0.62258327	0.53606063	0.8665861353230246	-0.27078608654034586	ENSG00000147044.23	CASK	False
ENST00000262213	683.9	6.790985	6.168281	-0.622704	0.31040928	0.8118754707110037	-0.5080653067954727	ENSG00000067167.8	TRAM1	False
ENST00000452684	45.320507	2.6741273	2.0512564	-0.6228709	0.5027932	0.8551707956010974	-0.2986106107033572	ENSG00000291237.1	SOD2	False
ENST00000329251	1351.2961	7.9702697	7.346613	-0.62365675	0.19974254	0.8093544299533921	-0.6995294302161239	ENSG00000254772.10	EEF1G	False
ENST00000418593	1006.0983	7.459959	6.8359356	-0.62402344	0.17811115	0.8093544299533921	-0.7493088901621828	ENSG00000112303.14	VNN2	False
ENST00000415827	72.1138	3.8656769	3.2415483	-0.6241286	0.30378792	0.8118754707110037	-0.5174295041024858	ENSG00000108799.13	EZH1	False
ENST00000714470	8.399651	1.1757907	0.55103076	-0.6247599	0.45821542	0.8478742186373767	-0.338930304181307	ENSG00000117586.12	TNFSF4	False
ENST00000502409	23.215076	2.2594	1.6346096	-0.6247903	0.37400177	0.8216366408512873	-0.4271263410465434	ENSG00000138738.11	PRDM5	True
ENST00000677980	23.137335	1.8505596	1.2256862	-0.6248734	0.41808787	0.836886090598871	-0.3787324325918473	ENSG00000148334.16	PTGES2	False
ENST00000443798	137.85052	3.073951	2.448124	-0.6258271	0.7622847	0.939913304152022	-0.1178827991924613	ENSG00000129657.16	SEC14L1	False
ENST00000552870	21.869476	1.428084	0.8019262	-0.6261578	0.57899576	0.8799660572403326	-0.2373246134179552	ENSG00000088986.11	DYNLL1	False
ENST00000573600	73.59367	3.9747484	3.348047	-0.62670135	0.61251247	0.892710955026513	-0.21288506567453067	ENSG00000175826.12	CTDNEP1	False
ENST00000357387	368.5697	6.0252614	5.398411	-0.6268506	0.20460579	0.8093544299533921	-0.6890820849071451	ENSG00000164327.14	RICTOR	False
ENST00000523381	165.53577	4.0817285	3.4548054	-0.6269231	0.6665684	0.9121934046677811	-0.176155279773857	ENSG00000113532.13	ST8SIA4	False
ENST00000382874	127.972435	3.9333887	3.3064492	-0.62693954	0.4785487	0.8504371505934152	-0.3200738541520648	ENSG00000121741.17	ZMYM2	False
ENST00000347486	9.062366	0.9989309	0.37088138	-0.6280495	0.32549602	0.8142173533113395	-0.4874543201537006	ENSG00000109111.15	SUPT6H	False
ENST00000541166	167.46078	4.5238557	3.8950715	-0.6287842	0.63570595	0.9016400598756685	-0.19674372514712468	ENSG00000136045.12	PWP1	False
ENST00000369477	148.26237	4.608718	3.9798892	-0.62882876	0.27385932	0.8093544299533921	-0.5624724712583946	ENSG00000116824.5	CD2	False
ENST00000451734	21.70022	1.1629449	0.53404963	-0.6288953	0.54207003	0.8677958347030249	-0.2659446024205248	ENSG00000155438.12	NIFK	False
ENST00000397002	8.459738	1.0406002	0.41152418	-0.629076	0.3190424	0.8118754707110037	-0.496151576732687	ENSG00000129535.13	NRL	False
ENST00000690252	138.73851	4.68509	4.055583	-0.62950706	0.17031865	0.8093544299533921	-0.7687377984539024	ENSG00000169249.14	ZRSR2	False
ENST00000687487	11.66091	1.2319984	0.6021186	-0.62987983	0.4713424	0.8496539504698483	-0.32666347769097803	ENSG00000086619.15	ERO1B	False
ENST00000551831	13.549616	1.6923367	1.0623937	-0.629943	0.40931118	0.8323007445595858	-0.38794639773194134	ENSG00000123268.9	ATF1	True
ENST00000367468	41.88386	2.9979203	2.3676078	-0.63031244	0.08770379	0.8093544299533921	-1.056981654676632	ENSG00000073756.13	PTGS2	False
ENST00000372759	95.06462	4.006789	3.3761787	-0.63061047	0.39247316	0.828362224196607	-0.40619003658075403	ENSG00000084073.10	ZMPSTE24	False
ENST00000326840	95.6	3.9828396	3.3519983	-0.63084126	0.32844883	0.8142173533113395	-0.48353227814582966	ENSG00000057019.16	DCBLD2	False
ENST00000504110	866.38574	7.396006	6.764412	-0.6315942	0.049752776	0.8093544299533921	-1.3031826860676101	ENSG00000164096.13	C4orf3	False
ENST00000400198	3259.5	9.049989	8.418346	-0.63164234	0.2604567	0.8093544299533921	-0.5842644478450119	ENSG00000134884.15	ARGLU1	False
ENST00000435844	29.248295	2.2282867	1.5963194	-0.6319673	0.4940285	0.8537766521893764	-0.3062479887325051	ENSG00000232388.5	SMIM26	True
ENST00000506636	15.858896	1.8904829	1.2584822	-0.6320007	0.424353	0.8384889416362945	-0.3722727196103822	ENSG00000138686.10	BBS7	False
ENST00000475157	150.70981	4.360655	3.7285745	-0.6320803	0.5783346	0.8796180154259889	-0.23782080222177235	ENSG00000159388.6	BTG2	False
ENST00000436639	159.7307	4.888201	4.2553954	-0.6328058	0.15999192	0.8093544299533921	-0.795901949784535	ENSG00000080546.14	SESN1	False
ENST00000316308	106.63301	4.058457	3.4250927	-0.6333642	0.3691689	0.8194459451468774	-0.4327748837878534	ENSG00000113240.14	CLK4	False
ENST00000375305	31.167713	2.5333116	1.8999093	-0.63340235	0.48995554	0.85373409407385	-0.30984332337245746	ENSG00000158169.14	FANCC	False
ENST00000425389	43.3	2.4737117	1.8400772	-0.63363457	0.6545402	0.9078421300177295	-0.1840636876611028	ENSG00000214022.12	REPIN1	False
ENST00000264400	27.640497	2.4290931	1.7951932	-0.6338999	0.31567734	0.8118754707110037	-0.5007565849808034	ENSG00000138670.19	RASGEF1B	False
ENST00000648062	248.84457	5.165682	4.5316534	-0.63402843	0.39244115	0.828362224196607	-0.4062254564087157	ENSG00000100784.12	RPS6KA5	False
ENST00000558815	377.2491	5.3364177	4.7021456	-0.6342721	0.75063336	0.9364552947652945	-0.12457213897926768	ENSG00000108107.15	RPL28	False
ENST00000420940	42.11082	2.4417708	1.8074423	-0.6343285	0.65950567	0.9101539440874783	-0.1807814694141295	ENSG00000114742.14	WDR48	False
ENST00000355631	39.9	2.5873501	1.9523616	-0.63498855	0.51736856	0.8587697515903885	-0.28619997062339697	ENSG00000125510.18	OPRL1	False
ENST00000445943	38.51058	1.9781615	1.3431363	-0.63502514	0.61572397	0.8944279309061053	-0.21061394081640006	ENSG00000128512.24	DOCK4	False
ENST00000377122	25.828838	1.7550148	1.1198679	-0.63514686	0.62584645	0.8983420428423095	-0.2035322099623963	ENSG00000078114.19	NEBL	False
ENST00000320849	28.500042	2.629617	1.9943027	-0.6353142	0.45691133	0.8476463796027912	-0.3401680769595554	ENSG00000131043.13	AAR2	False
ENST00000340879	23.837336	2.0777729	1.442379	-0.63539386	0.45091152	0.8472077019271466	-0.345908667246753	ENSG00000068745.15	IP6K2	False
ENST00000305641	216.69792	5.3471336	4.7116723	-0.63546133	0.082870215	0.8093544299533921	-1.0816015334828935	ENSG00000168806.8	LCMT2	False
ENST00000330899	467.2	6.3518066	5.71547	-0.6363368	0.23275161	0.8093544299533921	-0.6331073101426694	ENSG00000086061.16	DNAJA1	False
ENST00000370251	30.60339	2.7106936	2.0742166	-0.636477	0.6234784	0.8978267724992893	-0.20517857897576133	ENSG00000063587.15	ZNF275	False
ENST00000641133	14.219078	1.2915701	0.65500134	-0.6365687	0.50119066	0.8548764927378353	-0.2999970288847211	ENSG00000164073.11	MFSD8	False
ENST00000610520	30508.006	12.264031	11.627079	-0.6369524	0.31591058	0.8118754707110037	-0.5004358321765552	ENSG00000156508.19	EEF1A1	False
ENST00000448484	21.553465	1.8415319	1.2045743	-0.6369575	0.4067026	0.831725697822197	-0.39072304279097775	ENSG00000064787.14	BCAS1	False
ENST00000643754	4427.2	9.735763	9.098346	-0.63741684	0.16222332	0.8093544299533921	-0.7898867035510247	ENSG00000142676.14	RPL11	False
ENST00000651502	19.672016	2.0432575	1.4054525	-0.637805	0.59228736	0.884647864098005	-0.22746753434613717	ENSG00000196811.13	CHRNG	False
ENST00000644445	45.773182	1.6428391	1.0048101	-0.638029	0.66991025	0.913039320204388	-0.17398337585287715	ENSG00000113163.19	CERT1	False
ENST00000685418	92.8	3.6240985	2.9858017	-0.63829684	0.6259263	0.8983561281982678	-0.20347678904468763	ENSG00000133026.14	MYH10	False
ENST00000218032	718.80524	6.7921357	6.153339	-0.6387968	0.1704244	0.8093544299533921	-0.7684682218285107	ENSG00000101916.12	TLR8	False
ENST00000429437	16.274578	1.2627593	0.6239266	-0.63883275	0.46169576	0.8481416265840513	-0.3356441133303823	ENSG00000182899.17	RPL35A	False
ENST00000337620	114.50057	4.2887626	3.6498222	-0.63894033	0.19475657	0.8093544299533921	-0.7105078883591591	ENSG00000122565.19	CBX3	False
ENST00000429984	45.0	3.0501225	2.411003	-0.6391194	0.3528821	0.8172002775093227	-0.4523703864524812	ENSG00000228570.8	NUTM2E	False
ENST00000394132	17.223457	1.6701236	1.0303813	-0.63974226	0.3932571	0.8284185470236078	-0.4053234152394895	ENSG00000103852.13	TTC23	False
ENST00000431388	38.50587	2.750024	2.1102495	-0.63977456	0.48679915	0.8529381765683051	-0.3126501881336472	ENSG00000224877.4	NDUFAF8	False
ENST00000612753	81.90768	2.8399537	2.1999664	-0.63998723	0.70316154	0.922182151926897	-0.1529448928324647	ENSG00000100239.16	PPP6R2	False
ENST00000455236	23.771885	2.349143	1.7089446	-0.64019847	0.3994156	0.8298121044971967	-0.39857496357945404	ENSG00000100101.15	ENSG00000100101	False
ENST00000367677	61.001465	3.54868	2.9084141	-0.64026594	0.28187832	0.8101601987651417	-0.5499383219296416	ENSG00000120333.4	MRPS14	True
ENST00000256996	67.92119	3.5914938	2.9511576	-0.6403363	0.27283677	0.8093544299533921	-0.5640970932380652	ENSG00000134574.12	DDB2	False
ENST00000442039	10.9	1.4374746	0.7967628	-0.6407118	0.21019141	0.8093544299533921	-0.6773850287108881	ENSG00000174109.5	UQCC4	False
ENST00000449599	123.428955	3.8001854	3.1588893	-0.64129615	0.6796847	0.9160714841034383	-0.16769250703277117	ENSG00000163508.13	EOMES	False
ENST00000551456	10.971593	1.4508843	0.80892295	-0.6419614	0.3512622	0.8172002775093227	-0.45436856836800527	ENSG00000186452.11	TMPRSS12	False
ENST00000425707	115.16174	2.7436574	2.1014423	-0.642215	0.715658	0.9263570135196499	-0.14529446409370556	ENSG00000131759.18	RARA	False
ENST00000649285	13.469034	1.6802305	1.0376906	-0.64253986	0.41805232	0.836886090598871	-0.37876936654234805	ENSG00000204186.11	ZDBF2	True
ENST00000344001	71.99287	3.3487682	2.7062156	-0.6425526	0.3720541	0.8205512228764985	-0.42939390517435433	ENSG00000189051.6	RNF222	False
ENST00000477601	66.58879	2.9650764	2.3221948	-0.64288163	0.43661937	0.8427311214458829	-0.35989700017035603	ENSG00000144802.11	NFKBIZ	False
ENST00000680991	7216.7476	10.203269	9.560305	-0.64296436	0.17633788	0.8093544299533921	-0.7536543776790401	ENSG00000105835.13	NAMPT	False
ENST00000255006	24.68653	1.6974369	1.0541928	-0.64324415	0.4704071	0.8496539504698483	-0.3275261332969341	ENSG00000132669.14	RIN2	False
ENST00000577454	431.6017	6.1587853	5.5154033	-0.6433821	0.13920793	0.8093544299533921	-0.8563360263291384	ENSG00000188895.12	MSL1	False
ENST00000328379	162.4	4.8764243	4.232443	-0.64398146	0.27072883	0.8093544299533921	-0.5674654991860277	ENSG00000184924.6	PTRHD1	False
ENST00000309993	548.5853	6.724112	6.0800133	-0.64409876	0.028065598	0.8093544299533921	-1.5518257053297917	ENSG00000174579.5	MSL2	False
ENST00000407610	127.16514	4.6256723	3.9814832	-0.6441891	0.13079256	0.8093544299533921	-0.8834169657026455	ENSG00000131732.12	ZCCHC9	False
ENST00000396396	13.461635	1.1865796	0.5421648	-0.6444148	0.42399567	0.8384024579381989	-0.37263857481460366	ENSG00000154330.13	PGM5	False
ENST00000523505	301.4	5.901278	5.256735	-0.6445432	0.09335844	0.8093544299533921	-1.0298464036968333	ENSG00000253276.5	CCDC71L	False
ENST00000642259	46.70327	2.8881912	2.2434444	-0.6447468	0.52512026	0.8627588558041192	-0.2797412269771113	ENSG00000162711.19	NLRP3	False
ENST00000486685	92.6	4.3123837	3.667553	-0.6448307	0.3407999	0.81719736681995	-0.4675005440036156	ENSG00000158457.6	TSPAN33	False
ENST00000714088	6.8	1.1423998	0.49717635	-0.64522344	0.18574023	0.8093544299533921	-0.7310940152359504	ENSG00000185880.14	TRIM69	False
ENST00000684482	32.7651	2.5439932	1.898392	-0.6456013	0.4987807	0.854749026707908	-0.3020903617189449	ENSG00000138095.20	LRPPRC	False
ENST00000472571	55.82149	3.659489	3.0138342	-0.6456547	0.14811182	0.8093544299533921	-0.8294102807638263	ENSG00000182518.14	VCF2	False
ENST00000285279	232.13058	3.9213116	3.2750642	-0.6462474	0.7883729	0.9488931661220348	-0.10326832701294927	ENSG00000154978.13	VOPP1	False
ENST00000594456	8.754915	1.4818898	0.83544326	-0.6464466	0.3778603	0.8230751633283137	-0.4226687261169981	ENSG00000143442.24	POGZ	True
ENST00000259989	147.2	4.7516828	4.10483	-0.64685297	0.3770017	0.8226842929596185	-0.4236566882327404	ENSG00000137441.8	FGFBP2	False
ENST00000538204	503.28827	5.862642	5.2157187	-0.64692307	0.7098789	0.9244482062034778	-0.14881571917494157	ENSG00000076770.16	MBNL3	False
ENST00000700600	31.45275	2.3663476	1.7191988	-0.6471487	0.5840634	0.8819641855083519	-0.23353999972367412	ENSG00000110713.18	NUP98	False
ENST00000376052	203.37297	5.1393037	4.491937	-0.6473665	0.42071763	0.837574130271926	-0.3760092919621317	ENSG00000134900.13	TPP2	False
ENST00000265857	24.072548	1.7798185	1.1324487	-0.64736986	0.6204026	0.8963672800698408	-0.20732640862464585	ENSG00000239857.7	GET4	False
ENST00000240055	73.62858	3.8495605	3.2014775	-0.648083	0.18581982	0.8093544299533921	-0.7309079659578285	ENSG00000120837.8	NFYB	False
ENST00000327892	10.9058895	1.3368689	0.68838143	-0.64848745	0.491141	0.8537766521893764	-0.3087938174111929	ENSG00000196230.14	TUBB	False
ENST00000358181	296.57678	5.0304585	4.3817616	-0.6486969	0.7440858	0.9358045784008151	-0.1283769899611248	ENSG00000170004.19	CHD3	False
ENST00000235933	25.274029	1.0650744	0.41633955	-0.6487349	0.51938134	0.8596276200549111	-0.2845136538693784	ENSG00000117281.16	CD160	False
ENST00000675840	388.65536	5.827348	5.1786075	-0.64874077	0.33644408	0.8158433703746901	-0.473087109209558	ENSG00000182749.6	PAQR7	False
ENST00000548712	13.102966	1.1772585	0.528498	-0.6487605	0.4566549	0.8475631590411424	-0.34041187195717476	ENSG00000111647.13	BLTP3B	False
ENST00000643821	16.499434	2.0448525	1.3960382	-0.6488143	0.32574815	0.8142173533113395	-0.48711804796085373	ENSG00000215301.11	DDX3X	True
ENST00000570044	17.08711	1.5186487	0.8695838	-0.64906496	0.58015174	0.8802063166690811	-0.23645840331849619	ENSG00000205336.14	ADGRG1	True
ENST00000531709	33.561085	2.5674093	1.918011	-0.6493983	0.42950606	0.840824720967489	-0.36703070072866995	ENSG00000162231.14	NXF1	False
ENST00000675445	13.112654	1.5309134	0.8811885	-0.64972484	0.39982998	0.8298121044971967	-0.39812464075299675	ENSG00000148356.15	LRSAM1	False
ENST00000585682	264.31216	5.610386	4.9602942	-0.65009165	0.095967546	0.8093544299533921	-1.0178756099843476	ENSG00000164125.16	GASK1B	False
ENST00000595854	27.67722	2.2304022	1.5794579	-0.65094435	0.53789115	0.8669919443883375	-0.26930560155542693	ENSG00000105750.15	ZNF85	False
ENST00000348462	689.0665	6.836619	6.1856084	-0.6510105	0.32748827	0.8142173533113395	-0.48480424650147286	ENSG00000136942.15	RPL35	False
ENST00000376263	630.2699	2.7088788	2.0576184	-0.6512604	0.8039573	0.9551009493725148	-0.09476702592125061	ENSG00000165119.22	HNRNPK	False
ENST00000326804	17.169361	1.5000938	0.8477699	-0.6523239	0.5362946	0.8666569343588499	-0.2705965925625047	ENSG00000171606.18	ZNF274	False
ENST00000338950	46.44488	3.166754	2.5133595	-0.65339446	0.1259925	0.8093544299533921	-0.8996552832726267	ENSG00000047579.20	DTNBP1	False
ENST00000339020	127.38379	4.5380955	3.883975	-0.65412045	0.21435785	0.8093544299533921	-0.6688606016135354	ENSG00000188725.8	SMIM15	False
ENST00000375011	9.4	1.4247656	0.77046275	-0.65430284	0.2786553	0.8093544299533921	-0.5549327069298569	ENSG00000119514.7	GALNT12	False
ENST00000692352	45.725483	2.8956172	2.241295	-0.65432215	0.4031185	0.8303139210724039	-0.39456728016468484	ENSG00000065534.20	MYLK	False
ENST00000361682	77.446884	2.33453	1.680042	-0.6544881	0.6748781	0.9142632374641173	-0.17077465147612897	ENSG00000093010.15	COMT	False
ENST00000513873	30.534876	2.2987452	1.6441921	-0.65455306	0.4623258	0.8481461467087824	-0.33505185947207494	ENSG00000080822.17	CLDND1	False
ENST00000361060	110.677574	4.6084485	3.9537935	-0.654655	0.1643689	0.8093544299533921	-0.7841803573882605	ENSG00000198380.13	GFPT1	False
ENST00000474706	9.860555	1.2898139	0.6350659	-0.65474796	0.21724673	0.8093544299533921	-0.663046759520995	ENSG00000140992.19	PDPK1	False
ENST00000546244	21.748943	1.521228	0.8657136	-0.65551436	0.5727799	0.8774993431264995	-0.24201223534465477	ENSG00000187778.14	MCRS1	False
ENST00000371084	20.963467	1.9654337	1.3097227	-0.65571105	0.5285356	0.8637495285395624	-0.2769257513896154	ENSG00000079739.17	PGM1	False
ENST00000558341	83.26622	2.9597738	2.3039973	-0.6557765	0.70728534	0.9234034770961242	-0.15040534068044886	ENSG00000041357.16	PSMA4	False
ENST00000700605	82.1447	4.0510287	3.394846	-0.65618277	0.2729235	0.8093544299533921	-0.56395906895882	ENSG00000110713.18	NUP98	False
ENST00000309922	107.10227	3.9308069	3.2745533	-0.6562536	0.33190084	0.8147614492918365	-0.47899165493817036	ENSG00000174173.7	TRMT10C	False
ENST00000328434	38.4	3.2003708	2.5437126	-0.6566582	0.27323228	0.8093544299533921	-0.5634679919512917	ENSG00000183978.8	COA3	False
ENST00000695781	17.863884	1.823987	1.1667814	-0.6572056	0.49996483	0.8548764927378353	-0.3010605421808349	ENSG00000117335.21	CD46	False
ENST00000331380	9.071765	1.1908126	0.5334684	-0.65734416	0.23332591	0.8093544299533921	-0.6320370250890852	ENSG00000184260.6	H2AC20	False
ENST00000388901	166.95412	4.5470963	3.8897135	-0.6573827	0.35334253	0.8173803121090482	-0.45180408182967435	ENSG00000166200.15	COPS2	False
ENST00000552296	57.57609	2.7860358	2.1283474	-0.6576884	0.6623933	0.9105659425462344	-0.178884087427171	ENSG00000197111.16	PCBP2	False
ENST00000397166	37.49779	2.6994574	2.0417507	-0.65770674	0.4727566	0.8499137416212882	-0.3253624045241349	ENSG00000085788.14	DDHD2	False
ENST00000646444	230.98604	3.6410658	2.9831777	-0.6578882	0.76550245	0.9410582432937948	-0.11605341338157686	ENSG00000082074.19	FYB1	True
ENST00000319119	78.7	3.2887967	2.6308546	-0.65794206	0.4880729	0.8529381765683051	-0.3115153039069182	ENSG00000177125.6	ZBTB34	False
ENST00000675642	68.20551	3.1543055	2.4963624	-0.657943	0.49442145	0.8537766521893764	-0.30590269405519566	ENSG00000185973.12	TMLHE	False
ENST00000447958	24.390627	2.4734454	1.8154572	-0.6579882	0.38102937	0.8236590969963611	-0.41904155023351974	ENSG00000115641.19	FHL2	False
ENST00000554215	308.04633	4.9651217	4.3069353	-0.65818644	0.7235355	0.9290277801612368	-0.14054016866126365	ENSG00000139990.18	DCAF5	False
ENST00000315563	35.91408	3.263694	2.6050735	-0.6586206	0.35279924	0.8172002775093227	-0.45247236306687805	ENSG00000052749.14	RRP12	False
ENST00000445919	14.220007	1.5266215	0.8673568	-0.6592647	0.33926636	0.81719736681995	-0.46945920099412203	ENSG00000198000.12	NOL8	False
ENST00000399133	27.473993	1.9405733	1.281186	-0.65938735	0.5914605	0.8844109433291127	-0.22807423483484102	ENSG00000184436.12	THAP7	False
ENST00000402414	43.050198	2.7196503	2.0600266	-0.6596236	0.5353341	0.8664446928154447	-0.27137508348797745	ENSG00000183891.6	TTC32	True
ENST00000374491	20.5	2.2716131	1.6117489	-0.6598642	0.38010055	0.8231329589941108	-0.42010150395827667	ENSG00000088298.13	EDEM2	False
ENST00000558459	105.749245	4.2134395	3.5531354	-0.66030407	0.26333407	0.8093544299533921	-0.5794929556374925	ENSG00000140395.9	SKIC8	False
ENST00000340023	127.21184	4.509365	3.8484275	-0.66093755	0.14727972	0.8093544299533921	-0.8318570369530013	ENSG00000171049.9	FPR2	False
ENST00000257552	52.84939	3.2914402	2.629695	-0.6617453	0.05171881	0.8093544299533921	-1.28635148720197	ENSG00000135097.7	MSI1	False
ENST00000618156	393.8472	6.1232553	5.460661	-0.6625943	0.17954536	0.8093544299533921	-0.7458258191525353	ENSG00000184203.8	PPP1R2	False
ENST00000696318	13.325879	1.2329451	0.56960607	-0.663339	0.4018393	0.8298121044971967	-0.3959476064190522	ENSG00000115392.13	FANCL	False
ENST00000478658	9.60691	1.4064407	0.7430966	-0.66334414	0.4799244	0.8506902620804366	-0.31882715981696724	ENSG00000176542.10	USF3	False
ENST00000552573	266.7299	4.8813014	4.2172213	-0.66408014	0.7193199	0.9277426487041898	-0.1430779368370289	ENSG00000106799.15	TGFBR1	False
ENST00000523483	1062.1934	7.1914773	6.527286	-0.66419125	0.17278066	0.8093544299533921	-0.762504864403558	ENSG00000137575.12	SDCBP	False
ENST00000338635	25.712849	2.1060069	1.4413769	-0.66462994	0.39649275	0.82953279145772	-0.401764750090442	ENSG00000152422.16	XRCC4	False
ENST00000480552	180.59802	5.097936	4.4332857	-0.66465044	0.37602165	0.8226496355690782	-0.42478714526557154	ENSG00000133606.11	MKRN1	False
ENST00000307839	7139.5713	10.22479	9.559935	-0.664855	0.25126624	0.8093544299533921	-0.5998658572105069	ENSG00000174748.22	RPL15	False
ENST00000359858	41.808014	2.3660245	1.7009716	-0.6650529	0.51462156	0.8587509528528511	-0.2885120265765298	ENSG00000197056.11	ZMYM1	False
ENST00000678713	4976.627	9.758082	9.092997	-0.6650858	0.1741291	0.8093544299533921	-0.7591286480165004	ENSG00000142541.18	RPL13A	False
ENST00000652021	97.52452	2.6299224	1.964833	-0.66508937	0.67394084	0.9142573016579576	-0.17137822679663153	ENSG00000100129.18	EIF3L	False
ENST00000203664	13.7086	1.3082513	0.6430377	-0.6652136	0.3473369	0.81719736681995	-0.45924909074575654	ENSG00000089723.10	OTUB2	False
ENST00000565380	124.89793	3.0629435	2.396659	-0.66628456	0.71985024	0.9280202813894063	-0.1427578449271019	ENSG00000103994.18	ZNF106	False
ENST00000296029	3995.8843	9.4271	8.76023	-0.6668701	0.2902629	0.8109740254625081	-0.5372084584554959	ENSG00000163737.5	PF4	False
ENST00000371361	146.2	4.76314	4.0961213	-0.6670189	0.2044429	0.8093544299533921	-0.6894279600323266	ENSG00000173145.11	NOC3L	False
ENST00000381998	19.38255	2.3640418	1.696825	-0.6672168	0.21829234	0.8093544299533921	-0.660961502393323	ENSG00000038945.15	MSR1	False
ENST00000595545	231.9921	5.4470673	4.7798347	-0.6672325	0.18449865	0.8093544299533921	-0.7340068006528453	ENSG00000105202.9	FBL	False
ENST00000261353	419.565	6.2718143	5.6045294	-0.66728497	0.12221765	0.8093544299533921	-0.9128660792084473	ENSG00000119801.13	YPEL5	False
ENST00000557324	61.436737	3.4674988	2.7998133	-0.6676855	0.29395443	0.8111088466013822	-0.5317199874794616	ENSG00000100442.11	FKBP3	False
ENST00000367460	376.0	5.6575284	4.989665	-0.66786337	0.32301104	0.8140040135622622	-0.4907826330009808	ENSG00000150681.10	RGS18	False
ENST00000420430	13.967705	1.6117576	0.9436914	-0.66806626	0.37081668	0.8199748637125035	-0.4308407413090104	ENSG00000128245.15	YWHAH	False
ENST00000257637	39.362617	2.788847	2.1196563	-0.66919065	0.37942812	0.8231329589941108	-0.4208704877786658	ENSG00000135185.12	TMEM243	False
ENST00000642700	398.14108	6.241426	5.5720615	-0.66936445	0.1465749	0.8093544299533921	-0.8339403947590529	ENSG00000137462.10	TLR2	False
ENST00000598016	30.664928	2.5690906	1.899247	-0.66984355	0.37838006	0.8230751633283137	-0.4220717580394093	ENSG00000198464.14	ZNF480	False
ENST00000643519	104.833755	4.5089517	3.8388767	-0.67007494	0.5077339	0.8558786284660064	-0.2943638548226343	ENSG00000090013.11	BLVRB	False
ENST00000555030	11.0201645	1.4533504	0.78323597	-0.67011446	0.4577375	0.8478742186373767	-0.33938350151950936	ENSG00000156411.10	ATP5MJ	False
ENST00000225519	51.223156	3.4535606	2.7833426	-0.670218	0.15389754	0.8093544299533921	-0.8127683256026049	ENSG00000197417.9	SHPK	False
ENST00000368858	19.07132	1.5339321	0.8635201	-0.670412	0.55423564	0.8719910230509131	-0.25630555264890514	ENSG00000154473.18	BUB3	False
ENST00000528450	12.1	1.8917056	1.2211651	-0.6705406	0.2543578	0.8093544299533921	-0.5945549147358944	ENSG00000149150.9	SLC43A1	False
ENST00000338546	41.833855	2.527129	1.8565192	-0.6706097	0.64982635	0.9059168869193345	-0.1872026837508221	ENSG00000107521.21	HPS1	False
ENST00000367364	64.06222	3.8127158	3.1419907	-0.6707251	0.18213324	0.8093544299533921	-0.7396107806659357	ENSG00000081237.21	PTPRC	False
ENST00000613907	23.504038	1.6569239	0.9861152	-0.6708087	0.566121	0.8757278909042897	-0.24709074853913798	ENSG00000145725.21	PPIP5K2	False
ENST00000700069	24.254784	1.4383484	0.7673073	-0.67104113	0.47900772	0.8504371505934152	-0.31965748629782054	ENSG00000151779.14	NBAS	False
ENST00000295095	320.1129	5.933344	5.2620215	-0.67132235	0.03051627	0.8093544299533921	-1.5154685434349326	ENSG00000075884.14	ARHGAP15	False
ENST00000372903	198.10213	5.1458964	4.4737244	-0.67217207	0.2813514	0.8096703495478452	-0.5507509387561619	ENSG00000024048.11	UBR2	False
ENST00000612684	117.04338	4.251847	3.579472	-0.6723747	0.28851444	0.8109740254625081	-0.5398324528357497	ENSG00000137502.10	RAB30	False
ENST00000680778	154.4	4.8613544	4.1889772	-0.6723771	0.04096927	0.8093544299533921	-1.387541761481749	ENSG00000148400.13	NOTCH1	False
ENST00000606812	48.583637	2.385715	1.713305	-0.67241	0.61287177	0.8927816889589137	-0.21263038535955722	ENSG00000147144.13	CCDC120	False
ENST00000378946	181.3106	4.13112	3.4581363	-0.6729839	0.63434213	0.901006220382149	-0.19767644112423413	ENSG00000198814.14	GK	False
ENST00000427190	413.2311	6.137322	5.463379	-0.67394304	0.25226188	0.8093544299533921	-0.5981483770428406	ENSG00000198814.14	GK	False
ENST00000559171	10.866663	1.6018776	0.92781854	-0.67405903	0.26057196	0.8093544299533921	-0.5840723258998283	ENSG00000100889.12	PCK2	False
ENST00000558870	61.029938	3.4447908	2.7698112	-0.6749797	0.47749412	0.8504371505934152	-0.3210319715307798	ENSG00000140368.14	PSTPIP1	False
ENST00000295408	17.869389	2.044406	1.3683878	-0.6760181	0.19613191	0.8093544299533921	-0.7074517315884727	ENSG00000153208.19	MERTK	False
ENST00000455368	38.48254	2.1124067	1.4363273	-0.6760794	0.45825642	0.8478742186373767	-0.33889143872912325	ENSG00000145331.14	TRMT10A	False
ENST00000370872	17.7	1.7134136	1.0368642	-0.67654943	0.3540497	0.8173803121090482	-0.4509357540372598	ENSG00000116791.14	CRYZ	False
ENST00000439984	179.01161	5.148653	4.4719114	-0.6767416	0.43182522	0.8415547706803203	-0.3646919964599275	ENSG00000100731.16	PCNX1	False
ENST00000357039	137.84029	4.731075	4.05396	-0.67711496	0.20721626	0.8093544299533921	-0.6835761631416322	ENSG00000164751.15	PEX2	False
ENST00000674318	29.821695	2.3635433	1.6863811	-0.6771622	0.40698814	0.831725697822197	-0.3904182421377504	ENSG00000101104.13	PABPC1L	False
ENST00000549182	180.23502	4.703374	4.026097	-0.6772771	0.2882079	0.8109740254625081	-0.5402941361869941	ENSG00000087502.19	ERGIC2	True
ENST00000334705	215.13802	5.1560674	4.4781466	-0.6779208	0.19729577	0.8093544299533921	-0.7048822257667107	ENSG00000176853.16	FAM91A1	False
ENST00000376113	77.8	4.17306	3.495006	-0.67805386	0.16854092	0.8093544299533921	-0.7732946274254845	ENSG00000136717.15	BIN1	False
ENST00000265148	40.22585	3.1158946	2.4374843	-0.6784103	0.47810334	0.8504371505934152	-0.3204782226374176	ENSG00000138778.14	CENPE	False
ENST00000441611	193.40991	4.8847537	4.2058077	-0.678946	0.2997257	0.8113778681305123	-0.5232760004090582	ENSG00000196072.12	BLOC1S2	True
ENST00000684456	72.91582	2.9144366	2.235479	-0.67895746	0.67564934	0.9145391617664107	-0.17027863997081957	ENSG00000154153.15	RETREG1	True
ENST00000524439	28.696274	2.3082008	1.6289893	-0.6792115	0.41905582	0.8369928622965472	-0.37772812383285365	ENSG00000110696.10	C11orf58	False
ENST00000569205	131.69688	3.6431649	2.9638882	-0.6792767	0.6849574	0.9173021276178854	-0.1643364474968059	ENSG00000260916.8	CCPG1	False
ENST00000397396	27.28534	2.4089613	1.7296789	-0.6792824	0.39999986	0.8298121044971967	-0.3979401639878753	ENSG00000214063.12	TSPAN4	False
ENST00000361175	25.300808	1.9389735	1.2591634	-0.67981017	0.5152777	0.8587509528528511	-0.2879586660789253	ENSG00000198682.13	PAPSS2	False
ENST00000530790	14.783292	1.2580538	0.5764651	-0.6815887	0.33821923	0.8164192321363181	-0.4708017094209813	ENSG00000160948.14	VPS28	False
ENST00000553286	16.588257	1.5379945	0.8560747	-0.6819198	0.36782774	0.8193508141103384	-0.4343555173378433	ENSG00000126214.22	KLC1	False
ENST00000569083	37.775673	2.8428726	2.1609125	-0.6819601	0.4672321	0.8496539504698483	-0.33046732022243447	ENSG00000134419.15	RPS15A	False
ENST00000595883	70.96362	2.7204306	2.0380218	-0.6824088	0.5946264	0.8857079187793583	-0.2257557935610359	ENSG00000269404.7	SPIB	False
ENST00000522706	103.15255	3.3883703	2.7054114	-0.68295884	0.49047032	0.8537766521893764	-0.30938726811308603	ENSG00000104714.14	ERICH1	False
ENST00000262629	192.54568	4.5182366	3.8352325	-0.68300414	0.6607537	0.9103157985469302	-0.17996037856588898	ENSG00000011600.12	TYROBP	False
ENST00000302000	41.816273	3.1490548	2.4659212	-0.6831336	0.06981855	0.8093544299533921	-1.1560291820105317	ENSG00000171016.13	PYGO1	False
ENST00000367287	107.3	4.276718	3.593285	-0.68343306	0.09297588	0.8093544299533921	-1.031629715390577	ENSG00000134375.11	TIMM17A	False
ENST00000458083	82.41555	4.007034	3.323324	-0.68370986	0.22078249	0.8093544299533921	-0.6560353757467634	ENSG00000204438.11	GPANK1	False
ENST00000452614	77.209335	3.7281857	3.0440993	-0.6840863	0.620032	0.8962923551817317	-0.20758588715181708	ENSG00000153214.11	TMEM87B	False
ENST00000254301	790.69495	7.2621217	6.5769653	-0.68515635	0.3676173	0.8192702949872638	-0.43460404824673343	ENSG00000131981.16	LGALS3	False
ENST00000319296	16.15823	2.081187	1.3955861	-0.6856009	0.38545054	0.8244231157420382	-0.4140313393410015	ENSG00000179965.12	ZNF771	False
ENST00000239223	72.8	3.5911925	2.9054198	-0.68577266	0.38692725	0.8249689289783401	-0.41237068659901366	ENSG00000120129.6	DUSP1	False
ENST00000370654	191.4653	4.87744	4.191397	-0.6860428	0.30228794	0.8118754707110037	-0.5195791844189288	ENSG00000117133.11	RPF1	False
ENST00000614627	1146.0144	7.5681214	6.882006	-0.68611526	0.50061494	0.8548764927378353	-0.30049619278372625	ENSG00000152795.18	HNRNPDL	False
ENST00000585568	13.5942	1.2485269	0.56233567	-0.68619126	0.4494916	0.8470024537044705	-0.3472784292638081	ENSG00000159882.13	ZNF230	True
ENST00000298310	435.39764	5.088035	4.4018373	-0.68619776	0.7128727	0.9253601269841094	-0.1469880263509993	ENSG00000165525.18	NEMF	False
ENST00000270257	50.8	2.9302762	2.2431517	-0.6871245	0.50496715	0.8558786284660064	-0.29673687079890865	ENSG00000142252.11	GEMIN7	False
ENST00000560475	14.623189	1.9198874	1.2327158	-0.6871716	0.28254646	0.8102614157364052	-0.5489101286036878	ENSG00000103671.10	TRIP4	True
ENST00000703793	11.464849	1.384223	0.69588363	-0.68833935	0.48786363	0.8529381765683051	-0.31170155707644037	ENSG00000214338.11	MTCL3	False
ENST00000537272	33.75023	2.547565	1.8591759	-0.68838906	0.47479564	0.8500118764885034	-0.32349327822482477	ENSG00000149716.13	LTO1	True
ENST00000338745	171.18912	4.821943	4.1331563	-0.6887865	0.19787732	0.8093544299533921	-0.7036039853621966	ENSG00000182568.18	SATB1	False
ENST00000692786	73.97638	3.1668055	2.4774644	-0.68934107	0.55804724	0.8731262404848221	-0.25332903934758233	ENSG00000068912.15	ERLEC1	True
ENST00000676905	530.8448	6.8724456	6.1826463	-0.6897993	0.24050379	0.8093544299533921	-0.6188780789903435	ENSG00000075413.19	MARK3	False
ENST00000220669	39.816612	2.7120106	2.022023	-0.68998766	0.3102148	0.8118754707110037	-0.5083375035152198	ENSG00000104231.11	ZFAND1	False
ENST00000248901	140.1341	4.7132373	4.023245	-0.6899924	0.0626507	0.8093544299533921	-1.2030740521852723	ENSG00000100055.21	CYTH4	False
ENST00000377291	77.64604	3.0667636	2.3764017	-0.690362	0.6207937	0.8964955924006863	-0.20705269892505287	ENSG00000113749.8	HRH2	False
ENST00000586192	12.197017	1.1431133	0.4523885	-0.69072473	0.3523614	0.8172002775093227	-0.453011659765808	ENSG00000089685.15	BIRC5	False
ENST00000312108	25.151749	2.0754216	1.3837812	-0.6916404	0.39940846	0.8298121044971967	-0.39858274080176875	ENSG00000205560.14	CPT1B	False
ENST00000439561	250.4696	4.63342	3.9416728	-0.6917472	0.6836843	0.9170737297062175	-0.16514439974193154	ENSG00000129083.13	COPB1	False
ENST00000539633	35.61689	2.907482	2.2156096	-0.69187236	0.05371518	0.8093544299533921	-1.2699029597089158	ENSG00000139160.13	ETFBKMT	True
ENST00000336665	19.653858	2.3878481	1.6959199	-0.69192827	0.3950545	0.8290075231731883	-0.40334299854457184	ENSG00000157985.20	AGAP1	False
ENST00000546495	279.34662	5.10414	4.4121623	-0.6919775	0.19902577	0.8093544299533921	-0.7010906979638117	ENSG00000258315.5	C17orf49	False
ENST00000293255	17.812214	2.0005388	1.3085492	-0.69198966	0.21217744	0.8093544299533921	-0.6733007937463159	ENSG00000105507.3	CABP5	False
ENST00000376255	18.197176	1.4267149	0.73457116	-0.69214374	0.5110256	0.8572509983777602	-0.2915573367447274	ENSG00000137310.13	TCF19	False
ENST00000402558	30.777029	1.6108685	0.91869265	-0.6921758	0.5771857	0.8792004419030465	-0.2386844444809297	ENSG00000186638.17	KIF24	False
ENST00000407217	18.999979	1.9140214	1.2218183	-0.69220304	0.48398662	0.8523597503553966	-0.31516664789946824	ENSG00000184164.15	CRELD2	False
ENST00000443807	22.367725	1.7990214	1.105727	-0.6932944	0.47789437	0.8504371505934152	-0.32066808963367355	ENSG00000154451.15	GBP5	False
ENST00000379486	335.6	5.881971	5.188452	-0.6935191	0.17579861	0.8093544299533921	-0.7549845634809558	ENSG00000140932.10	CMTM2	False
ENST00000593942	14.1	1.3048463	0.6106852	-0.69416106	0.41287637	0.8335452014669191	-0.38417997478603094	ENSG00000104883.8	PEX11G	False
ENST00000509018	56.574577	2.8245153	2.130335	-0.69418025	0.5188645	0.8594868130311181	-0.2849460317082036	ENSG00000158987.22	RAPGEF6	False
ENST00000527447	141.41232	4.5528684	3.8581533	-0.694715	0.36166814	0.8185742609699567	-0.4416897477039777	ENSG00000137504.15	CREBZF	False
ENST00000650149	45.777733	2.074813	1.3799977	-0.69481516	0.6050767	0.8899892143002557	-0.21818959141517968	ENSG00000104660.19	LEPROTL1	False
ENST00000551193	74.80623	3.0556266	2.3605547	-0.69507194	0.66473925	0.9112769672266469	-0.1773486765006832	ENSG00000064763.12	FAR2	False
ENST00000305626	225.09575	5.305263	4.6096144	-0.69564867	0.12361619	0.8093544299533921	-0.9079246503577767	ENSG00000172007.7	RAB33B	False
ENST00000624419	134.27179	4.2587886	3.5628667	-0.6959219	0.61455595	0.8935328187316467	-0.21143856873784572	ENSG00000286106.3	NOTCH2NLR	True
ENST00000377702	8.7880535	1.4499491	0.75387406	-0.6960751	0.26313865	0.8093544299533921	-0.5798153546838837	ENSG00000173264.16	GPR137	False
ENST00000497160	18.544115	1.7966243	1.100257	-0.69636726	0.4672626	0.8496539504698483	-0.3304389826133619	ENSG00000167377.19	ZNF23	False
ENST00000393038	20.641714	1.7874578	1.0907942	-0.6966636	0.44674438	0.8459831455694948	-0.3499408998543974	ENSG00000141378.15	PTRH2	False
ENST00000672337	23.669397	1.7282163	1.0315126	-0.6967037	0.53514344	0.8663447494668827	-0.2715297980149727	ENSG00000164022.18	AIMP1	False
ENST00000274000	85.917046	3.7719355	3.0751598	-0.6967757	0.30217415	0.8118754707110037	-0.5197426895093558	ENSG00000138660.12	AP1AR	False
ENST00000441576	20.19685	2.142591	1.4457049	-0.69688606	0.45872906	0.8478742186373767	-0.33844374831740276	ENSG00000178149.17	DALRD3	False
ENST00000678039	138.94946	4.107012	3.410121	-0.69689083	0.39810887	0.8298121044971967	-0.39999814630842156	ENSG00000008988.11	RPS20	False
ENST00000484436	93.71536	3.5953295	2.8982131	-0.6971164	0.6668102	0.9123386456652034	-0.17599775606137322	ENSG00000112146.17	FBXO9	False
ENST00000640385	50.29702	1.4188372	0.72096926	-0.69786793	0.56132984	0.8740674714696558	-0.2507818690511422	ENSG00000243335.10	KCTD7	False
ENST00000422622	90.54112	4.340214	3.6423054	-0.6979084	0.037726704	0.8093544299533921	-1.423351134994486	ENSG00000123096.12	SSPN	True
ENST00000582475	89.49467	4.0113206	3.3131893	-0.6981313	0.41225365	0.8334373536331832	-0.38483549258387956	ENSG00000167088.11	SNRPD1	True
ENST00000337859	719.9155	7.122225	6.4240427	-0.6981821	0.06459331	0.8093544299533921	-1.1898124756711939	ENSG00000065548.18	ZC3H15	False
ENST00000360774	25.165909	2.3972208	1.697756	-0.6994648	0.30376512	0.8118754707110037	-0.5174620984022983	ENSG00000119121.23	TRPM6	False
ENST00000261735	47.13928	2.106281	1.4062513	-0.70002973	0.6095178	0.8918334419140168	-0.2150135979097161	ENSG00000089248.7	ERP29	False
ENST00000370911	8.8	1.1058394	0.40481955	-0.7010198	0.25130332	0.8093544299533921	-0.5998017822098407	ENSG00000162620.16	LRRIQ3	False
ENST00000649934	643.0332	6.81906	6.117859	-0.70120096	0.061950747	0.8093544299533921	-1.2079534530832476	ENSG00000168216.13	LMBRD1	False
ENST00000636293	88.42804	4.35011	3.6486652	-0.70144486	0.07953472	0.8093544299533921	-1.0994432604153008	ENSG00000126088.14	UROD	False
ENST00000358290	705.1	7.0026665	6.3011765	-0.7014899	0.045351315	0.8093544299533921	-1.3434101129083864	ENSG00000198189.11	HSD17B11	False
ENST00000267953	215.05391	4.9994855	4.297737	-0.7017484	0.26982003	0.8093544299533921	-0.5689258065118775	ENSG00000140379.9	BCL2A1	False
ENST00000368850	144.6716	4.6351643	3.9329624	-0.70220184	0.6382063	0.9024912984836757	-0.19503891089686584	ENSG00000112394.18	SLC16A10	False
ENST00000289119	42.58811	2.458311	1.7560606	-0.7022505	0.48886585	0.8530972137173114	-0.31081029746988037	ENSG00000158201.10	ABHD3	False
ENST00000549735	21.457115	2.4798098	1.777354	-0.70245576	0.24126954	0.8093544299533921	-0.617497497025109	ENSG00000139291.14	TMEM19	False
ENST00000530587	43.813698	1.41577	0.713145	-0.70262504	0.5472963	0.8693177891645862	-0.26177749930164745	ENSG00000135365.17	PHF21A	False
ENST00000514518	190.20996	5.139382	4.4360886	-0.7032933	0.08706827	0.8093544299533921	-1.0601400987869132	ENSG00000164615.6	CAMLG	False
ENST00000692048	56.940857	3.477616	2.7742534	-0.7033627	0.1888093	0.8093544299533921	-0.7239766053924164	ENSG00000197780.11	TAF13	True
ENST00000302731	15.4	1.7073001	1.0024679	-0.7048322	0.3573246	0.8177495557578855	-0.44693708351234235	ENSG00000172409.7	CLP1	False
ENST00000549237	694.99036	6.979439	6.274527	-0.7049117	0.212104	0.8093544299533921	-0.6734511561345103	ENSG00000135655.16	USP15	True
ENST00000313833	18.056286	1.6940199	0.9890558	-0.7049641	0.43540204	0.842654100473947	-0.3611095447553267	ENSG00000178974.11	FBXO34	False
ENST00000677395	127.42533	4.4215274	3.7160482	-0.70547915	0.3285753	0.8142173533113395	-0.4833650696014717	ENSG00000130414.13	NDUFA10	False
ENST00000543185	190.41899	5.268616	4.562984	-0.7056322	0.1395872	0.8093544299533921	-0.8551544237515492	ENSG00000068024.18	HDAC4	False
ENST00000528011	7.9	1.0875624	0.38140646	-0.706156	0.29540324	0.8111088466013822	-0.529584742526846	ENSG00000177697.19	CD151	False
ENST00000421103	20.374863	1.4310889	0.72470903	-0.7063799	0.53448737	0.8661566713360632	-0.2720625554647422	ENSG00000169919.17	GUSB	False
ENST00000293981	11.9	1.4845171	0.77813077	-0.7063863	0.2918891	0.8111088466013822	-0.5347821206612751	ENSG00000162076.13	FLYWCH2	False
ENST00000525681	679.67224	7.007996	6.3010583	-0.7069378	0.1343752	0.8093544299533921	-0.8716808773975887	ENSG00000110321.19	EIF4G2	False
ENST00000518805	22.986965	1.4763075	0.7686951	-0.7076124	0.4459284	0.8458889434019244	-0.3507348727727802	ENSG00000156787.17	TBC1D31	False
ENST00000375322	26.317413	1.5613823	0.8532594	-0.7081229	0.49394843	0.8537766521893764	-0.30631839077765755	ENSG00000107968.10	MAP3K8	False
ENST00000681605	138.61617	4.4763913	3.7675138	-0.70887756	0.10191834	0.8093544299533921	-0.9917476596974267	ENSG00000073756.13	PTGS2	False
ENST00000529819	108.51135	4.2497106	3.540782	-0.7089286	0.596335	0.886485410875149	-0.22450970484950777	ENSG00000147789.16	ZNF7	False
ENST00000422365	310.91656	5.797545	5.0883813	-0.70916367	0.21280691	0.8093544299533921	-0.6720142737163306	ENSG00000178460.18	MCMDC2	False
ENST00000627585	25.532572	1.9256595	1.2161438	-0.7095157	0.69203484	0.9190707643921263	-0.15987204038081898	ENSG00000064419.14	TNPO3	False
ENST00000517951	45.537582	3.2225492	2.5127928	-0.7097564	0.17279847	0.8093544299533921	-0.7624601080376953	ENSG00000135074.16	ADAM19	False
ENST00000461381	15.133356	1.6810528	0.97102845	-0.71002436	0.39458242	0.8290075231731883	-0.40386226731467695	ENSG00000163608.15	NEPRO	False
ENST00000257245	93.41359	3.6464405	2.9352002	-0.7112403	0.4805144	0.8507787223054524	-0.31829358644418987	ENSG00000134809.9	TIMM10	True
ENST00000389032	170.12253	4.3897257	3.6782813	-0.7114444	0.289463	0.8109740254625081	-0.5384069210484379	ENSG00000211455.8	STK38L	False
ENST00000678498	46.439613	3.340434	2.6284626	-0.7119715	0.23019664	0.8093544299533921	-0.6379010199135233	ENSG00000196188.12	CTSE	False
ENST00000579996	101.46228	4.1985784	3.4864821	-0.7120962	0.6332306	0.9008682131522836	-0.19843808838583454	ENSG00000108654.16	DDX5	False
ENST00000265073	77.989784	3.8566434	3.1445465	-0.7120969	0.23687322	0.8093544299533921	-0.6254840281849989	ENSG00000113387.12	SUB1	False
ENST00000448108	167.87633	5.12962	4.417311	-0.7123089	0.062567174	0.8093544299533921	-1.2036534575387492	ENSG00000166012.17	TAF1D	False
ENST00000591099	16.098942	1.4517492	0.7392872	-0.712462	0.39408094	0.8289715105893721	-0.4044145729892283	ENSG00000104886.12	PLEKHJ1	False
ENST00000312184	184.75903	5.00433	4.291585	-0.7127452	0.25029817	0.8093544299533921	-0.6015423217499056	ENSG00000175606.11	TMEM70	False
ENST00000357727	3779.2239	9.322836	8.60973	-0.71310616	0.10225492	0.8093544299533921	-0.9903157879608143	ENSG00000146592.17	CREB5	False
ENST00000552066	16.002424	1.213545	0.50035214	-0.7131928	0.3938198	0.8285892554089693	-0.4047024428306124	ENSG00000123329.20	ARHGAP9	True
ENST00000379143	53.6	3.154383	2.4410918	-0.71329117	0.347424	0.81719736681995	-0.4591401832251705	ENSG00000132646.11	PCNA	False
ENST00000264864	34.562035	2.1316235	1.4183093	-0.7133142	0.4826749	0.8514557166319144	-0.3163452876755146	ENSG00000038210.14	PI4K2B	False
ENST00000368059	23.001598	1.6342019	0.92000574	-0.71419615	0.43001232	0.840824720967489	-0.3665191060897558	ENSG00000162739.14	SLAMF6	False
ENST00000534980	450.53555	6.314626	5.6001997	-0.7144265	0.48646283	0.8529381765683051	-0.3129503366748216	ENSG00000110367.14	DDX6	False
ENST00000334121	169.48946	4.9963145	4.281618	-0.7146964	0.13620499	0.8093544299533921	-0.8658069884667315	ENSG00000153914.16	SREK1	False
ENST00000345363	448.02826	6.3465114	5.631514	-0.7149973	0.1583512	0.8093544299533921	-0.8003786470833152	ENSG00000213903.9	LTB4R	False
ENST00000667991	9.439657	1.1648835	0.4491958	-0.7156877	0.29700258	0.8111088466013822	-0.5272397725680604	ENSG00000169432.19	SCN9A	False
ENST00000358435	436.20093	5.7694683	5.0536704	-0.7157979	0.4174868	0.8367259608007798	-0.3793572650720312	ENSG00000196683.12	TOMM7	False
ENST00000509158	12.554932	1.2350526	0.5190814	-0.7159712	0.40266103	0.830273436445602	-0.39506040470830533	ENSG00000168214.22	RBPJ	False
ENST00000355758	74.70182	3.2973282	2.5812564	-0.71607184	0.65903383	0.9101517354341213	-0.18109228806452984	ENSG00000122299.12	ZC3H7A	False
ENST00000341060	142.55325	4.1541443	3.4380367	-0.7161076	0.5147708	0.8587509528528511	-0.28838609118484193	ENSG00000111802.14	TDP2	False
ENST00000243389	76.086205	3.3778212	2.661253	-0.71656823	0.34298968	0.81719736681995	-0.46471894298308913	ENSG00000123643.14	SLC36A1	False
ENST00000561555	26.79951	2.279055	1.5624616	-0.7165935	0.5843798	0.8819641855083519	-0.23330481033173733	ENSG00000103502.14	CDIPT	False
ENST00000368262	13.758197	1.1383349	0.4216164	-0.71671844	0.3371988	0.8158433703746901	-0.47211398745382843	ENSG00000163468.15	CCT3	False
ENST00000329970	89.1	4.037309	3.3205533	-0.71675587	0.3098477	0.8118754707110037	-0.5088517057270019	ENSG00000155115.7	GTF3C6	False
ENST00000409638	165.73996	5.266898	4.5499096	-0.71698856	0.15605962	0.8093544299533921	-0.8067094472183568	ENSG00000115661.14	STK16	False
ENST00000312960	667.9	7.0165	6.299189	-0.7173109	0.26429555	0.8093544299533921	-0.5779101520714441	ENSG00000181788.4	SIAH2	False
ENST00000643915	28.293457	2.3551455	1.6373963	-0.7177491	0.5525106	0.8710701841073433	-0.2576593704938988	ENSG00000065883.18	CDK13	False
ENST00000396791	55.790302	2.9260113	2.208242	-0.7177694	0.45854083	0.8478742186373767	-0.33862199005496824	ENSG00000164118.13	CEP44	False
ENST00000546072	118.51935	4.6365767	3.9187398	-0.71783686	0.46182746	0.8481416265840513	-0.3355202506135289	ENSG00000111790.14	FGFR1OP2	False
ENST00000370161	93.2	4.090489	3.3720002	-0.7184887	0.28479835	0.8106393935615843	-0.5454625251815152	ENSG00000162688.17	AGL	False
ENST00000396073	18.3	1.704471	0.9856717	-0.7187993	0.39273065	0.8283759992706762	-0.40590519999414415	ENSG00000132464.13	ENAM	False
ENST00000309324	43.429577	3.0049484	2.2852652	-0.7196832	0.31355914	0.8118754707110037	-0.5036805288060885	ENSG00000174917.9	MICOS13	False
ENST00000605875	20.087378	1.4710125	0.75116396	-0.7198485	0.5180165	0.8589934435588001	-0.2856563923820056	ENSG00000160799.12	CCDC12	False
ENST00000607838	58.9081	2.2139409	1.494091	-0.7198498	0.6042988	0.8899892143002557	-0.21874828941364283	ENSG00000182473.22	EXOC7	False
ENST00000606098	66.83134	3.0439987	2.324058	-0.71994066	0.5768526	0.8791592407063943	-0.23893513077745646	ENSG00000154814.14	OXNAD1	False
ENST00000399756	116.91654	2.791393	2.0713768	-0.72001624	0.6796968	0.9160714841034383	-0.16768477579384902	ENSG00000196689.13	TRPV1	False
ENST00000462804	233.76334	4.5185184	3.7977192	-0.7207992	0.44959128	0.8470024537044705	-0.3471821216070296	ENSG00000126860.12	EVI2A	False
ENST00000425234	31.59985	2.1513507	1.4303856	-0.72096515	0.5166632	0.8587697515903885	-0.2867924758283842	ENSG00000026950.17	BTN3A1	False
ENST00000683778	17.82102	2.0194266	1.2981755	-0.72125113	0.13245706	0.8093544299533921	-0.8779248801955837	ENSG00000197279.5	ZNF165	False
ENST00000542113	31.454403	2.3895757	1.6681104	-0.72146535	0.4946534	0.8537766521893764	-0.30569899815299906	ENSG00000186416.18	NKRF	False
ENST00000489288	64.14528	3.2552078	2.5333176	-0.7218902	0.41102162	0.8328944759076279	-0.3861353333185221	ENSG00000171792.11	RHNO1	False
ENST00000519554	13.226503	1.6494509	0.9275522	-0.7218987	0.3063798	0.8118754707110037	-0.5137398786510584	ENSG00000168300.14	PCMTD1	False
ENST00000699778	7.941481	1.3947097	0.6722815	-0.7224282	0.25392774	0.8093544299533921	-0.5952898569280088	ENSG00000101901.13	ALG13	False
ENST00000686636	234.09859	5.3390117	4.616576	-0.7224355	0.24422486	0.8093544299533921	-0.6122101284325187	ENSG00000117114.21	ADGRL2	False
ENST00000296027	31.2	2.8625267	2.1396708	-0.7228558	0.3975434	0.8298121044971967	-0.400615451711742	ENSG00000163735.7	CXCL5	False
ENST00000375286	60.6	3.5952091	2.8721035	-0.72310567	0.19869664	0.8093544299533921	-0.7018094700282931	ENSG00000180901.11	KCTD2	True
ENST00000392759	170.08101	4.734959	4.011813	-0.72314596	0.379289	0.8231329589941108	-0.4210297509590312	ENSG00000184863.11	RBM33	False
ENST00000687098	6.75598	1.2445259	0.5211412	-0.72338474	0.25023428	0.8093544299533921	-0.6016532027059209	ENSG00000266714.11	MYO15B	False
ENST00000638043	115.64807	4.7628074	4.0390224	-0.7237849	0.32752255	0.8142173533113395	-0.48475879860547805	ENSG00000204406.14	MBD5	False
ENST00000628881	79.631096	2.733299	2.0093884	-0.72391057	0.57569236	0.8786354755309875	-0.2398095373132213	ENSG00000123349.15	PFDN5	False
ENST00000540349	576.2081	6.543897	5.819974	-0.7239232	0.2008752	0.8093544299533921	-0.697073693218253	ENSG00000168876.9	ANKRD49	True
ENST00000286234	8.2	0.86807424	0.14393643	-0.7241378	0.25442696	0.8093544299533921	-0.5944368776988145	ENSG00000155792.10	DEPTOR	False
ENST00000358308	18.672869	1.8118666	1.0872731	-0.7245935	0.31291094	0.8118754707110037	-0.504579246912252	ENSG00000213390.11	ARHGAP19	False
ENST00000241453	29.3	1.7545547	1.0298747	-0.72468007	0.49943694	0.8548764927378353	-0.3015193348402306	ENSG00000122025.15	FLT3	False
ENST00000303391	112.13114	3.3368714	2.611624	-0.7252474	0.6736182	0.9141900609544965	-0.17158618911306003	ENSG00000169057.26	MECP2	False
ENST00000447016	6.1675406	0.94485503	0.21955025	-0.7253048	0.21253283	0.8093544299533921	-0.6725739682764103	ENSG00000141956.14	PRDM15	False
ENST00000582621	60.717827	1.7572173	1.0318526	-0.7253647	0.6457208	0.9049129263557762	-0.18995523736857373	ENSG00000150637.9	CD226	False
ENST00000591899	1427.0367	8.122994	7.396808	-0.7261863	0.25867748	0.8093544299533921	-0.5872413741671877	ENSG00000127540.12	UQCR11	True
ENST00000339872	4207.894	9.577534	8.850935	-0.72659874	0.15843014	0.8093544299533921	-0.8001621825306221	ENSG00000189403.15	HMGB1	False
ENST00000705471	42.976795	1.9414285	1.214684	-0.72674453	0.5644804	0.8754300397299412	-0.24835111472708454	ENSG00000107651.15	SEC23IP	False
ENST00000395953	30.608215	1.8972769	1.1703705	-0.7269064	0.46177724	0.8481416265840513	-0.3355674762900627	ENSG00000164924.18	YWHAZ	False
ENST00000356542	43.126144	3.1504488	2.423421	-0.7270279	0.103306144	0.8093544299533921	-0.9858738466059099	ENSG00000188112.10	C6orf132	False
ENST00000699569	22.406301	1.8127093	1.0851626	-0.7275467	0.36063123	0.8185482386998197	-0.4429366699019445	ENSG00000081087.16	OSTM1	False
ENST00000395829	12.629599	1.2930385	0.5651081	-0.72793037	0.39700982	0.8298121044971967	-0.40119875114931064	ENSG00000170638.10	TRABD	False
ENST00000492684	20.453487	2.282492	1.5537505	-0.7287414	0.2572041	0.8093544299533921	-0.5897221370914045	ENSG00000143436.11	MRPL9	False
ENST00000496046	383.13937	6.318777	5.589404	-0.729373	0.34859002	0.81719736681995	-0.45768505526290537	ENSG00000034152.20	MAP2K3	False
ENST00000294119	64.25753	2.3104053	1.581003	-0.7294023	0.599303	0.8872137205946347	-0.22235354313633923	ENSG00000162191.14	UBXN1	False
ENST00000337451	197.20874	5.0781484	4.348329	-0.7298193	0.36747107	0.8192702949872638	-0.4347768471264317	ENSG00000140157.16	NIPA2	False
ENST00000561330	32.71795	2.6872454	1.9573481	-0.72989726	0.5850927	0.8819641855083519	-0.2327753030516154	ENSG00000138592.14	USP8	False
ENST00000398258	18.43092	1.7416859	1.0115333	-0.7301526	0.37494367	0.822029190427276	-0.42603396981203473	ENSG00000196776.17	CD47	True
ENST00000372299	49.803886	2.9407685	2.210031	-0.73073745	0.31195018	0.8118754707110037	-0.5059147636792632	ENSG00000171872.5	KLF17	False
ENST00000342579	205.7613	3.9814622	3.2502828	-0.7311795	0.76192856	0.939913304152022	-0.11808574804241442	ENSG00000171634.19	BPTF	False
ENST00000428953	419.63525	6.2908406	5.559562	-0.7312784	0.25237113	0.8093544299533921	-0.5979603236266426	ENSG00000165813.20	CCDC186	False
ENST00000309180	414.0	6.1710353	5.439423	-0.7316122	0.20690283	0.8093544299533921	-0.6842335652860081	ENSG00000174946.7	GPR171	False
ENST00000528556	16.34444	1.3949065	0.6629456	-0.7319609	0.46439126	0.8492019855291293	-0.33311596117264847	ENSG00000137710.17	RDX	True
ENST00000495180	31.718414	2.5984352	1.8663999	-0.7320353	0.43590036	0.842654100473947	-0.36061277196385905	ENSG00000144824.21	PHLDB2	False
ENST00000293778	81.190414	3.4414861	2.7090049	-0.73248124	0.57582426	0.8786354755309875	-0.2397100413140607	ENSG00000161921.17	CXCL16	False
ENST00000259392	18.037107	1.5884824	0.8560006	-0.7324818	0.42234856	0.838029552988072	-0.37432898333680076	ENSG00000136867.11	SLC31A2	False
ENST00000291552	168.81308	3.4251869	2.692627	-0.7325599	0.71673477	0.9270347416753599	-0.14464152851116574	ENSG00000160201.12	U2AF1	False
ENST00000333039	24.393257	2.34501	1.6124125	-0.7325976	0.3849426	0.8242482227560738	-0.4146040346169816	ENSG00000221890.6	NPTXR	False
ENST00000589618	15.538115	1.9079574	1.1752924	-0.73266506	0.28035644	0.8093544299533921	-0.5522894680744064	ENSG00000161664.7	ASB16	False
ENST00000377526	18.73759	1.6469812	0.91416967	-0.73281157	0.5328595	0.865635036834895	-0.2733872836262586	ENSG00000115307.17	AUP1	False
ENST00000324109	7.3739867	0.9589324	0.22591324	-0.7330192	0.14042358	0.8093544299533921	-0.8525599560235441	ENSG00000107554.17	DNMBP	False
ENST00000418994	57.292336	2.4081278	1.6746774	-0.7334504	0.51806706	0.8589934435588001	-0.2856140187712316	ENSG00000131375.10	CAPN7	True
ENST00000528157	59.9	3.6860578	2.952559	-0.7334988	0.218187	0.8093544299533921	-0.661171120460856	ENSG00000145050.19	MANF	False
ENST00000342785	924.8757	7.3405075	6.6060286	-0.73447895	0.20513952	0.8093544299533921	-0.6879506697027806	ENSG00000038427.16	VCAN	False
ENST00000348370	95.68323	3.3539293	2.61859	-0.73533916	0.62640554	0.8985673266034024	-0.20314441197549243	ENSG00000157450.16	RNF111	False
ENST00000409280	39.797146	3.0211506	2.2852688	-0.7358818	0.23459612	0.8093544299533921	-0.6296791780746804	ENSG00000153790.12	SPMIP4	False
ENST00000278224	188.66574	4.67828	3.9415507	-0.73672915	0.627844	0.8992586951931271	-0.2021482683201103	ENSG00000110619.18	CARS1	False
ENST00000370783	34.10177	2.2908092	1.5539181	-0.73689103	0.4359613	0.842654100473947	-0.3605520549862216	ENSG00000101928.13	MOSPD1	False
ENST00000373232	57.392113	3.0664568	2.3289785	-0.73747826	0.40163326	0.8298121044971967	-0.3961703267885466	ENSG00000180817.12	PPA1	False
ENST00000678917	21.414806	1.7314905	0.99372673	-0.73776376	0.41742125	0.8367259608007798	-0.3794254441310891	ENSG00000162923.18	WDR26	False
ENST00000414423	21.414806	1.7314905	0.99372673	-0.73776376	0.41742125	0.8367259608007798	-0.3794254441310891	ENSG00000162923.18	WDR26	False
ENST00000433529	127.58417	4.3513913	3.613321	-0.73807025	0.2546733	0.8093544299533921	-0.594016580463961	ENSG00000116001.17	TIA1	True
ENST00000432444	139.73624	4.229749	3.4908218	-0.73892736	0.45874676	0.8478742186373767	-0.33842698900358026	ENSG00000170876.9	TMEM43	True
ENST00000368405	21.359861	2.4162214	1.6766787	-0.7395427	0.36773235	0.8193106004015295	-0.43446816752953027	ENSG00000169241.19	SLC50A1	True
ENST00000542638	146.68733	3.3584883	2.6183066	-0.7401817	0.7072392	0.9234034770961242	-0.1504336692653637	ENSG00000012660.14	ELOVL5	False
ENST00000302609	45.3	3.1526492	2.4121225	-0.7405267	0.21589649	0.8093544299533921	-0.6657544238372486	ENSG00000175395.16	ZNF25	False
ENST00000421757	17.9	1.6427034	0.90191525	-0.74078816	0.35570258	0.8175932215882654	-0.4489129859507796	ENSG00000075420.13	FNDC3B	True
ENST00000304414	132.43016	3.9397423	3.1986485	-0.7410939	0.50746673	0.8558786284660064	-0.29459242228209004	ENSG00000170540.15	ARL6IP1	False
ENST00000321925	62.13256	1.788846	1.0473268	-0.7415192	0.60999334	0.8920263818920305	-0.2146749076640135	ENSG00000141469.18	SLC14A1	False
ENST00000374459	27.04842	2.410979	1.6692811	-0.7416979	0.39352137	0.8284185470236078	-0.40503168015060625	ENSG00000198915.12	RASGEF1A	False
ENST00000558786	78.70633	2.6840599	1.942328	-0.7417319	0.59770894	0.8869203619546826	-0.2235102479585661	ENSG00000074603.19	DPP8	False
ENST00000677312	41.24411	2.5982018	1.8563695	-0.74183226	0.5695479	0.8767305649429177	-0.2444697514963398	ENSG00000171960.12	PPIH	True
ENST00000486995	28.751987	2.3989446	1.6568171	-0.74212754	0.2244172	0.8093544299533921	-0.6489438707327254	ENSG00000049883.15	PTCD2	True
ENST00000529903	49.222347	3.1735866	2.431437	-0.7421496	0.17948699	0.8093544299533921	-0.7459670255639232	ENSG00000149054.16	ZNF215	False
ENST00000546084	49.57203	1.6725765	0.93015075	-0.7424258	0.599717	0.8872137205946347	-0.22205362497168346	ENSG00000056558.11	TRAF1	False
ENST00000223500	222.6	4.825374	4.0825677	-0.74280643	0.3654321	0.8185742609699567	-0.43719329041664495	ENSG00000086065.14	CHMP5	False
ENST00000514101	15.20383	1.829462	1.0865717	-0.74289036	0.48302156	0.8517809635604503	-0.3160334861822087	ENSG00000120784.17	ZFP30	False
ENST00000299608	114.434105	3.9634924	3.2193756	-0.7441168	0.41448024	0.8342271906977036	-0.3824961701352412	ENSG00000166479.10	TMX3	False
ENST00000259455	13.437579	1.7668366	1.02195	-0.74488664	0.10952344	0.8093544299533921	-0.960492932249436	ENSG00000136928.7	GABBR2	False
ENST00000440324	25.151514	2.1425607	1.3966466	-0.7459141	0.47880316	0.8504371505934152	-0.3198429939937587	ENSG00000162614.19	NEXN	False
ENST00000285419	439.5	6.2006907	5.4546185	-0.7460723	0.102863766	0.8093544299533921	-0.9877375784696386	ENSG00000155099.8	PIP4P2	False
ENST00000618072	68.99331	3.546193	2.799648	-0.74654484	0.25636587	0.8093544299533921	-0.5911398006249095	ENSG00000111328.7	CDK2AP1	False
ENST00000535638	67.71383	3.898826	3.152234	-0.7465918	0.13121895	0.8093544299533921	-0.8820034254565633	ENSG00000084463.8	WBP11	False
ENST00000415783	169.07204	4.720985	3.9734051	-0.7475798	0.25314087	0.8093544299533921	-0.5966377372040012	ENSG00000116001.17	TIA1	True
ENST00000414487	165.91776	4.9407334	4.1926312	-0.7481022	0.17988084	0.8093544299533921	-0.7450150868528153	ENSG00000182004.13	SNRPE	True
ENST00000341148	193.40091	5.0590267	4.3104825	-0.7485442	0.1416735	0.8093544299533921	-0.8487113605864112	ENSG00000184863.11	RBM33	True
ENST00000680273	842.1517	7.0782166	6.32967	-0.7485466	0.53645676	0.8666569343588499	-0.27046527467456477	ENSG00000055332.19	EIF2AK2	False
ENST00000283875	81.87245	4.029852	3.280922	-0.74893	0.2021278	0.8093544299533921	-0.6943739522334992	ENSG00000153767.10	GTF2E1	False
ENST00000374840	118.9387	2.7640603	2.0150914	-0.74896884	0.63389224	0.9008885448054796	-0.19798456602824385	ENSG00000162551.14	ALPL	False
ENST00000452938	189.95586	4.914601	4.1650205	-0.7495804	0.23152936	0.8093544299533921	-0.6353939380039992	ENSG00000088766.12	CRLS1	False
ENST00000219821	40.45412	2.6912677	1.9413513	-0.74991643	0.49504814	0.8537766521893764	-0.30535257081607525	ENSG00000103534.17	TMC5	False
ENST00000418304	615.2035	6.8137336	6.0636077	-0.7501259	0.10133328	0.8093544299533921	-0.9942478873098887	ENSG00000054267.22	ARID4B	False
ENST00000196551	499.48218	6.3328323	5.582214	-0.75061846	0.2841668	0.8106393935615843	-0.546426643570461	ENSG00000083845.9	RPS5	False
ENST00000683741	145.8606	3.3947515	2.6435199	-0.7512317	0.62048525	0.8963672800698408	-0.20726854064090733	ENSG00000081307.15	UBA5	False
ENST00000674720	12.380761	1.3247286	0.57340133	-0.7513273	0.34791014	0.81719736681995	-0.45853291836946136	ENSG00000160789.25	LMNA	False
ENST00000323116	149.50053	4.0873475	3.335833	-0.75151443	0.46864235	0.8496539504698483	-0.3291584641763622	ENSG00000058063.16	ATP11B	False
ENST00000645846	19.365782	2.052546	1.3009424	-0.7516036	0.452937	0.8472077019271466	-0.3439621940934826	ENSG00000011376.12	LARS2	False
ENST00000520468	132.64987	4.0930233	3.34123	-0.7517934	0.41704422	0.8365010284816294	-0.37981789105402314	ENSG00000164919.11	COX6C	False
ENST00000370078	34.2	2.418745	1.6668388	-0.7519063	0.3781198	0.8230751633283137	-0.4223705844942561	ENSG00000198890.9	PRMT6	False
ENST00000465175	25.209173	2.035763	1.2834125	-0.75235057	0.5452111	0.8692662506126195	-0.2634353294392519	ENSG00000163714.18	U2SURP	False
ENST00000395965	98.34	4.3153825	3.5625563	-0.7528262	0.0701153	0.8093544299533921	-1.154187215608686	ENSG00000113391.19	ARB2A	False
ENST00000400566	80.26843	3.880729	3.1278234	-0.7529056	0.19688162	0.8093544299533921	-0.7057948212080929	ENSG00000155307.19	SAMSN1	False
ENST00000296140	1521.7	7.8623257	7.108721	-0.7536049	0.31950718	0.8120942142150761	-0.4955193756479967	ENSG00000163823.4	CCR1	False
ENST00000557731	249.58398	5.3799186	4.626214	-0.75370455	0.35683927	0.8177023872408846	-0.4475273584855631	ENSG00000182512.5	GLRX5	False
ENST00000377051	66.5	3.4556215	2.7015228	-0.75409865	0.36574036	0.8185742609699567	-0.4368271133566776	ENSG00000125812.16	GZF1	False
ENST00000637888	18.25371	1.4674824	0.7129315	-0.75455093	0.4777745	0.8504371505934152	-0.32077703256230816	ENSG00000260007.3	ENSG00000260007	False
ENST00000379509	60.424694	3.6349237	2.8802242	-0.75469947	0.038209625	0.8093544299533921	-1.4178272292560656	ENSG00000172954.14	LCLAT1	False
ENST00000425413	41.31449	2.540819	1.7853806	-0.7554383	0.5045534	0.855803731079597	-0.2970928821858745	ENSG00000127481.15	UBR4	False
ENST00000252713	159.27444	4.5323715	3.7767553	-0.7556162	0.6004006	0.8874951743413665	-0.2215588631400022	ENSG00000197343.11	ZNF655	False
ENST00000371532	47.808662	3.2295742	2.4729996	-0.75657463	0.18383825	0.8093544299533921	-0.7355641269158936	ENSG00000203995.11	ZYG11A	False
ENST00000523975	62.159325	2.0696502	1.313062	-0.7565882	0.5966061	0.8865304657230172	-0.22431232814926066	ENSG00000170791.18	CHCHD7	False
ENST00000538845	15.6	1.6234986	0.86681616	-0.7566824	0.33798274	0.8164192321363181	-0.4711054724626564	ENSG00000111358.14	GTF2H3	False
ENST00000251775	61.7	3.1870182	2.4293401	-0.75767803	0.506798	0.8558786284660064	-0.29516508285642157	ENSG00000114520.11	SNX4	False
ENST00000371331	25.842224	1.8825973	1.124579	-0.7580184	0.4308921	0.8410214692507391	-0.3656314582692504	ENSG00000116205.14	TCEANC2	False
ENST00000261211	155.76692	4.6941714	3.9348717	-0.75929976	0.23092219	0.8093544299533921	-0.6365343280375618	ENSG00000059758.8	CDK17	False
ENST00000276326	19.834332	1.4081074	0.64838034	-0.75972706	0.4586311	0.8478742186373767	-0.3385365005233588	ENSG00000147364.17	FBXO25	False
ENST00000474718	30.7	1.5466484	0.7863037	-0.7603447	0.5621288	0.8744884066712214	-0.2501641772723812	ENSG00000204161.15	TMEM273	False
ENST00000395422	218.3	5.444284	4.6837125	-0.7605715	0.17541723	0.8093544299533921	-0.7559277523399643	ENSG00000106153.13	CHCHD2	False
ENST00000355264	227.22964	5.4332848	4.672448	-0.7608366	0.07465012	0.8093544299533921	-1.1269694681952005	ENSG00000185009.13	AP3M1	False
ENST00000526595	47.989864	1.6266977	0.86541176	-0.7612859	0.5817582	0.8811550578047072	-0.23525748569134278	ENSG00000160593.20	JAML	False
ENST00000371828	351.76215	5.406505	4.644925	-0.76158	0.6960355	0.9207701935938762	-0.15736860673115882	ENSG00000124214.21	STAU1	False
ENST00000472182	29.576517	2.6471126	1.8853946	-0.76171803	0.10144764	0.8093544299533921	-0.9937580436887405	ENSG00000204930.10	FAM221B	False
ENST00000335420	233.5	5.6168685	4.855073	-0.7617955	0.1260371	0.8093544299533921	-0.8995015777156131	ENSG00000128607.14	KLHDC10	False
ENST00000611707	40.898518	2.7897542	2.027762	-0.7619922	0.38288057	0.823835243286134	-0.4169366738860085	ENSG00000138678.11	GPAT3	False
ENST00000333643	68.7	3.1585429	2.3964272	-0.7621157	0.3737727	0.8216366408512873	-0.4273924099798831	ENSG00000184515.11	BEX5	False
ENST00000355295	14.5	1.9427711	1.1802963	-0.7624748	0.17045684	0.8093544299533921	-0.7683855629050496	ENSG00000196116.8	TDRD7	False
ENST00000432999	95.80625	1.9099541	1.1474676	-0.76248646	0.6679814	0.9125636621323021	-0.17523563930575067	ENSG00000236287.8	ZBED5	False
ENST00000525361	15.877943	1.678357	0.91575	-0.762607	0.36316136	0.8185742609699567	-0.43990037185678993	ENSG00000165490.13	DDIAS	False
ENST00000652102	25.105911	2.258553	1.4958518	-0.7627013	0.37321466	0.8213336456915199	-0.428041302939463	ENSG00000049769.14	PPP1R3F	False
ENST00000256257	16.320553	1.7154306	0.9526628	-0.7627678	0.23117863	0.8093544299533921	-0.6360523210203719	ENSG00000133874.2	RNF122	False
ENST00000544180	26.428905	1.4470407	0.68411016	-0.7629305	0.5271008	0.8628966334781174	-0.27810632343061303	ENSG00000100504.17	PYGL	False
ENST00000679250	49.004982	1.9156114	1.1520839	-0.7635275	0.62133485	0.8966662252851827	-0.20667428604488533	ENSG00000161057.13	PSMC2	False
ENST00000421503	15.002914	1.8144861	1.0509019	-0.76358426	0.4978016	0.8540375487251681	-0.3029437101993892	ENSG00000159873.10	CCDC117	False
ENST00000604754	21.470997	2.2170541	1.4533176	-0.7637365	0.46574214	0.8494197755236921	-0.33185446470974805	ENSG00000214655.11	ZSWIM8	False
ENST00000557016	15.28878	1.547603	0.7836845	-0.7639185	0.31587636	0.8118754707110037	-0.5004828687480071	ENSG00000100632.11	ERH	False
ENST00000475449	28.778927	2.000697	1.2363069	-0.76439	0.45232794	0.8472077019271466	-0.3445465883285831	ENSG00000177239.16	MAN1B1	False
ENST00000479143	20.953947	1.7415012	0.9767482	-0.764753	0.4644284	0.8492019855291293	-0.33308123546855206	ENSG00000060339.14	CCAR1	False
ENST00000299543	19.287313	2.2971914	1.5322857	-0.7649057	0.34167263	0.81719736681995	-0.46638981048758604	ENSG00000060069.18	CTDP1	False
ENST00000248444	57.293663	3.4094493	2.643784	-0.7656653	0.28564915	0.8106393935615843	-0.5441670629948252	ENSG00000127831.11	VIL1	False
ENST00000333503	105.00222	4.324283	3.5585628	-0.76572037	0.081793904	0.8093544299533921	-1.0872790609443341	ENSG00000184207.9	PGP	False
ENST00000283109	65.06108	3.2062244	2.4403849	-0.7658396	0.3713313	0.8200606775433055	-0.43023843693926955	ENSG00000058729.11	RIOK2	False
ENST00000371419	24.027962	2.1058607	1.3399959	-0.76586485	0.33691055	0.8158433703746901	-0.4724853947109559	ENSG00000101132.10	PFDN4	False
ENST00000296424	55.149	3.2303379	2.4644716	-0.7658663	0.14671528	0.8093544299533921	-0.8335246431581432	ENSG00000164039.15	BDH2	False
ENST00000264538	107.70357	4.3238354	3.5573857	-0.7664497	0.1116411	0.8093544299533921	-0.9521758870704737	ENSG00000114446.5	IFT57	False
ENST00000366813	597.09143	6.572977	5.805745	-0.76723194	0.09240075	0.8093544299533921	-1.0343244942389958	ENSG00000163041.13	H3-3A	False
ENST00000329559	25.80695	1.984563	1.2160847	-0.7684783	0.27111557	0.8093544299533921	-0.5668455384199284	ENSG00000183648.11	NDUFB1	True
ENST00000502617	29.625757	1.5356593	0.7668879	-0.7687714	0.45851862	0.8478742186373767	-0.33864301927654733	ENSG00000157426.14	AASDH	False
ENST00000361518	32.11141	2.517207	1.7484034	-0.7688035	0.22191219	0.8093544299533921	-0.6538188399830835	ENSG00000198546.15	ZNF511	False
ENST00000369449	29.3	2.2012177	1.4322325	-0.76898515	0.36271226	0.8185742609699567	-0.44043775976569044	ENSG00000155962.13	CLIC2	False
ENST00000378054	29.159103	2.642772	1.8737259	-0.76904607	0.3059512	0.8118754707110037	-0.5143478278965354	ENSG00000112312.10	GMNN	False
ENST00000532497	89.48946	4.2087703	3.4396052	-0.76916504	0.41803318	0.836886090598871	-0.37878924344692133	ENSG00000077514.9	POLD3	False
ENST00000368759	91.85966	3.843036	3.0731976	-0.76983833	0.55150187	0.8705170621904874	-0.2584530105188677	ENSG00000107949.17	BCCIP	False
ENST00000341084	175.72209	4.5296874	3.7595847	-0.77010274	0.5737667	0.87762699845426	-0.2412646543976286	ENSG00000034677.13	RNF19A	False
ENST00000355624	95.60414	2.4404335	1.6701584	-0.7702751	0.6319133	0.9002255149083827	-0.19934250088572045	ENSG00000107560.12	RAB11FIP2	False
ENST00000266659	1332.817	7.764092	6.99358	-0.7705121	0.12412946	0.8093544299533921	-0.9061251364981936	ENSG00000139278.10	GLIPR1	False
ENST00000409588	11.813468	1.5489864	0.7781291	-0.77085733	0.2581094	0.8093544299533921	-0.5881961943307075	ENSG00000196290.17	NIF3L1	False
ENST00000393802	17.078281	2.258388	1.4874533	-0.7709347	0.124932915	0.8093544299533921	-0.9033231268170765	ENSG00000072803.18	FBXW11	False
ENST00000544492	105.6	4.2781253	3.5060558	-0.77206945	0.072727054	0.8093544299533921	-1.1383040021738933	ENSG00000136161.13	RCBTB2	False
ENST00000391755	39.9753	2.9775345	2.2051725	-0.772362	0.47409037	0.8500118764885034	-0.32413886847336504	ENSG00000105618.14	PRPF31	False
ENST00000544368	37.099518	1.6534661	0.8810528	-0.7724133	0.5917242	0.8844636541269182	-0.22788065639929067	ENSG00000166226.13	CCT2	False
ENST00000678995	166.5127	4.5949407	3.8221123	-0.77282834	0.29696155	0.8111088466013822	-0.5272997845732544	ENSG00000165029.17	ABCA1	False
ENST00000434583	51.345337	3.4606514	2.6877809	-0.77287054	0.46820763	0.8496539504698483	-0.32956151552337526	ENSG00000072756.18	TRNT1	False
ENST00000229563	47.7	3.0911024	2.3175359	-0.7735665	0.32062888	0.8125420389446386	-0.4939973600499837	ENSG00000111843.14	TMEM14C	False
ENST00000367208	49.28228	2.6524303	1.8780042	-0.7744261	0.38643768	0.8245805590791475	-0.4129205290358592	ENSG00000182004.13	SNRPE	False
ENST00000296417	184.77466	5.0929184	4.3184476	-0.7744708	0.08566109	0.8093544299533921	-1.0672163990806447	ENSG00000164032.12	H2AZ1	False
ENST00000314754	20.648043	1.5525461	0.7776814	-0.77486473	0.4908191	0.8537766521893764	-0.3090785482849533	ENSG00000196352.18	CD55	False
ENST00000314392	164.5	5.0447035	4.2697577	-0.77494574	0.21886307	0.8093544299533921	-0.6598275131850837	ENSG00000136908.18	DPM2	False
ENST00000421745	26.52798	1.9774576	1.2019508	-0.77550685	0.6245267	0.8980501626788355	-0.2044490040168046	ENSG00000115760.16	BIRC6	False
ENST00000692139	49.025917	3.248422	2.4726977	-0.7757242	0.46988124	0.8496539504698483	-0.3280118970160127	ENSG00000119397.19	CNTRL	True
ENST00000695895	60.772377	2.3910573	1.6153258	-0.77573144	0.57681453	0.8791592407063943	-0.23896380652459195	ENSG00000147408.16	CSGALNACT1	False
ENST00000595646	59.359215	3.7056189	2.9298635	-0.7757554	0.09483586	0.8093544299533921	-1.023027401605252	ENSG00000204604.13	ZNF468	False
ENST00000568020	16.6	1.3222237	0.54642236	-0.7758013	0.3745372	0.8216366408512873	-0.4265050408815065	ENSG00000140948.13	ZCCHC14	False
ENST00000367485	28.194056	1.8858734	1.1098553	-0.77601814	0.38903803	0.8259378738446596	-0.4100079466964191	ENSG00000116690.13	PRG4	False
ENST00000552121	16.284597	1.6081725	0.83180875	-0.7763638	0.49310955	0.8537766521893764	-0.30705658288354465	ENSG00000133641.18	RLIG1	True
ENST00000393249	2409.269	8.613147	7.8362904	-0.7768564	0.18848734	0.8093544299533921	-0.724717823563773	ENSG00000091039.17	OSBPL8	False
ENST00000693150	161.25528	4.80529	4.027882	-0.7774081	0.11432195	0.8093544299533921	-0.9418703873782156	ENSG00000169032.11	MAP2K1	False
ENST00000560615	89.06282	4.12623	3.3486676	-0.77756214	0.27467144	0.8093544299533921	-0.5611865029829366	ENSG00000140416.26	TPM1	False
ENST00000316594	34.0	3.0305939	2.2529655	-0.7776284	0.121853426	0.8093544299533921	-0.9141622554419527	ENSG00000126945.9	HNRNPH2	False
ENST00000322054	86.06735	4.1397557	3.361976	-0.7777798	0.1538345	0.8093544299533921	-0.812946236302969	ENSG00000013016.16	EHD3	False
ENST00000441030	17.171356	1.5849797	0.80691886	-0.7780608	0.26708794	0.8093544299533921	-0.5733457273759883	ENSG00000160200.18	CBS	False
ENST00000453397	8.324145	0.97784466	0.19952753	-0.7783171	0.16377002	0.8093544299533921	-0.7857655979158106	ENSG00000206140.12	TMEM191C	True
ENST00000370509	108.82542	4.491427	3.7130933	-0.77833366	0.09863235	0.8093544299533921	-1.005980616832671	ENSG00000143162.9	CREG1	False
ENST00000282999	115.68491	3.8613167	3.0829587	-0.778358	0.5519932	0.8707022571088716	-0.258066279198646	ENSG00000153037.15	SRP19	False
ENST00000583249	22.614998	2.2365348	1.4577973	-0.77873755	0.48719093	0.8529381765683051	-0.3123008037159398	ENSG00000175224.17	ATG13	False
ENST00000331835	555.0	6.647777	5.8687716	-0.7790055	0.10906363	0.8093544299533921	-0.9623200405501994	ENSG00000183291.18	SELENOF	False
ENST00000544496	141.86661	4.407973	3.6285439	-0.77942896	0.11343374	0.8093544299533921	-0.9452577446944008	ENSG00000120265.21	PCMT1	False
ENST00000374092	20.119549	1.5556201	0.77568394	-0.77993613	0.4840254	0.8523597503553966	-0.31513185737556204	ENSG00000244005.13	NFS1	False
ENST00000347063	140.4251	4.4214497	3.641375	-0.7800746	0.1730521	0.8093544299533921	-0.7618231203015503	ENSG00000145428.15	RNF175	False
ENST00000378090	9.582229	1.2470576	0.46656868	-0.78048885	0.2573908	0.8093544299533921	-0.5894069851066177	ENSG00000204954.10	UQCC6	False
ENST00000389093	120.21089	4.5502915	3.7696548	-0.7806368	0.34273785	0.81719736681995	-0.4650379274637357	ENSG00000067225.21	PKM	False
ENST00000511736	24.975895	1.7818924	0.99985504	-0.7820374	0.44708496	0.8459831455694948	-0.34960993638612475	ENSG00000172262.12	ZNF131	True
ENST00000366560	119.02385	4.4051747	3.6225257	-0.78264904	0.5476618	0.8693177891645862	-0.2614875653426457	ENSG00000091483.8	FH	False
ENST00000689750	28.926752	2.4309719	1.648127	-0.7828449	0.40794623	0.8321126549151308	-0.3893970770958934	ENSG00000264343.7	NOTCH2NLA	False
ENST00000399799	2418.982	8.706191	7.923116	-0.78307486	0.31325057	0.8118754707110037	-0.5041081280131807	ENSG00000067900.9	ROCK1	False
ENST00000695385	37.924637	2.7603645	1.9770718	-0.7832928	0.5578133	0.8731262404848221	-0.2535111453100521	ENSG00000131368.9	MRPS25	True
ENST00000333119	102.361496	4.3823457	3.5982828	-0.78406286	0.08870614	0.8093544299533921	-1.0520463027652391	ENSG00000126756.12	UXT	False
ENST00000393972	41.716293	2.9785736	2.194243	-0.7843306	0.46836647	0.8496539504698483	-0.3294141996705617	ENSG00000239779.7	WBP1	False
ENST00000684620	31.623867	2.163079	1.378552	-0.78452706	0.5069866	0.8558786284660064	-0.29500350375782675	ENSG00000163818.20	LZTFL1	False
ENST00000640119	18.5994	1.685153	0.9002167	-0.7849363	0.52888644	0.8639165319991312	-0.2766375697382101	ENSG00000153187.21	HNRNPU	False
ENST00000714164	17.911533	1.8477598	1.0625159	-0.785244	0.57316977	0.8775212295380638	-0.24171672476337913	ENSG00000010704.20	HFE	False
ENST00000354764	5.9219003	0.7855861	0.0	-0.7855861	0.07935874	0.8093544299533921	-1.100405227228416	ENSG00000197121.15	PGAP1	False
ENST00000367001	103.5	3.9334183	3.1474953	-0.785923	0.3724314	0.8209575142474155	-0.4289537134068565	ENSG00000170385.10	SLC30A1	False
ENST00000434473	71.56781	3.7463427	2.9592557	-0.78708696	0.11987126	0.8093544299533921	-0.921284934238924	ENSG00000138386.17	NAB1	False
ENST00000676320	177.66904	5.407356	4.6200275	-0.78732824	0.04147073	0.8093544299533921	-1.3822583321937678	ENSG00000135365.17	PHF21A	False
ENST00000295619	762.03723	6.8615494	6.074033	-0.7875166	0.15991487	0.8093544299533921	-0.796111161265196	ENSG00000163421.9	PROK2	False
ENST00000440179	12.816803	1.620994	0.8332771	-0.78771687	0.23410131	0.8093544299533921	-0.6305961553512643	ENSG00000136824.19	SMC2	False
ENST00000681100	44.97573	2.593918	1.8058276	-0.78809047	0.5704726	0.8768692392893742	-0.24376521152666547	ENSG00000150347.17	ARID5B	False
ENST00000438911	63.5	3.7830875	2.9943864	-0.78870106	0.172421	0.8093544299533921	-0.7634098569379408	ENSG00000291316.1	TMEM276-ZFTRAF1	False
ENST00000228872	60.120716	3.5486019	2.7597523	-0.7888496	0.25415665	0.8093544299533921	-0.5948985240286293	ENSG00000111276.12	CDKN1B	False
ENST00000672206	42.18325	2.9072905	2.11797	-0.78932047	0.44907796	0.8470024537044705	-0.34767825516273565	ENSG00000248905.10	FMN1	False
ENST00000533540	572.0988	6.6781383	5.888198	-0.78994036	0.14307272	0.8093544299533921	-0.8444431530793427	ENSG00000109971.14	HSPA8	False
ENST00000486347	14.725632	1.8739405	1.0836117	-0.79032874	0.34283087	0.81719736681995	-0.4649200835404951	ENSG00000156504.17	PABIR2	False
ENST00000438879	46.14646	2.8308012	2.040416	-0.79038525	0.49588126	0.8537766521893764	-0.3046223044432945	ENSG00000077380.16	DYNC1I2	False
ENST00000276055	51.2	3.481907	2.6914132	-0.7904937	0.21145038	0.8093544299533921	-0.6747915237410557	ENSG00000147119.4	CHST7	False
ENST00000395425	10.533142	1.3324751	0.54102767	-0.7914474	0.23591055	0.8093544299533921	-0.6272526373253081	ENSG00000126787.13	DLGAP5	False
ENST00000558217	427.22125	6.3073425	5.5154624	-0.79188013	0.044087276	0.8093544299533921	-1.3556867352483035	ENSG00000140612.14	SEC11A	False
ENST00000404525	36.352467	2.4880438	1.6954974	-0.7925464	0.4524057	0.8472077019271466	-0.3444719403997066	ENSG00000049323.16	LTBP1	False
ENST00000567719	67.67384	3.7807693	2.9882193	-0.7925501	0.04391046	0.8093544299533921	-1.3574320262780848	ENSG00000127554.13	GFER	False
ENST00000611969	23.60625	1.8093742	1.0164329	-0.79294133	0.3026491	0.8118754707110037	-0.5190605980816498	ENSG00000175701.11	MTLN	False
ENST00000275262	54.328236	2.8744957	2.0814378	-0.7930579	0.44807908	0.8466292514540297	-0.34864533262738817	ENSG00000112531.17	QKI	False
ENST00000472944	36.958458	2.1792157	1.3861122	-0.79310346	0.47257012	0.8498824127264982	-0.32553374053230927	ENSG00000134717.18	BTF3L4	True
ENST00000464716	206.25151	4.609131	3.8158648	-0.79326606	0.39939868	0.8298121044971967	-0.3985933698975048	ENSG00000138326.21	RPS24	False
ENST00000369956	46.6	3.3207436	2.526936	-0.7938075	0.07477556	0.8093544299533921	-1.1262403160018282	ENSG00000107872.14	FBXL15	False
ENST00000449264	27.844715	2.0891693	1.2951765	-0.79399276	0.32137683	0.8125420389446386	-0.4929854369020146	ENSG00000232810.5	TNF	False
ENST00000471696	938.9	7.371389	6.5773106	-0.79407835	0.108343005	0.8093544299533921	-0.9651991222734039	ENSG00000198843.14	SELENOT	False
ENST00000409766	27.2	1.6284375	0.8341565	-0.794281	0.39471453	0.8290075231731883	-0.4037168816040975	ENSG00000168883.20	USP39	False
ENST00000284971	34.651917	2.5520756	1.7576802	-0.79439545	0.36383748	0.8185742609699567	-0.43909256432847743	ENSG00000154723.13	ATP5PF	False
ENST00000354506	109.62286	3.2751482	2.4803107	-0.7948375	0.5683081	0.8761634615731728	-0.2454161425177472	ENSG00000197713.15	RPE	False
ENST00000395715	66.5579	1.7616286	0.9667831	-0.7948455	0.57309884	0.8774993431264995	-0.2417704718557726	ENSG00000104447.13	TRPS1	False
ENST00000345009	540.85583	6.7231655	5.928104	-0.7950616	0.47472456	0.8500118764885034	-0.323558298468239	ENSG00000145335.17	SNCA	True
ENST00000422369	21.762486	2.0252953	1.2294555	-0.7958398	0.17644927	0.8093544299533921	-0.7533801363715339	ENSG00000146350.14	TBC1D32	False
ENST00000679038	36.728443	2.8521328	2.056252	-0.7958808	0.4425179	0.845533042537345	-0.35406915094296865	ENSG00000108298.12	RPL19	False
ENST00000536703	243.65146	5.435863	4.6389894	-0.79687357	0.35685295	0.8177023872408846	-0.44751071032945267	ENSG00000139278.10	GLIPR1	False
ENST00000605953	20.95291	1.2216512	0.42461735	-0.79703385	0.398503	0.8298121044971967	-0.39956839881204836	ENSG00000147687.19	TATDN1	False
ENST00000546097	62.61611	3.4767532	2.6796494	-0.7971039	0.45897704	0.847884044482156	-0.3382090357583955	ENSG00000164506.16	STXBP5	False
ENST00000440258	13.966379	1.293268	0.49581054	-0.79745746	0.28775907	0.8109740254625081	-0.5409709853690003	ENSG00000100109.17	TFIP11	False
ENST00000557168	22.7	2.0459287	1.2482444	-0.7976843	0.27166757	0.8093544299533921	-0.5659622020850065	ENSG00000259092.1	TRAV30	True
ENST00000336686	18.54429	1.7146431	0.91687137	-0.79777175	0.53097653	0.8648952559812247	-0.2749246718137802	ENSG00000093167.18	LRRFIP2	False
ENST00000539915	16.665182	1.5026202	0.7046695	-0.79795074	0.23525064	0.8093544299533921	-0.6284691920576321	ENSG00000197302.11	KRBOX5	True
ENST00000354725	63.6	3.7280385	2.929168	-0.79887056	0.14253505	0.8093544299533921	-0.8460783405571267	ENSG00000197157.11	SND1	False
ENST00000283921	12.741195	1.4744729	0.6753389	-0.79913396	0.2850169	0.8106393935615843	-0.5451293964777936	ENSG00000253293.6	HOXA10	False
ENST00000327220	20.22597	1.5222076	0.72304803	-0.7991596	0.45207372	0.8472077019271466	-0.3447907357305331	ENSG00000177138.17	FAM9B	False
ENST00000333229	101.52651	3.9053087	3.1057441	-0.7995646	0.3821234	0.823716002720574	-0.4177963545462465	ENSG00000185658.14	BRWD1	False
ENST00000317089	209.95023	5.2948174	4.4952183	-0.7995992	0.04337874	0.8093544299533921	-1.3627230613702763	ENSG00000069345.12	DNAJA2	False
ENST00000313368	449.60223	6.1618752	5.3614426	-0.8004327	0.14445259	0.8093544299533921	-0.8402746766657297	ENSG00000178913.9	TAF7	False
ENST00000273223	73.501724	3.3552017	2.5545158	-0.8006859	0.5127669	0.8577892264817722	-0.2900800190189687	ENSG00000144713.13	RPL32	False
ENST00000695717	222.35205	5.2843437	4.483387	-0.8009567	0.19888909	0.8093544299533921	-0.7013890357951376	ENSG00000137752.25	CASP1	False
ENST00000588367	54.58711	2.5141108	1.713018	-0.80109286	0.49226013	0.8537766521893764	-0.3078053394823182	ENSG00000105058.12	FAM32A	False
ENST00000348007	52.33769	1.8119704	1.0106179	-0.8013525	0.57614493	0.8788799678918525	-0.2394682527074837	ENSG00000150527.18	MIA2	False
ENST00000621533	74.36391	3.1116927	2.3102083	-0.80148435	0.5478618	0.8693177891645862	-0.26132896846534337	ENSG00000146457.16	WTAP	False
ENST00000521604	128.77513	4.2969413	3.4953258	-0.8016155	0.63024324	0.8998400021113475	-0.20049180264535812	ENSG00000187735.16	TCEA1	False
ENST00000590343	57.380272	3.480985	2.6791062	-0.8018787	0.15692359	0.8093544299533921	-0.8043117591247486	ENSG00000141994.16	DUS3L	False
ENST00000436261	234.94656	5.1293626	4.3271503	-0.80221224	0.6225484	0.8969371221710846	-0.20582687776707706	ENSG00000178917.19	ZNF852	False
ENST00000529742	30.7	2.463937	1.6610816	-0.8028555	0.38792554	0.8256304087777617	-0.4112516317537193	ENSG00000172732.12	MUS81	False
ENST00000539760	28.975683	1.8567247	1.0536319	-0.80309284	0.4823291	0.8514429607135611	-0.3166565349907584	ENSG00000165819.12	METTL3	False
ENST00000584350	105.320435	3.8846416	3.08108	-0.8035617	0.56400466	0.8750816652701604	-0.24871730797924632	ENSG00000196704.14	AMZ2	False
ENST00000602676	183.21472	4.340097	3.5361567	-0.8039403	0.4622393	0.8481416265840513	-0.3351331376489372	ENSG00000104904.12	OAZ1	False
ENST00000474453	57.316765	3.641847	2.8377242	-0.8041227	0.24046247	0.8093544299533921	-0.6189527014712103	ENSG00000134744.14	TUT4	False
ENST00000409520	15.0	1.6502541	0.84600896	-0.8042452	0.36288822	0.8185742609699567	-0.4402271331688756	ENSG00000186854.11	TRABD2A	False
ENST00000245787	75.2	3.7181742	2.9136558	-0.80451846	0.1961619	0.8093544299533921	-0.7073853494956064	ENSG00000125629.16	INSIG2	False
ENST00000374736	311.48694	5.4165516	4.6116986	-0.80485296	0.29756382	0.8111088466013822	-0.5264198730643689	ENSG00000165029.17	ABCA1	False
ENST00000434623	67.3777	3.7128782	2.9079516	-0.80492663	0.5166735	0.8587697515903885	-0.28678380823238353	ENSG00000157654.19	PALM2AKAP2	False
ENST00000587837	84.07759	3.5776842	2.772384	-0.80530024	0.5258369	0.8628966334781174	-0.2791489534532085	ENSG00000011600.12	TYROBP	False
ENST00000522352	500.7176	6.3416753	5.536361	-0.80531406	0.2985226	0.8111088466013822	-0.5250227967557372	ENSG00000104408.11	EIF3E	True
ENST00000397440	26.04448	2.4475965	1.6422328	-0.8053638	0.37736613	0.8229053118073276	-0.42323708703375257	ENSG00000100462.16	PRMT5	False
ENST00000648649	47.92727	3.3085968	2.5028439	-0.805753	0.14385839	0.8093544299533921	-0.8420648102790578	ENSG00000236782.8	ZNF593OS	False
ENST00000452783	23.4853	1.7406038	0.9345665	-0.8060373	0.43105736	0.8410214692507391	-0.3654649314593899	ENSG00000164828.18	SUN1	False
ENST00000512429	20.434568	1.5995121	0.79299253	-0.80651957	0.49207717	0.8537766521893764	-0.30796678207049116	ENSG00000164180.14	TMEM161B	False
ENST00000643696	18.291368	2.1011028	1.2940305	-0.8070723	0.41796282	0.836886090598871	-0.37886234998236984	ENSG00000139719.12	VPS33A	False
ENST00000320033	22.4	1.4973048	0.6897274	-0.8075774	0.3503087	0.81719736681995	-0.4555490934844844	ENSG00000175906.5	ARL4D	False
ENST00000558506	228.86494	5.1668773	4.3577614	-0.8091159	0.3809246	0.8235211731912858	-0.41916096581719636	ENSG00000100664.11	EIF5	False
ENST00000308317	29.300762	2.0009086	1.1914337	-0.80947495	0.5038411	0.8556848333281974	-0.2977064067124398	ENSG00000092208.19	GEMIN2	False
ENST00000309683	22.90031	1.376822	0.56659937	-0.8102226	0.3902208	0.8265578374815962	-0.40868959496178725	ENSG00000173041.12	ZNF680	False
ENST00000396386	1207.8951	7.7906	6.9803305	-0.81026936	0.053503245	0.8093544299533921	-1.271619876055062	ENSG00000122565.19	CBX3	False
ENST00000698070	11.37045	1.5538772	0.7430395	-0.81083775	0.41061527	0.8325744088101373	-0.3865649089779335	ENSG00000135905.21	DOCK10	False
ENST00000393196	65.50186	3.7095253	2.8986037	-0.81092167	0.16631514	0.8093544299533921	-0.7790682186199006	ENSG00000239672.8	NME1	False
ENST00000587830	23.543175	1.7531843	0.9419943	-0.81119	0.36511263	0.8185742609699567	-0.4375731406580552	ENSG00000079805.19	DNM2	False
ENST00000535847	121.55038	4.538384	3.7259994	-0.8123846	0.14357881	0.8093544299533921	-0.8429096429762281	ENSG00000129562.11	DAD1	True
ENST00000448187	131.09738	2.7487974	1.9363664	-0.812431	0.62199664	0.8967648830813091	-0.20621196053430266	ENSG00000205531.14	NAP1L4	False
ENST00000681936	2270.138	8.890534	8.077213	-0.8133211	0.16706888	0.8093544299533921	-0.7771044289962198	ENSG00000105835.13	NAMPT	False
ENST00000522557	58.151234	3.6428788	2.8294306	-0.8134482	0.07378906	0.8093544299533921	-1.132008021422431	ENSG00000124097.8	HMGB1P1	False
ENST00000442081	54.946434	2.8300037	2.0155544	-0.8144493	0.27376068	0.8093544299533921	-0.5626289347847697	ENSG00000095951.18	HIVEP1	False
ENST00000537468	246.6117	5.4501157	4.6354146	-0.8147011	0.28310058	0.8102614157364052	-0.548059248226932	ENSG00000151948.12	GLT1D1	False
ENST00000438962	24.746052	1.6755538	0.8601896	-0.8153642	0.38854358	0.8259378738446596	-0.4105602670664253	ENSG00000099917.17	MED15	False
ENST00000450241	100.430824	4.18154	3.3660476	-0.8154924	0.1580686	0.8093544299533921	-0.801154400571671	ENSG00000197782.15	ZNF780A	False
ENST00000258530	12.9969	1.7636129	0.94804376	-0.8155691	0.53077805	0.8648242843919811	-0.27508704507176124	ENSG00000136044.12	APPL2	False
ENST00000376420	13.2	1.6735802	0.85779536	-0.8157848	0.36643732	0.8186019133048914	-0.43600030661444045	ENSG00000137404.15	NRM	False
ENST00000257981	8.34902	1.3179184	0.50095683	-0.8169616	0.2729859	0.8093544299533921	-0.5638597755276576	ENSG00000135519.8	KCNH3	False
ENST00000262646	421.41583	6.26502	5.447888	-0.817132	0.0483823	0.8093544299533921	-1.315313482041516	ENSG00000104388.15	RAB2A	False
ENST00000529720	17.82664	1.644056	0.8263918	-0.81766415	0.4846483	0.8524822256628279	-0.3145733176818227	ENSG00000100697.17	DICER1	False
ENST00000507777	28.122711	1.7097788	0.8917773	-0.8180015	0.4414621	0.8447005539480331	-0.3551065755788284	ENSG00000184432.11	COPB2	False
ENST00000435962	323.52768	5.66861	4.850312	-0.81829786	0.18828066	0.8093544299533921	-0.7251942950572813	ENSG00000165929.13	TC2N	False
ENST00000456847	37.575706	2.8686059	2.0501986	-0.8184073	0.42230007	0.838029552988072	-0.3743788460478009	ENSG00000111605.18	CPSF6	False
ENST00000287899	85.93124	3.8660138	3.047071	-0.8189428	0.5174005	0.8587697515903885	-0.2861731532791508	ENSG00000215883.11	CYB5RL	False
ENST00000529639	1109.4972	7.604704	6.78565	-0.8190541	0.15207595	0.8093544299533921	-0.8179394723494178	ENSG00000149806.11	FAU	False
ENST00000368737	419.2	6.161497	5.3417597	-0.81973743	0.35318524	0.8173803121090482	-0.4519974587200739	ENSG00000163221.9	S100A12	True
ENST00000472403	26.57034	2.2237422	1.4037092	-0.8200331	0.45206207	0.8472077019271466	-0.34480193030294987	ENSG00000180336.18	MEIOC	False
ENST00000333926	191.7	5.0255427	4.2051125	-0.8204303	0.19154623	0.8093544299533921	-0.7177263879318535	ENSG00000122873.12	CISD1	False
ENST00000509931	135.05759	4.4909873	3.6705117	-0.8204756	0.3241538	0.8142173533113395	-0.4892488684821285	ENSG00000172262.12	ZNF131	True
ENST00000512884	29.477945	1.6782274	0.85766315	-0.82056427	0.45609248	0.8473426594424552	-0.3409470913015777	ENSG00000138772.13	ANXA3	False
ENST00000420999	23.0	2.2944686	1.4737462	-0.82072246	0.23642907	0.8093544299533921	-0.6262991344086747	ENSG00000183690.13	EFHC2	False
ENST00000409537	93.2	4.287829	3.4667408	-0.8210881	0.107040234	0.8093544299533921	-0.9704529505315245	ENSG00000119862.13	LGALSL	False
ENST00000296657	62.1	3.5721996	2.7509987	-0.82120085	0.23480447	0.8093544299533921	-0.629293646351199	ENSG00000164236.12	ANKRD33B	False
ENST00000316626	84.77648	3.3351672	2.5139277	-0.8212395	0.51178366	0.8573422501952089	-0.2909135846474333	ENSG00000082701.17	GSK3B	False
ENST00000435510	20.464088	1.9552113	1.1339617	-0.8212496	0.41623282	0.836040960566025	-0.3806636740971119	ENSG00000148572.16	NRBF2	False
ENST00000488746	277.03506	5.3007483	4.479013	-0.8217354	0.50492346	0.8558786284660064	-0.2967744479671528	ENSG00000113811.12	SELENOK	False
ENST00000437150	3657.6726	9.295689	8.473673	-0.82201576	0.090540946	0.8093544299533921	-1.043154974427797	ENSG00000115271.11	GCA	False
ENST00000652689	530.2679	6.1633606	5.3409877	-0.8223729	0.2909958	0.8109740254625081	-0.5361132695924778	ENSG00000124795.17	DEK	False
ENST00000398692	29.320866	2.2336519	1.4094743	-0.8241776	0.4957096	0.8537766521893764	-0.30477267208524506	ENSG00000173933.21	RBM4	False
ENST00000479961	11.715723	1.566412	0.74081504	-0.8255969	0.25193685	0.8093544299533921	-0.5987082999320296	ENSG00000259332.3	ST20-MTHFS	False
ENST00000481629	12.742925	1.130795	0.30518454	-0.82561046	0.27598462	0.8093544299533921	-0.5591151272421377	ENSG00000162244.12	RPL29	True
ENST00000328880	156.93404	4.6705585	3.8446681	-0.8258903	0.2734877	0.8093544299533921	-0.5630622215797836	ENSG00000182782.8	HCAR2	False
ENST00000700519	358.6402	5.96382	5.137916	-0.8259039	0.5467118	0.8693177891645862	-0.2622415504037785	ENSG00000115760.16	BIRC6	False
ENST00000552515	15.287386	1.8037359	0.9775462	-0.82618964	0.39254877	0.8283759992706762	-0.40610637942514144	ENSG00000092140.16	G2E3	False
ENST00000699816	36.378155	2.4724963	1.6462363	-0.82626	0.38758323	0.8256180560282006	-0.4116350268438204	ENSG00000122512.17	PMS2	False
ENST00000504148	120.21234	4.3506193	3.524351	-0.82626843	0.23124887	0.8093544299533921	-0.6359203798442711	ENSG00000150779.12	TIMM8B	True
ENST00000392365	19.843092	1.9673411	1.1395391	-0.82780194	0.37371472	0.8216366408512873	-0.4274598012064325	ENSG00000003436.16	TFPI	False
ENST00000376834	72.92005	3.7732823	2.9444551	-0.82882714	0.26144025	0.8093544299533921	-0.582627554346744	ENSG00000156017.13	CARNMT1	False
ENST00000605930	18.0	1.489663	0.65921664	-0.83044636	0.43256578	0.842100465199608	-0.3639478418066595	ENSG00000096433.11	ITPR3	False
ENST00000326335	22.512173	1.5667747	0.73624194	-0.8305328	0.52008563	0.8598914154459482	-0.2839251433053533	ENSG00000139842.15	CUL4A	False
ENST00000599883	34.706333	3.2171662	2.386573	-0.8305931	0.21340832	0.8093544299533921	-0.6707886507237153	ENSG00000105127.10	AKAP8	False
ENST00000403422	46.750263	3.1156073	2.2849746	-0.8306327	0.42060703	0.837574130271926	-0.3761234724133678	ENSG00000154328.16	NEIL2	False
ENST00000175091	358.4	6.074119	5.243417	-0.8307023	0.037964467	0.8093544299533921	-1.420622693462522	ENSG00000068697.7	LAPTM4A	False
ENST00000696129	28.908188	2.1013138	1.2705102	-0.83080363	0.46912235	0.8496539504698483	-0.32871387563477966	ENSG00000176896.9	TCEANC	False
ENST00000420613	86.48081	3.6490982	2.8179042	-0.8311939	0.369912	0.8194459451468774	-0.43190158162775455	ENSG00000139620.13	KANSL2	False
ENST00000392982	86.32274	3.8754146	3.044171	-0.8312435	0.24658604	0.8093544299533921	-0.6080315143956914	ENSG00000165816.13	VWA2	False
ENST00000380490	821.3	7.316009	6.484684	-0.83132505	0.010693614	0.8093544299533921	-1.970875481308611	ENSG00000132965.10	ALOX5AP	False
ENST00000368068	17.210495	2.1077785	1.2763157	-0.83146286	0.17499301	0.8093544299533921	-0.7569793026550861	ENSG00000112282.18	MED23	False
ENST00000367089	286.4	5.6765056	4.845039	-0.8314667	0.15393725	0.8093544299533921	-0.8126562750670739	ENSG00000146425.11	DYNLT1	True
ENST00000380241	25.862524	2.2227716	1.3909415	-0.83183014	0.44033787	0.8446156514523803	-0.3562139660864569	ENSG00000047230.15	CTPS2	False
ENST00000617590	24.726612	2.1565506	1.3245701	-0.8319806	0.2715719	0.8093544299533921	-0.5661151621755437	ENSG00000104375.17	STK3	False
ENST00000547435	24.188198	2.0517733	1.2193838	-0.8323895	0.16300015	0.8093544299533921	-0.7878119919021717	ENSG00000175183.10	CSRP2	False
ENST00000446868	34.74685	2.0829403	1.2502859	-0.8326545	0.3178469	0.8118754707110037	-0.49778202777765085	ENSG00000108669.18	CYTH1	False
ENST00000651111	81.9583	2.2429478	1.4101572	-0.8327906	0.6052527	0.8899892143002557	-0.21806327659888208	ENSG00000241489.8	ENSG00000241489	False
ENST00000633227	177714.27	14.815819	13.9828	-0.83301926	0.47501546	0.8500118764885034	-0.32329225414165985	ENSG00000244734.4	HBB	False
ENST00000301522	67.37453	3.8078213	2.974162	-0.8336592	0.5324847	0.865635036834895	-0.2736928580562245	ENSG00000167815.12	PRDX2	False
ENST00000597584	21.0	2.3554933	1.5214391	-0.83405423	0.09562205	0.8093544299533921	-1.0194419599617552	ENSG00000104976.13	SNAPC2	False
ENST00000267884	2121.688	8.630382	7.796067	-0.83431435	0.07094398	0.8093544299533921	-1.1490844423728077	ENSG00000140319.11	SRP14	False
ENST00000700638	78.20075	3.8470116	3.012223	-0.83478856	0.42162627	0.838029552988072	-0.37507233783040017	ENSG00000105223.21	PLD3	False
ENST00000505126	62.574963	3.343601	2.5085225	-0.8350785	0.50830877	0.8558786284660064	-0.2938723986988801	ENSG00000113303.12	BTNL8	False
ENST00000697664	27.477325	2.2877228	1.4519626	-0.83576024	0.44006664	0.844432897631209	-0.35648155695471495	ENSG00000285082.3	ENSG00000285082	False
ENST00000435041	530.7	6.5691547	5.7331185	-0.8360362	0.1551064	0.8093544299533921	-0.8093702946059956	ENSG00000198833.7	UBE2J1	False
ENST00000651911	133.02362	2.126336	1.2897046	-0.83663154	0.6704733	0.9132738921569098	-0.17361852673956438	ENSG00000162923.18	WDR26	False
ENST00000372586	20.2	2.0485375	1.2116879	-0.8368496	0.3300072	0.8142173533113395	-0.48147659066748427	ENSG00000175283.8	DOLK	False
ENST00000337714	57.56919	3.3262799	2.4893215	-0.8369584	0.42828438	0.8406951956600023	-0.3682677676939977	ENSG00000121057.13	AKAP1	False
ENST00000584080	32.322205	2.2989674	1.4619998	-0.8369676	0.536451	0.8666569343588499	-0.27046995529866685	ENSG00000087111.22	PIGS	True
ENST00000399804	35.5	1.8828336	1.0457857	-0.83704793	0.54486185	0.8692662506126195	-0.2637135968641764	ENSG00000156304.15	SCAF4	False
ENST00000360171	162.37921	3.7658787	2.928718	-0.8371606	0.566191	0.8757278909042897	-0.2470370248078302	ENSG00000196873.16	ZNG1C	False
ENST00000309268	10118.817	9.547554	8.710169	-0.8373852	0.5226099	0.8616614641298415	-0.28182237624319617	ENSG00000156508.19	EEF1A1	False
ENST00000613633	46.94136	3.0662222	2.2280464	-0.8381758	0.39825037	0.8298121044971967	-0.39984381071142455	ENSG00000278053.5	DDX52	False
ENST00000325192	44.7	2.85694	2.0184789	-0.83846116	0.31614277	0.8118754707110037	-0.5001167490015012	ENSG00000179476.8	C14orf28	False
ENST00000528264	79.88104	3.980872	3.1406205	-0.84025145	0.50524396	0.8558786284660064	-0.2964988721495351	ENSG00000198382.9	UVRAG	False
ENST00000396014	838.27246	7.151852	6.3112655	-0.84058666	0.11153513	0.8093544299533921	-0.9525883146724015	ENSG00000197006.15	METTL9	False
ENST00000433055	65.898544	2.7851284	1.9439987	-0.84112966	0.41310167	0.8335816422404474	-0.38394304605944946	ENSG00000163923.10	RPL39L	False
ENST00000461690	4498.7275	9.574311	8.733087	-0.8412247	0.29408565	0.8111088466013822	-0.5315261640929577	ENSG00000122026.11	RPL21	True
ENST00000568684	48.243195	3.3112736	2.469622	-0.8416517	0.19088507	0.8093544299533921	-0.719228045305705	ENSG00000198373.13	WWP2	False
ENST00000398864	58.911987	3.075135	2.2323737	-0.8427613	0.49467805	0.8537766521893764	-0.30567735960535247	ENSG00000139154.16	AEBP2	False
ENST00000557489	40.92819	1.9360147	1.0932249	-0.84278977	0.5692252	0.8765854640342583	-0.2447158876902013	ENSG00000118308.16	IRAG2	False
ENST00000353088	79.72885	2.0678115	1.2242221	-0.8435894	0.6540636	0.9075566578674685	-0.1843800312596971	ENSG00000088833.18	NSFL1C	False
ENST00000433197	159.0175	3.7535408	2.9090014	-0.8445394	0.6015811	0.888250341980818	-0.22070581894224228	ENSG00000178607.17	ERN1	False
ENST00000687410	8.799642	1.4227844	0.5782154	-0.844569	0.29039565	0.8109740254625081	-0.5370098975216828	ENSG00000106290.16	TAF6	False
ENST00000283147	149.66298	4.9938145	4.1489162	-0.8448982	0.07237569	0.8093544299533921	-1.140407268295865	ENSG00000153162.9	BMP6	False
ENST00000685613	329.93607	5.91408	5.069114	-0.84496593	0.13235225	0.8093544299533921	-0.8782686783618642	ENSG00000108061.13	SHOC2	False
ENST00000646714	59.72152	2.4880602	1.6429398	-0.84512043	0.54635143	0.8693177891645862	-0.262527913653574	ENSG00000168724.18	DNAJC21	False
ENST00000356897	28.3	2.0667946	1.2215106	-0.845284	0.29741883	0.8111088466013822	-0.5266315350978111	ENSG00000197272.2	IL27	False
ENST00000559098	98.1827	4.054883	3.2095284	-0.84535456	0.50662416	0.8558786284660064	-0.2953141014411641	ENSG00000022976.16	ZNF839	False
ENST00000530705	1676.2854	7.9534416	7.1078496	-0.845592	0.26480532	0.8093544299533921	-0.5770732991113884	ENSG00000133112.17	TPT1	False
ENST00000515434	21.924223	1.9591125	1.1134429	-0.8456696	0.30913728	0.8118754707110037	-0.5098486119307475	ENSG00000065534.20	MYLK	True
ENST00000652755	125.50712	3.323824	2.4780023	-0.8458216	0.6619941	0.9104548772915186	-0.1791458814291761	ENSG00000066926.13	FECH	False
ENST00000393042	104.12378	4.0269074	3.1806972	-0.84621024	0.22199014	0.8093544299533921	-0.6536663182536901	ENSG00000166130.15	IKBIP	False
ENST00000574838	31.21026	2.6552439	1.8082952	-0.8469486	0.38991448	0.8263442143271803	-0.4090306332470342	ENSG00000129235.11	TXNDC17	True
ENST00000706506	119.482346	4.6955447	3.8480334	-0.8475113	0.18038844	0.8093544299533921	-0.7437913075000907	ENSG00000136504.15	KAT7	False
ENST00000233893	163.62985	4.964556	4.1167316	-0.8478246	0.092918545	0.8093544299533921	-1.0318975993461021	ENSG00000115541.11	HSPE1	False
ENST00000595782	25.01504	1.5380068	0.6901688	-0.847838	0.44139063	0.8447005539480331	-0.3551768869114453	ENSG00000130313.7	PGLS	False
ENST00000372661	17.693596	1.861579	1.0119336	-0.8496454	0.3258536	0.8142173533113395	-0.4869774949938259	ENSG00000185222.10	TCEAL9	False
ENST00000262134	259.02618	5.5963645	4.7457504	-0.8506141	0.033029296	0.8093544299533921	-1.4811006894617131	ENSG00000087253.13	LPCAT2	False
ENST00000575423	27.029469	2.3016856	1.4508215	-0.85086405	0.4145298	0.8342271906977036	-0.3824442426997269	ENSG00000121064.13	SCPEP1	True
ENST00000441005	53.949707	2.5873861	1.7346429	-0.85274327	0.3963886	0.8295087282038196	-0.4018788547556232	ENSG00000171055.15	FEZ2	True
ENST00000397496	61.704643	2.6477	1.7945118	-0.8531883	0.58529186	0.8819641855083519	-0.2326275139880159	ENSG00000172590.18	MRPL52	False
ENST00000519597	17.29632	1.528392	0.6751663	-0.85322565	0.3547572	0.8173803121090482	-0.45006879407372563	ENSG00000186106.11	ANKRD46	False
ENST00000674610	27.3782	2.4089975	1.5555623	-0.8534353	0.45131472	0.8472077019271466	-0.34552050375357535	ENSG00000087053.20	MTMR2	False
ENST00000452400	220.60551	5.2476063	4.3935175	-0.8540888	0.37147462	0.8201070021085857	-0.43007084858474387	ENSG00000140396.13	NCOA2	False
ENST00000367818	34.05143	2.6940384	1.8397012	-0.8543372	0.27671096	0.8093544299533921	-0.5579736431871363	ENSG00000143184.5	XCL1	False
ENST00000419493	33.171616	1.8502592	0.9953334	-0.8549258	0.5235093	0.8618517854807809	-0.28107557921789733	ENSG00000064601.21	CTSA	False
ENST00000494695	23.594196	1.5752722	0.7202321	-0.8550401	0.3952894	0.8290075231731883	-0.4030848410345127	ENSG00000214114.9	MYCBP	False
ENST00000695775	191.70175	4.987579	4.1323304	-0.85524845	0.21500625	0.8093544299533921	-0.6675489211591679	ENSG00000067064.13	IDI1	False
ENST00000675048	82.03926	2.2788932	1.4232367	-0.8556565	0.5625078	0.8744884066712214	-0.2498714447040412	ENSG00000125944.22	HNRNPR	False
ENST00000409236	82.451965	3.4494903	2.593064	-0.85642624	0.51574767	0.8587697515903885	-0.2875627284342575	ENSG00000144218.21	AFF3	False
ENST00000509236	110.233055	4.232763	3.3762221	-0.8565407	0.43808314	0.8433183549556639	-0.3584434586659943	ENSG00000087206.17	UIMC1	False
ENST00000400288	256.48047	5.558414	4.7016363	-0.85677767	0.11839648	0.8093544299533921	-0.9266611969313476	ENSG00000198089.16	SFI1	False
ENST00000338435	138.726	4.3183675	3.4615872	-0.8567803	0.25147542	0.8093544299533921	-0.5995044516718137	ENSG00000115419.14	GLS	False
ENST00000541571	35.158215	2.7920141	1.9348985	-0.8571156	0.18278427	0.8093544299533921	-0.7380611713650893	ENSG00000182149.21	IST1	False
ENST00000353245	8.62453	1.549652	0.69209546	-0.8575565	0.4286675	0.8407629197723834	-0.36787945633197344	ENSG00000164924.18	YWHAZ	False
ENST00000586260	9.131736	1.3539128	0.49605596	-0.85785687	0.18992296	0.8093544299533921	-0.7214225329142867	ENSG00000081665.14	ZNF506	False
ENST00000642928	23.35319	2.6581447	1.7997384	-0.8584063	0.2533962	0.8093544299533921	-0.5961998798304587	ENSG00000085063.18	CD59	True
ENST00000394199	74.925354	3.9223883	3.063418	-0.8589704	0.47411907	0.8500118764885034	-0.3241125787249319	ENSG00000119408.17	NEK6	False
ENST00000601643	11.625967	1.3924993	0.53312856	-0.85937077	0.2079495	0.8093544299533921	-0.6820421106394292	ENSG00000213020.10	ZNF611	True
ENST00000382689	1027.509	6.5501747	5.690727	-0.8594475	0.6172153	0.894947108003435	-0.2095633339081162	ENSG00000240247.8	DEFA1B	False
ENST00000262651	218.81596	5.256383	4.3962092	-0.8601737	0.043050084	0.8093544299533921	-1.3660259941532393	ENSG00000101336.18	HCK	True
ENST00000349995	55.648018	3.1725376	2.3117285	-0.8608091	0.33694643	0.8158433703746901	-0.47243914349280774	ENSG00000136152.15	COG3	False
ENST00000263168	954.5	7.23935	6.3779345	-0.8614154	0.137269	0.8093544299533921	-0.8624275137402682	ENSG00000116489.13	CAPZA1	False
ENST00000326624	48.497906	3.232194	2.370204	-0.86199	0.11407034	0.8093544299533921	-0.9428272602122053	ENSG00000177485.7	ZBTB33	False
ENST00000508629	5.5338626	0.8621991	0.0	-0.8621991	0.055007424	0.8093544299533921	-1.2595786909802575	ENSG00000145723.17	GIN1	False
ENST00000453452	11.442432	1.1040143	0.24106579	-0.8629485	0.1608471	0.8093544299533921	-0.7935867712081365	ENSG00000051620.11	HEBP2	False
ENST00000368046	487.0896	6.042179	5.1782446	-0.8639345	0.31356663	0.8118754707110037	-0.5036701682398969	ENSG00000117091.10	CD48	False
ENST00000422163	38.724163	2.9376514	2.0734835	-0.8641679	0.41552716	0.8353745163315286	-0.38140057910924474	ENSG00000114353.17	GNAI2	False
ENST00000377059	48.81905	2.801796	1.9373201	-0.86447585	0.5498172	0.8698453977153369	-0.25978167465655705	ENSG00000078403.17	MLLT10	False
ENST00000337989	29.63475	2.2621286	1.3974929	-0.8646357	0.47530255	0.8500118764885034	-0.32302985825085656	ENSG00000099991.18	CABIN1	False
ENST00000450116	2574.0374	8.728898	7.8638654	-0.8650327	0.20362692	0.8093544299533921	-0.6911648166287762	ENSG00000171858.18	RPS21	False
ENST00000514384	28.9	2.3013074	1.43606	-0.8652475	0.29387328	0.8111088466013822	-0.5318398993017751	ENSG00000250317.9	SMIM20	False
ENST00000359158	1530.5015	7.9376216	7.0715685	-0.8660531	0.18492536	0.8093544299533921	-0.7330035213750268	ENSG00000101745.17	ANKRD12	True
ENST00000694870	29.967478	2.0778565	1.2117684	-0.86608815	0.4028333	0.830273436445602	-0.3948746221670267	ENSG00000161040.19	FBXL13	False
ENST00000256433	145.11984	4.7049026	3.8377728	-0.8671298	0.09686551	0.8093544299533921	-1.0138308197195833	ENSG00000134049.6	IER3IP1	False
ENST00000392621	129.5	4.3988023	3.5315986	-0.8672037	0.12317259	0.8093544299533921	-0.9094859311663722	ENSG00000178789.9	CD300LB	False
ENST00000296522	17.508429	1.9791552	1.1117696	-0.8673856	0.38233048	0.823716002720574	-0.41756108108484385	ENSG00000164120.14	HPGD	False
ENST00000671528	8.10632	0.8678	0.0	-0.8678	0.09822297	0.8093544299533921	-1.0077869338460705	ENSG00000085999.13	RAD54L	False
ENST00000227758	74.38528	3.6715562	2.803522	-0.8680341	0.34377524	0.81719736681995	-0.46372540281959473	ENSG00000110330.10	BIRC2	False
ENST00000378088	56.12565	3.379176	2.5107408	-0.86843514	0.40059692	0.8298121044971967	-0.3972923977182793	ENSG00000070610.14	GBA2	False
ENST00000599561	1137.8405	7.6674614	6.7984934	-0.868968	0.175968	0.8093544299533921	-0.7545662865650188	ENSG00000142534.7	RPS11	False
ENST00000304312	72.9951	3.8484209	2.9792075	-0.86921334	0.14202522	0.8093544299533921	-0.8476345372270053	ENSG00000169020.10	ATP5ME	False
ENST00000298299	140.5	4.541322	3.6719956	-0.8693266	0.26279578	0.8093544299533921	-0.580381619396541	ENSG00000165512.5	ZNF22	False
ENST00000652648	139.46951	4.4297867	3.5603352	-0.8694515	0.5551742	0.8723568062898063	-0.2555707465365324	ENSG00000213516.10	RBMXL1	False
ENST00000653642	73.931076	3.1585538	2.2887783	-0.86977553	0.6199928	0.8962923551817317	-0.20761335912994489	ENSG00000157557.13	ETS2	False
ENST00000313401	49.0	3.1825297	2.3127475	-0.8697822	0.09827291	0.8093544299533921	-1.007566173941842	ENSG00000176749.9	CDK5R1	False
ENST00000278175	76.3	3.7483332	2.8783944	-0.86993885	0.33809504	0.8164192321363181	-0.4709612015932825	ENSG00000148926.10	ADM	False
ENST00000491699	14.864721	2.0456917	1.17574	-0.8699517	0.16704524	0.8093544299533921	-0.7771659065414784	ENSG00000058063.16	ATP11B	False
ENST00000509008	20.55447	2.200668	1.3306761	-0.869992	0.38975218	0.8261919405169591	-0.4092114476801099	ENSG00000155329.12	ZCCHC10	False
ENST00000486637	51.280373	3.42758	2.5570183	-0.87056184	0.08225717	0.8093544299533921	-1.0848262546189444	ENSG00000116922.15	AIRIM	False
ENST00000672037	216.37936	5.3452377	4.4744015	-0.87083626	0.20785595	0.8093544299533921	-0.6822375290837277	ENSG00000204397.10	CARD16	False
ENST00000389386	60.921375	3.4846542	2.6133897	-0.87126446	0.41426408	0.834214748032089	-0.3827227188155726	ENSG00000075399.14	VPS9D1	False
ENST00000326595	24.409718	1.6585573	0.7872352	-0.8713221	0.47502646	0.8500118764885034	-0.3232821999302502	ENSG00000180376.17	CCDC66	False
ENST00000585392	87.45051	4.0727873	3.2013948	-0.8713925	0.16629522	0.8093544299533921	-0.7791202457731286	ENSG00000125743.11	SNRPD2	False
ENST00000679632	123.403915	4.603209	3.7316175	-0.87159157	0.11873739	0.8093544299533921	-0.9254124938727175	ENSG00000152778.10	IFIT5	True
ENST00000690876	59.08114	3.1356633	2.2634125	-0.8722508	0.45743117	0.8478742186373767	-0.33967424778981503	ENSG00000115904.15	SOS1	False
ENST00000593442	30.64353	2.6268408	1.7544792	-0.87236166	0.39667764	0.8296606762298866	-0.4015622758782262	ENSG00000042753.12	AP2S1	False
ENST00000481909	37.9	2.4191804	1.5465608	-0.8726196	0.28163835	0.810159386210085	-0.5503082024287387	ENSG00000119965.13	C10orf88	False
ENST00000350028	58.2	3.6934547	2.820832	-0.8726227	0.15515144	0.8093544299533921	-0.8092441845236545	ENSG00000100347.15	SAMM50	False
ENST00000614088	30.8	2.6971846	1.8230584	-0.8741262	0.2686796	0.8093544299533921	-0.5707653246609055	ENSG00000197062.12	ZSCAN26	False
ENST00000246802	19.316366	1.811139	0.9369327	-0.8742063	0.27620655	0.8093544299533921	-0.5587660220270975	ENSG00000105373.19	NOP53	False
ENST00000513349	42.666584	2.8831139	2.008311	-0.8748028	0.49129993	0.8537766521893764	-0.3086533001875728	ENSG00000113360.17	DROSHA	False
ENST00000496698	25.86106	2.4625256	1.5877142	-0.8748114	0.46189666	0.8481416265840513	-0.3354551800826352	ENSG00000186591.13	UBE2H	False
ENST00000452676	32.94558	2.8072145	1.9316494	-0.87556505	0.03486473	0.8093544299533921	-1.4576136796032357	ENSG00000197937.13	ZNF347	False
ENST00000241704	190.54192	3.2528865	2.3767421	-0.8761444	0.67512655	0.9142632374641173	-0.1706148109669211	ENSG00000122218.17	COPA	False
ENST00000636009	35.93963	1.3563765	0.4799657	-0.87641084	0.42271966	0.8382696293007162	-0.3739475560247382	ENSG00000104763.20	ASAH1	False
ENST00000474957	40.134663	2.6881769	1.8101742	-0.87800264	0.44482842	0.8456860763700531	-0.3518074726941356	ENSG00000137941.17	TTLL7	False
ENST00000555694	6.8463073	1.2098346	0.33162516	-0.8782094	0.086908676	0.8093544299533921	-1.0609368675824558	ENSG00000119640.9	ACYP1	True
ENST00000674961	5.799073	1.2305738	0.3523067	-0.87826705	0.23463507	0.8093544299533921	-0.62960707510813	ENSG00000153944.12	MSI2	True
ENST00000342203	41.329807	3.197829	2.3195543	-0.8782747	0.08421339	0.8093544299533921	-1.074618844940696	ENSG00000117155.17	SSX2IP	False
ENST00000528880	205.76596	5.2987957	4.42021	-0.8785858	0.07109558	0.8093544299533921	-1.1481574083862165	ENSG00000255398.3	HCAR3	False
ENST00000542931	36.87078	3.1508749	2.272138	-0.87873673	0.29008546	0.8109740254625081	-0.5374740318033411	ENSG00000241186.10	CRIPTO	False
ENST00000680107	18.98442	2.0749521	1.1960477	-0.87890446	0.22824077	0.8093544299533921	-0.6416067703354601	ENSG00000225830.16	ERCC6	False
ENST00000572252	14.816992	1.5746698	0.6956303	-0.8790395	0.20508172	0.8093544299533921	-0.6880730569215191	ENSG00000180096.13	SEPTIN1	False
ENST00000607062	29.503775	2.6609516	1.7812653	-0.87968636	0.2687929	0.8093544299533921	-0.5705822111890718	ENSG00000138381.10	ASNSD1	False
ENST00000397176	69.439835	3.9121869	3.032085	-0.8801019	0.45854637	0.8478742186373767	-0.33861673996520353	ENSG00000065675.16	PRKCQ	False
ENST00000445132	46.15943	3.0159314	2.1356945	-0.88023686	0.3430004	0.81719736681995	-0.46470535831377296	ENSG00000121807.7	CCR2	False
ENST00000469520	105.573875	4.3639984	3.4836822	-0.88031626	0.2605848	0.8093544299533921	-0.5840509180370765	ENSG00000162813.18	BPNT1	False
ENST00000678234	1053.808	7.414994	6.534198	-0.88079596	0.15708509	0.8093544299533921	-0.8038650323865609	ENSG00000136888.8	ATP6V1G1	False
ENST00000518677	14.32406	1.5225447	0.6409013	-0.8816434	0.38520795	0.8242482227560738	-0.4143047571921006	ENSG00000155506.19	LARP1	False
ENST00000514708	55.86904	2.6072323	1.7254298	-0.88180256	0.54735214	0.8693177891645862	-0.2617331834247368	ENSG00000090316.16	MAEA	False
ENST00000546192	104.526146	4.2593646	3.3772888	-0.8820758	0.2839865	0.8103610639894862	-0.5467022911951614	ENSG00000176383.9	B3GNT4	False
ENST00000277165	227.20537	4.295345	3.4128022	-0.8825426	0.59698635	0.8865304657230172	-0.22403559636134737	ENSG00000048828.18	FAM120A	False
ENST00000586895	294.21255	5.8492475	4.9646716	-0.88457584	0.12528706	0.8093544299533921	-0.9020937958176385	ENSG00000198258.11	UBL5	False
ENST00000487832	395.50668	5.959269	5.07463	-0.88463926	0.20125785	0.8093544299533921	-0.6962471609658712	ENSG00000111832.13	RWDD1	False
ENST00000673992	37.599903	1.7882987	0.9029998	-0.8852989	0.4886062	0.8530497344797782	-0.3110410135884933	ENSG00000288558.3	DUS4L-BCAP29	False
ENST00000589332	17.680893	2.082114	1.1967793	-0.88533473	0.15670054	0.8093544299533921	-0.8049295163214764	ENSG00000186496.12	ZNF396	False
ENST00000373127	41.164692	2.355485	1.4697206	-0.88576436	0.46970645	0.8496539504698483	-0.3281734798132209	ENSG00000161911.12	TREML1	False
ENST00000551869	92.10875	3.50336	2.6174128	-0.8859472	0.47570083	0.8500706241453692	-0.3226660949763836	ENSG00000183484.12	GPR132	False
ENST00000471368	78.07872	3.5754788	2.6882253	-0.8872535	0.21584187	0.8093544299533921	-0.6658642960223703	ENSG00000009790.15	TRAF3IP3	True
ENST00000409141	14.572342	1.9163437	1.0285057	-0.887838	0.28991708	0.8109740254625081	-0.5377261957396156	ENSG00000120913.24	PDLIM2	False
ENST00000652295	109.55459	4.0847106	3.1961954	-0.88851523	0.43827683	0.8433400629331205	-0.35825149084827007	ENSG00000164047.6	CAMP	False
ENST00000380430	25.842037	2.062835	1.1743171	-0.88851786	0.40915546	0.8323007445595858	-0.3881116508779677	ENSG00000124588.22	NQO2	False
ENST00000331552	37.449593	2.2999713	1.4104323	-0.889539	0.379114	0.8231329589941108	-0.4212301752822981	ENSG00000184162.15	NR2C2AP	False
ENST00000243457	259.09946	5.5115905	4.6216516	-0.88993883	0.045415998	0.8093544299533921	-1.3427911426395027	ENSG00000123700.5	KCNJ2	False
ENST00000629346	15.846057	1.4207252	0.5305357	-0.8901895	0.26691574	0.8093544299533921	-0.5736258174524318	ENSG00000173575.24	CHD2	True
ENST00000696015	42.835625	3.0479324	2.1576855	-0.89024687	0.54858303	0.869551883612418	-0.26075763053943074	ENSG00000163798.14	SLC4A1AP	False
ENST00000567312	7.4678407	0.89109325	0.0	-0.89109325	0.13219935	0.8093544299533921	-0.878770689983968	ENSG00000167515.11	TRAPPC2L	False
ENST00000564959	20.277746	1.8359246	0.9438236	-0.89210105	0.49535576	0.8537766521893764	-0.30508278696713964	ENSG00000103534.17	TMC5	False
ENST00000575515	50.575672	3.3284776	2.435815	-0.8926625	0.12625326	0.8093544299533921	-0.8987573916588608	ENSG00000080986.13	NDC80	False
ENST00000379599	43.993855	2.266413	1.3735656	-0.8928474	0.41360745	0.833681742740497	-0.3834116489673021	ENSG00000188811.14	NHLRC3	False
ENST00000700544	33.21741	2.0153449	1.12178	-0.8935648	0.5560397	0.8725429329491033	-0.25489420670101354	ENSG00000108559.13	NUP88	False
ENST00000325658	53.88429	3.4578924	2.5636518	-0.8942406	0.010092665	0.8093544299533921	-1.9959941228024984	ENSG00000100614.18	PPM1A	False
ENST00000623242	11.761404	1.5103024	0.61565566	-0.89464676	0.3003701	0.8118754707110037	-0.5223433049723561	ENSG00000085224.23	ATRX	True
ENST00000345999	168.15442	4.78145	3.8856344	-0.8958154	0.1818509	0.8093544299533921	-0.7402845564919117	ENSG00000111729.15	CLEC4A	False
ENST00000296595	94.311356	4.2393003	3.3431904	-0.8961098	0.14411548	0.8093544299533921	-0.8412893740623683	ENSG00000164180.14	TMEM161B	False
ENST00000390655	389.27426	6.319605	5.4232135	-0.8963914	0.1826278	0.8093544299533921	-0.7384331193537804	ENSG00000172116.23	CD8B	False
ENST00000337002	561.39075	6.6903896	5.7937827	-0.8966069	0.15158659	0.8093544299533921	-0.8193392102619257	ENSG00000008952.17	SEC62	False
ENST00000695118	16.84403	2.3478613	1.4509878	-0.8968735	0.4123221	0.8334373536331832	-0.38476338269073024	ENSG00000173230.17	GOLGB1	True
ENST00000651335	10.084753	1.1968867	0.2996627	-0.89722395	0.15398005	0.8093544299533921	-0.8125355535255261	ENSG00000157168.22	NRG1	False
ENST00000180173	28.363598	2.4857395	1.5882839	-0.8974556	0.23550078	0.8093544299533921	-0.6280076450787322	ENSG00000003987.14	MTMR7	False
ENST00000484897	3130.0664	9.096988	8.199411	-0.89757633	0.12931348	0.8093544299533921	-0.8883561878071627	ENSG00000288920.1	RPSA2	False
ENST00000256255	1166.98	7.788471	6.8906403	-0.89783096	0.08373507	0.8093544299533921	-1.0770926064640836	ENSG00000133872.14	SARAF	False
ENST00000402506	17.241657	1.4313351	0.5329349	-0.8984002	0.31525838	0.8118754707110037	-0.50133335529145	ENSG00000106003.14	LFNG	False
ENST00000436344	32.5	1.6194324	0.7207008	-0.89873165	0.41359842	0.833681742740497	-0.3834211308251065	ENSG00000108244.17	KRT23	False
ENST00000683715	10.528094	1.4743996	0.5753572	-0.89904237	0.24480388	0.8093544299533921	-0.6111817108109071	ENSG00000147133.18	TAF1	False
ENST00000676508	102.03036	4.1481175	3.2490203	-0.8990972	0.0823905	0.8093544299533921	-1.0841228505041234	ENSG00000138398.17	PPIG	False
ENST00000565301	48.02202	3.4361	2.5342143	-0.90188575	0.23621914	0.8093544299533921	-0.6266849198015892	ENSG00000102908.23	NFAT5	True
ENST00000402472	45.279713	2.9035597	2.001255	-0.90230465	0.26332167	0.8093544299533921	-0.5795134027002264	ENSG00000073150.14	PANX2	False
ENST00000370867	53.305286	1.8508167	0.94762254	-0.9031942	0.51814044	0.8589934435588001	-0.28555251443518714	ENSG00000162623.16	TYW3	False
ENST00000502735	38.2426	1.5744504	0.6709923	-0.90345806	0.48697066	0.8529381765683051	-0.31249720151696975	ENSG00000087269.16	NOP14	False
ENST00000679761	171.84457	4.436937	3.533421	-0.9035158	0.53764683	0.8669369265370219	-0.26950291041478525	ENSG00000177119.17	ANO6	False
ENST00000265344	23.274189	1.7862433	0.88252854	-0.9037148	0.4376887	0.8431273635154642	-0.3588346573711908	ENSG00000112078.14	KCTD20	False
ENST00000395860	71.7	3.161013	2.2562969	-0.904716	0.31416863	0.8118754707110037	-0.502837178990928	ENSG00000100483.14	VCPKMT	False
ENST00000502271	23.68199	2.4163358	1.511323	-0.90501285	0.21531428	0.8093544299533921	-0.6669271580897386	ENSG00000185305.12	ARL15	False
ENST00000648095	14.099965	1.5203425	0.6152841	-0.9050584	0.37433213	0.8216366408512873	-0.4267428945969842	ENSG00000167851.15	CD300A	False
ENST00000699075	197.42546	4.9312296	4.025572	-0.90565777	0.22824095	0.8093544299533921	-0.6416064300900539	ENSG00000162368.15	CMPK1	False
ENST00000399976	428.90625	6.225926	5.320142	-0.90578413	0.39667514	0.8296606762298866	-0.40156501667826666	ENSG00000156256.15	USP16	False
ENST00000650385	5994.202	10.113348	9.207274	-0.9060736	0.14399616	0.8093544299533921	-0.8416490765699796	ENSG00000162747.13	FCGR3B	True
ENST00000367510	145.1	4.5892186	3.6830468	-0.9061718	0.17246388	0.8093544299533921	-0.7633018501461559	ENSG00000121481.12	RNF2	False
ENST00000344646	26.3733	2.1696217	1.2632458	-0.9063759	0.30141997	0.8118754707110037	-0.5208279728626178	ENSG00000172671.20	ZFAND4	False
ENST00000534941	24.076445	1.4999243	0.593528	-0.9063963	0.33049127	0.8142173533113395	-0.48084000197305427	ENSG00000174928.16	C3orf33	False
ENST00000643049	420.0124	6.4036603	5.4966574	-0.9070029	0.37479427	0.822029190427276	-0.42620705210195975	ENSG00000168394.13	TAP1	False
ENST00000345795	47.191925	1.8457937	0.9372092	-0.90858454	0.5101773	0.856842337601094	-0.2922788567835055	ENSG00000166734.20	GOLM2	False
ENST00000439602	3839.0	9.156722	8.248038	-0.9086838	0.2236252	0.8093544299533921	-0.6504792618828212	ENSG00000231500.7	RPS18	False
ENST00000305784	12.9	1.4374509	0.52807266	-0.90937823	0.27238354	0.8093544299533921	-0.5648191387777451	ENSG00000168393.13	DTYMK	False
ENST00000303221	348.09833	5.9304924	5.0204496	-0.91004276	0.034121737	0.8093544299533921	-1.466968870236371	ENSG00000170571.12	EMB	False
ENST00000682851	35.22138	2.198401	1.2879881	-0.9104129	0.4338845	0.842654100473947	-0.36262586278119097	ENSG00000124356.17	STAMBP	False
ENST00000552292	2226.942	8.549763	7.63883	-0.91093254	0.13925959	0.8093544299533921	-0.8561748824857633	ENSG00000089157.16	RPLP0	False
ENST00000399852	12.410756	1.2765241	0.36551416	-0.9110099	0.23209925	0.8093544299533921	-0.634326262987414	ENSG00000069998.12	HDHD5	False
ENST00000678501	24.033611	2.1848824	1.2736499	-0.9112325	0.43007386	0.840824720967489	-0.36645695589322325	ENSG00000122566.22	HNRNPA2B1	False
ENST00000564288	127.51912	4.2462373	3.3348908	-0.91134644	0.6183987	0.8953247450941153	-0.20873141381419988	ENSG00000127603.32	MACF1	False
ENST00000455528	122.26259	1.9842553	1.0723343	-0.911921	0.5849446	0.8819641855083519	-0.23288525959747594	ENSG00000159140.23	SON	False
ENST00000246166	26.587414	2.5976367	1.685415	-0.91222167	0.31485662	0.8118754707110037	-0.5018871729039651	ENSG00000257365.8	FNTB	False
ENST00000351698	69.08641	3.2662213	2.353932	-0.9122894	0.4649408	0.8492019855291293	-0.3326023541936399	ENSG00000136827.12	TOR1A	False
ENST00000511184	46.365776	3.3524487	2.4400225	-0.91242623	0.21848294	0.8093544299533921	-0.6605824660152961	ENSG00000109381.21	ELF2	True
ENST00000504926	32.44713	2.5088804	1.5953112	-0.9135692	0.38682827	0.8249689289783401	-0.4124817905575363	ENSG00000168916.16	ZNF608	False
ENST00000643686	28.300663	1.7751082	0.8615355	-0.9135727	0.42172813	0.838029552988072	-0.3749674255423546	ENSG00000170445.16	HARS1	False
ENST00000377227	34.997917	1.6867412	0.7719495	-0.9147917	0.38090518	0.8235211731912858	-0.4191831199144691	ENSG00000087206.17	UIMC1	False
ENST00000534853	62.431286	3.1313899	2.2165427	-0.91484714	0.4275212	0.840169088369937	-0.3690423455551511	ENSG00000115286.21	NDUFS7	True
ENST00000437048	145.42952	4.753167	3.8379383	-0.91522884	0.536285	0.8666569343588499	-0.27060436381052205	ENSG00000141252.21	VPS53	False
ENST00000383463	43.31817	2.5551348	1.6386058	-0.91652894	0.41190484	0.8334373536331832	-0.38520310317712364	ENSG00000183624.14	HMCES	False
ENST00000692776	276.9603	5.5550103	4.638163	-0.9168472	0.4669129	0.8496539504698483	-0.3307641313346607	ENSG00000108061.13	SHOC2	False
ENST00000369408	42.69464	2.688366	1.7665758	-0.9217901	0.3192009	0.8118754707110037	-0.4959358884856382	ENSG00000135299.18	ANKRD6	False
ENST00000648006	1099.2646	7.3198624	6.3965487	-0.9233136	0.2026499	0.8093544299533921	-0.6932535927764999	ENSG00000166710.23	B2M	True
ENST00000449762	112.295166	2.7637339	1.8403999	-0.923334	0.564909	0.8755018923501372	-0.24802152048739848	ENSG00000164830.19	OXR1	False
ENST00000680040	283.57315	3.9246912	3.001336	-0.9233551	0.6851751	0.9173021276178854	-0.16419841494496343	ENSG00000137509.12	PRCP	False
ENST00000646089	70.00923	3.2950783	2.3715346	-0.9235437	0.26947698	0.8093544299533921	-0.5694783284312371	ENSG00000285082.3	ENSG00000285082	True
ENST00000446180	40.48006	2.334967	1.410891	-0.92407584	0.3935612	0.8284185470236078	-0.40498770822131197	ENSG00000138688.17	BLTP1	False
ENST00000548620	289.17023	5.6178207	4.693668	-0.92415285	0.09280182	0.8093544299533921	-1.032443521606909	ENSG00000135655.16	USP15	True
ENST00000683517	24.755222	2.1085696	1.1838374	-0.9247322	0.4375271	0.8431273635154642	-0.35899505165112316	ENSG00000127603.32	MACF1	False
ENST00000630046	24.72356	1.782581	0.85619247	-0.9263885	0.4595786	0.8479586958753978	-0.33764019886004953	ENSG00000140264.22	SERF2	False
ENST00000370812	29.00082	1.6318401	0.704924	-0.9269161	0.4072407	0.831725697822197	-0.3901488366662449	ENSG00000142892.15	PIGK	False
ENST00000416160	122.34392	4.460616	3.5334873	-0.9271288	0.043291457	0.8093544299533921	-1.3635977975252485	ENSG00000198399.16	ITSN2	True
ENST00000292303	37.5	2.5203588	1.5929494	-0.9274094	0.30598322	0.8118754707110037	-0.5143023956918127	ENSG00000160791.14	CCR5	False
ENST00000423571	153.36905	4.922815	3.994645	-0.9281697	0.015246036	0.8093544299533921	-1.8168430459042109	ENSG00000213347.11	MXD3	False
ENST00000699297	58.75297	2.4522235	1.5220895	-0.93013406	0.4824978	0.8514557166319144	-0.316504652340733	ENSG00000116044.17	NFE2L2	False
ENST00000368491	125.28544	1.838561	0.90717477	-0.9313863	0.5718212	0.8771552891618881	-0.24273973771981372	ENSG00000111860.14	CEP85L	False
ENST00000443585	109.2345	4.464059	3.5309916	-0.9330673	0.3000184	0.8117005277911699	-0.5228521094357567	ENSG00000235162.9	C12orf75	True
ENST00000373935	121.6	4.298239	3.3649156	-0.9333236	0.12504365	0.8093544299533921	-0.9029383734569695	ENSG00000151151.6	IPMK	False
ENST00000682836	124.09434	3.6729262	2.7395442	-0.93338203	0.47127596	0.8496539504698483	-0.32672471743686765	ENSG00000137504.15	CREBZF	False
ENST00000371429	24.0	2.1617658	1.2282383	-0.93352747	0.21454781	0.8093544299533921	-0.6684759082275554	ENSG00000058804.12	NDC1	False
ENST00000458496	225.32529	5.3333116	4.3997293	-0.9335823	0.57310176	0.8774993431264995	-0.2417682586088928	ENSG00000110066.16	KMT5B	False
ENST00000616738	8.753048	1.5220689	0.5884607	-0.9336082	0.26424214	0.8093544299533921	-0.5779979181025371	ENSG00000116678.20	LEPR	False
ENST00000237858	360.3802	5.9425626	5.007618	-0.9349446	0.13291337	0.8093544299533921	-0.876431343580605	ENSG00000173221.14	GLRX	False
ENST00000589941	37.762188	1.9278402	0.9927874	-0.9350528	0.5007543	0.8548764927378353	-0.3003753155048238	ENSG00000141646.17	SMAD4	False
ENST00000431933	116.32471	4.403334	3.4680629	-0.93527126	0.49355465	0.8537766521893764	-0.3066647505247318	ENSG00000117682.18	DHDDS	False
ENST00000346166	98.40534	3.8826606	2.9473095	-0.93535113	0.2494834	0.8093544299533921	-0.602958334554189	ENSG00000127870.17	RNF6	False
ENST00000523335	66.98122	3.232589	2.2970238	-0.93556523	0.3613656	0.8185742609699567	-0.44205320843369555	ENSG00000120533.13	ENY2	False
ENST00000707108	108.968605	3.6578758	2.722252	-0.9356239	0.491817	0.8537766521893764	-0.3081964658268956	ENSG00000074266.23	EED	False
ENST00000512736	16.958542	1.5760168	0.6398253	-0.9361915	0.3345926	0.8158433703746901	-0.47548365456346003	ENSG00000183474.16	GTF2H2C	False
ENST00000558871	42.09873	3.0629532	2.1266775	-0.9362757	0.17286241	0.8093544299533921	-0.7622994351098407	ENSG00000128891.17	CCDC32	False
ENST00000400020	2037.9119	8.197251	7.2609615	-0.9362898	0.31320098	0.8118754707110037	-0.5041768871235154	ENSG00000101745.17	ANKRD12	False
ENST00000419036	69.660446	3.453488	2.515799	-0.93768907	0.31162745	0.8118754707110037	-0.5063642974100195	ENSG00000033867.18	SLC4A7	False
ENST00000647060	16.499502	1.2476646	0.30918035	-0.9384842	0.25022167	0.8093544299533921	-0.601675082283326	ENSG00000101849.18	TBL1X	False
ENST00000323570	35.28781	2.495813	1.5566413	-0.93917155	0.22100352	0.8093544299533921	-0.6556008139964391	ENSG00000179387.10	ELMOD2	False
ENST00000673918	26.380564	2.0105448	1.0712764	-0.93926835	0.36393028	0.8185742609699567	-0.438981802476126	ENSG00000272333.8	KMT2B	False
ENST00000321777	22.808964	1.5514122	0.61182874	-0.9395835	0.3188142	0.8118754707110037	-0.49646235936476774	ENSG00000176731.12	RBIS	True
ENST00000260653	54.10359	3.542413	2.6020932	-0.9403198	0.10832108	0.8093544299533921	-0.9652870260965365	ENSG00000138083.5	SIX3	False
ENST00000382708	57.89965	2.648462	1.7079885	-0.94047356	0.38565847	0.8244231157420382	-0.4137971229047989	ENSG00000092010.15	PSME1	False
ENST00000706877	8.30129	0.94071513	0.0	-0.94071513	0.080506876	0.8093544299533921	-1.0941670248551694	ENSG00000176978.15	DPP7	False
ENST00000560898	62.821144	3.1922576	2.2514608	-0.94079685	0.4564935	0.8475631590411424	-0.3405654049485313	ENSG00000137804.14	NUSAP1	False
ENST00000381120	108.87114	3.6433656	2.7015624	-0.9418032	0.47644272	0.8504371505934152	-0.32198930057298714	ENSG00000122033.15	MTIF3	False
ENST00000614476	46.87503	2.814325	1.8724885	-0.9418366	0.50994134	0.8568012854819689	-0.29247977958799415	ENSG00000122085.17	MTERF4	False
ENST00000515447	102.00071	4.101333	3.1594596	-0.94187355	0.45318905	0.8472077019271466	-0.34372059675807276	ENSG00000113593.12	PPWD1	True
ENST00000513295	25.562956	2.3742814	1.4322854	-0.941996	0.28999776	0.8109740254625081	-0.5376053619342045	ENSG00000182923.20	CEP63	False
ENST00000393405	91.59148	3.3152263	2.372569	-0.94265723	0.5791543	0.8799660572403326	-0.23720570538083388	ENSG00000002919.15	SNX11	False
ENST00000580814	12.288763	1.1008	0.15672998	-0.94407004	0.18194558	0.8093544299533921	-0.7400584967870478	ENSG00000074319.13	TSG101	False
ENST00000507721	56.844196	3.4883604	2.5433228	-0.9450376	0.12061982	0.8093544299533921	-0.9185813291139132	ENSG00000152795.18	HNRNPDL	True
ENST00000528619	23274.076	11.763104	10.81767	-0.9454346	0.33174023	0.8144666135725906	-0.47920185815387073	ENSG00000133112.17	TPT1	False
ENST00000321356	437.9331	6.10401	5.158327	-0.945683	0.13576415	0.8093544299533921	-0.8672148893019238	ENSG00000013441.17	CLK1	False
ENST00000691970	33.413086	1.6024741	0.6561716	-0.9463025	0.456655	0.8475631590411424	-0.3404117869280901	ENSG00000141385.12	AFG3L2	False
ENST00000337881	39.182106	2.428055	1.4817474	-0.94630766	0.34812197	0.81719736681995	-0.4582685663852723	ENSG00000171476.23	HOPX	True
ENST00000401042	518.0236	6.52935	5.5829134	-0.9464364	0.17049713	0.8093544299533921	-0.7682829161204214	ENSG00000198160.15	MIER1	False
ENST00000376663	161.26648	4.6293597	3.6829011	-0.9464586	0.20719522	0.8093544299533921	-0.6836202630141109	ENSG00000168283.14	BMI1	False
ENST00000336057	110.2343	4.3833222	3.4363122	-0.94701004	0.48403522	0.8523597503553966	-0.3151230331661741	ENSG00000108840.17	HDAC5	False
ENST00000443185	226.07767	5.1420264	4.193089	-0.9489374	0.08605271	0.8093544299533921	-1.0652354566171158	ENSG00000101493.11	ZNF516	False
ENST00000243347	403.4	6.3466587	5.395631	-0.95102787	0.044637706	0.8093544299533921	-1.3502981312827786	ENSG00000123610.5	TNFAIP6	False
ENST00000518498	24.600214	2.160209	1.2077043	-0.95250463	0.3462812	0.81719736681995	-0.46057108533975255	ENSG00000160180.17	TFF3	True
ENST00000531867	8.489282	1.1154202	0.16146009	-0.9539601	0.1334192	0.8093544299533921	-0.8747816652329841	ENSG00000134644.16	PUM1	False
ENST00000300870	235.7308	5.4035583	4.448781	-0.95477724	0.12550622	0.8093544299533921	-0.9013347425413655	ENSG00000185947.15	ZNF267	False
ENST00000699398	67.9539	3.5704372	2.615282	-0.95515513	0.39615533	0.829430883623299	-0.4021344992383202	ENSG00000203747.13	FCGR3A	False
ENST00000482240	38.15256	3.1788652	2.2234929	-0.95537233	0.3624756	0.8185742609699567	-0.44072121801264297	ENSG00000156500.16	PABIR3	False
ENST00000398870	200.63272	4.7471914	3.7902334	-0.95695806	0.5897323	0.8835878660490217	-0.2293450928647136	ENSG00000078142.14	PIK3C3	False
ENST00000533164	70.32414	3.3467999	2.3897383	-0.9570615	0.31057623	0.8118754707110037	-0.5078317857290833	ENSG00000064703.13	DDX20	False
ENST00000637745	50.28515	2.870135	1.9125109	-0.9576242	0.29632112	0.8111088466013822	-0.5282373878737643	ENSG00000261832.6	ENSG00000261832	False
ENST00000372210	41.88371	3.191599	2.2338696	-0.95772934	0.15077923	0.8093544299533921	-0.8216584720118021	ENSG00000130717.13	UCK1	False
ENST00000611278	11.223554	1.5999299	0.6413161	-0.9586138	0.17335524	0.8093544299533921	-0.7610630348057552	ENSG00000198105.16	ZNF248	True
ENST00000548556	104.622986	4.28793	3.32877	-0.9591601	0.30177823	0.8118754707110037	-0.5203120972158655	ENSG00000135441.8	BLOC1S1	True
ENST00000376840	27.81812	1.7793189	0.820124	-0.95919496	0.42391995	0.8384024579381989	-0.37271614886107607	ENSG00000204634.13	TBC1D8	False
ENST00000358227	183.6	4.990848	4.0293975	-0.9614506	0.14468129	0.8093544299533921	-0.8395876282828395	ENSG00000137038.8	DMAC1	False
ENST00000685068	109.74003	2.428251	1.4660904	-0.9621606	0.61059296	0.8920468181599023	-0.21424820639383235	ENSG00000119321.10	FKBP15	False
ENST00000613459	23.4	2.1814258	1.2190943	-0.96233153	0.34051603	0.81719736681995	-0.4678624375865285	ENSG00000113716.13	HMGXB3	False
ENST00000645072	120.47579	2.6381457	1.6756011	-0.96254456	0.6260788	0.8983561281982678	-0.20337101262687407	ENSG00000115355.18	CCDC88A	False
ENST00000412731	62.031746	2.728894	1.7663081	-0.9625859	0.40028393	0.8298121044971967	-0.39763184203558494	ENSG00000128708.13	HAT1	True
ENST00000714229	101.57779	3.094366	2.1314178	-0.9629483	0.47071525	0.8496539504698483	-0.32724172721398703	ENSG00000187554.15	TLR5	False
ENST00000678997	309.03497	5.9799633	5.0164537	-0.96350956	0.60562724	0.8899892143002557	-0.21779460019723687	ENSG00000147601.15	TERF1	False
ENST00000338631	322.7681	5.9454117	4.9815345	-0.9638772	0.107685536	0.8093544299533921	-0.9678426253347566	ENSG00000100813.15	ACIN1	False
ENST00000517393	11.594799	1.3773851	0.41333985	-0.9640453	0.15597394	0.8093544299533921	-0.8069479541272826	ENSG00000070501.12	POLB	False
ENST00000282018	39.42585	2.3383093	1.3742249	-0.9640844	0.4218237	0.838029552988072	-0.37486901274020346	ENSG00000152207.8	CYSLTR2	False
ENST00000394239	36.615158	2.2249866	1.2608845	-0.964102	0.34209305	0.81719736681995	-0.46585574829050663	ENSG00000108423.15	TUBD1	False
ENST00000257497	121.38495	4.411963	3.4475543	-0.96440864	0.17329231	0.8093544299533921	-0.7612207114528007	ENSG00000135046.14	ANXA1	False
ENST00000579716	96.25316	4.0145283	3.0494533	-0.965075	0.17344218	0.8093544299533921	-0.760845264114675	ENSG00000141030.13	COPS3	True
ENST00000448951	144.82794	4.7101364	3.745018	-0.9651184	0.08300062	0.8093544299533921	-1.08091864943481	ENSG00000115365.13	LANCL1	False
ENST00000584632	38.586693	2.1397388	1.1738975	-0.9658413	0.5464113	0.8693177891645862	-0.2624803470372995	ENSG00000167258.16	CDK12	False
ENST00000648361	56.758392	3.072779	2.1069334	-0.9658456	0.37283304	0.8210406506591547	-0.42848560408919595	ENSG00000204186.11	ZDBF2	True
ENST00000340913	267.34424	5.74214	4.77616	-0.96598005	0.130036	0.8093544299533921	-0.8859364100775797	ENSG00000135486.19	HNRNPA1	False
ENST00000350021	17.099789	1.5970778	0.6310967	-0.9659811	0.36432916	0.8185742609699567	-0.4385060683989311	ENSG00000165264.11	NDUFB6	False
ENST00000711100	28.509161	1.9298574	0.96359044	-0.96626693	0.45497847	0.8473426594424552	-0.3420091578570571	ENSG00000220205.10	VAMP2	False
ENST00000678863	15.88336	1.86384	0.8974975	-0.9663425	0.37666267	0.8226842929596185	-0.4240474175885564	ENSG00000168615.13	ADAM9	True
ENST00000480798	268.9	5.6289153	4.662372	-0.9665432	0.22341569	0.8093544299533921	-0.6508863350979384	ENSG00000077984.6	CST7	False
ENST00000264389	16.912388	2.0272677	1.0606337	-0.96663404	0.31451914	0.8118754707110037	-0.5023529244532978	ENSG00000138663.9	COPS4	False
ENST00000375391	25.374964	1.8832103	0.91639835	-0.96681195	0.27992985	0.8093544299533921	-0.5529507939591782	ENSG00000150403.18	TMCO3	False
ENST00000588311	46.41117	3.2922323	2.3251505	-0.9670818	0.1890233	0.8093544299533921	-0.7234846568092506	ENSG00000189042.14	ZNF567	False
ENST00000676965	46.677353	2.0562255	1.0890504	-0.9671751	0.49490082	0.8537766521893764	-0.3054818242905139	ENSG00000137275.16	RIPK1	False
ENST00000588213	48.61159	2.2924101	1.3238856	-0.9685246	0.4583195	0.8478742186373767	-0.3388316785842867	ENSG00000123144.11	TRIR	False
ENST00000353107	27.340595	1.758851	0.7898494	-0.96900165	0.35075682	0.8172002775093227	-0.45499387096556937	ENSG00000147669.11	POLR2K	True
ENST00000373886	28.699707	2.4002	1.431186	-0.9690139	0.15352932	0.8093544299533921	-0.8138086844046352	ENSG00000122870.12	BICC1	False
ENST00000340157	15.054857	1.399746	0.4301135	-0.96963245	0.14583354	0.8093544299533921	-0.836142590890496	ENSG00000028116.18	VRK2	False
ENST00000414443	232.36711	5.7482905	4.7773337	-0.9709568	0.13339958	0.8093544299533921	-0.8748455509548951	ENSG00000184182.19	UBE2F	False
ENST00000425206	106.72334	4.4702644	3.4984329	-0.97183156	0.36570337	0.8185742609699567	-0.436871032642969	ENSG00000161057.13	PSMC2	False
ENST00000607484	18.208591	2.3437707	1.3715901	-0.9721806	0.21235897	0.8093544299533921	-0.6729293969943311	ENSG00000137288.10	UQCC2	True
ENST00000290178	74.76888	4.086886	3.113938	-0.97294784	0.15591224	0.8093544299533921	-0.8071198017504017	ENSG00000159086.15	PAXBP1	False
ENST00000522915	137.42056	4.834969	3.8618808	-0.97308826	0.3483226	0.81719736681995	-0.45801834640967837	ENSG00000147419.19	CCDC25	False
ENST00000262764	378.0	6.284359	5.311094	-0.9732652	0.024201507	0.8093544299533921	-1.6161575946676283	ENSG00000087157.19	PGS1	False
ENST00000396974	43.19736	2.9400165	1.9666265	-0.97339	0.52391696	0.8620033667213162	-0.2807375427391438	ENSG00000187699.10	C2orf88	True
ENST00000517847	57.872303	3.2040455	2.2305882	-0.97345734	0.32024604	0.8125344285783279	-0.4945162307017413	ENSG00000198363.18	ASPH	False
ENST00000321027	90.66924	2.344189	1.3703474	-0.97384155	0.59328204	0.8850160895712553	-0.22673879566801652	ENSG00000005436.14	GCFC2	False
ENST00000377901	262.48737	4.916557	3.9414895	-0.9750674	0.5172924	0.8587697515903885	-0.28626391865978845	ENSG00000165071.15	TMEM71	False
ENST00000481247	257.82355	2.8225899	1.8469727	-0.9756172	0.6691801	0.9127366894097521	-0.17445698563433729	ENSG00000183826.19	BTBD9	False
ENST00000570330	17.330713	1.4740849	0.4977069	-0.97637796	0.2650919	0.8093544299533921	-0.576603548583263	ENSG00000129235.11	TXNDC17	True
ENST00000616865	174.96628	5.255465	4.2782197	-0.97724533	0.29778054	0.8111088466013822	-0.5261036816613247	ENSG00000162191.14	UBXN1	False
ENST00000379056	5704.047	9.653744	8.676349	-0.97739506	0.30334705	0.8118754707110037	-0.5180602225042319	ENSG00000133112.17	TPT1	False
ENST00000251810	203.07555	5.1648617	4.187066	-0.9777956	0.056916	0.8093544299533921	-1.2447656410600723	ENSG00000048392.13	RRM2B	False
ENST00000341298	25.362946	1.9512901	0.9720283	-0.9792618	0.30214784	0.8118754707110037	-0.5197805125748003	ENSG00000179085.8	DPM3	False
ENST00000634931	37.99938	2.777654	1.7976465	-0.9800074	0.49693063	0.8537766521893764	-0.30370423408112324	ENSG00000080503.25	SMARCA2	False
ENST00000510585	12.9	1.4289149	0.44888404	-0.9800309	0.16905944	0.8093544299533921	-0.7719605726663614	ENSG00000253251.3	SHLD3	False
ENST00000478079	121.93779	3.7550116	2.7749748	-0.98003674	0.568457	0.8763048704299534	-0.24530237556983062	ENSG00000005483.23	KMT2E	False
ENST00000450153	5.59048	1.0486978	0.06839111	-0.98030674	0.055014454	0.8093544299533921	-1.2595231942654648	ENSG00000073737.17	DHRS9	False
ENST00000403140	7.7733946	1.0427747	0.06245378	-0.9803209	0.087724514	0.8093544299533921	-1.056879027615097	ENSG00000163378.14	EOGT	False
ENST00000354161	88.694626	4.1804914	3.2000146	-0.98047686	0.049355574	0.8093544299533921	-1.3066637933492709	ENSG00000146828.18	SLC12A9	False
ENST00000335289	36.27183	1.4684905	0.4880093	-0.98048115	0.3837327	0.823835243286134	-0.4159711834341982	ENSG00000187231.14	SESTD1	True
ENST00000472590	41.71831	2.7479475	1.7673974	-0.98055005	0.45095107	0.8472077019271466	-0.3458705786506536	ENSG00000152804.11	HHEX	False
ENST00000551003	181.17644	4.355168	3.3742075	-0.98096037	0.54236263	0.8679881459035331	-0.26571024167857604	ENSG00000205352.11	PRR13	False
ENST00000473651	11.992783	1.1961635	0.21515018	-0.98101336	0.1482975	0.8093544299533921	-0.828866159733313	ENSG00000081307.15	UBA5	False
ENST00000586277	305.67587	4.6212125	3.6399338	-0.98127866	0.58923393	0.8834335667205534	-0.22971224942880755	ENSG00000131469.15	RPL27	False
ENST00000448752	764.07587	7.176796	6.1949677	-0.9818282	0.049089484	0.8093544299533921	-1.3090115336626427	ENSG00000138398.17	PPIG	False
ENST00000381024	130.47116	4.4158053	3.4337463	-0.982059	0.46527323	0.8492019855291293	-0.33229193316853134	ENSG00000119778.15	ATAD2B	False
ENST00000260810	203.94905	4.9119043	3.929676	-0.9822283	0.5479849	0.8693177891645862	-0.26123141006744865	ENSG00000163781.14	TOPBP1	False
ENST00000456259	8.545852	1.1509839	0.16870807	-0.98227584	0.11870884	0.8093544299533921	-0.9255169333384131	ENSG00000138073.14	PREB	False
ENST00000620173	812.23926	6.124588	5.1415033	-0.9830847	0.67363274	0.9141900609544965	-0.17157681272134168	ENSG00000026297.17	RNASET2	False
ENST00000557519	1993.9603	8.225591	7.242416	-0.9831748	0.28119037	0.8093544299533921	-0.5509995636624964	ENSG00000213741.11	RPS29	False
ENST00000618673	46.58107	2.5334811	1.5491902	-0.98429096	0.40177903	0.8298121044971967	-0.3960127386183448	ENSG00000142765.18	SYTL1	False
ENST00000674355	100.43595	2.9558861	1.9715805	-0.9843056	0.5458045	0.8693177891645862	-0.2629628875577882	ENSG00000168259.17	DNAJC7	False
ENST00000527869	60.752575	2.2482126	1.2633172	-0.98489535	0.5505684	0.8700738757342981	-0.2591887172285892	ENSG00000118058.25	KMT2A	False
ENST00000375231	19.84422	1.9439682	0.958654	-0.9853142	0.28735384	0.8109740254625081	-0.5415829896623501	ENSG00000081386.13	ZNF510	False
ENST00000019317	465.92755	4.937383	3.9506824	-0.9867008	0.69233704	0.9191851717588209	-0.15968243545791752	ENSG00000017797.13	RALBP1	False
ENST00000254801	120.7	2.795418	1.8082409	-0.98717713	0.44459704	0.8456860763700531	-0.35203343728859365	ENSG00000132465.12	JCHAIN	False
ENST00000283943	282.51593	4.9609103	3.973703	-0.9872074	0.5366151	0.866669630156121	-0.2703371320284464	ENSG00000153827.15	TRIP12	False
ENST00000681025	15.905268	1.2110604	0.22312406	-0.9879364	0.21629134	0.8093544299533921	-0.6649608723544724	ENSG00000168214.22	RBPJ	False
ENST00000711037	14.62661	1.8848749	0.8968407	-0.98803425	0.11830068	0.8093544299533921	-0.927012772426845	ENSG00000108946.17	PRKAR1A	False
ENST00000534905	55.14577	3.583577	2.5952888	-0.98828816	0.23796463	0.8093544299533921	-0.6234875895074378	ENSG00000168010.11	ATG16L2	False
ENST00000295238	306.7195	5.7660756	4.776484	-0.9895916	0.20587924	0.8093544299533921	-0.6863874410195699	ENSG00000082258.13	CCNT2	False
ENST00000482345	36.884045	2.0676072	1.0770762	-0.99053097	0.33966622	0.81719736681995	-0.46894764492993357	ENSG00000139505.13	MTMR6	False
ENST00000438607	611.97943	6.6596675	5.668739	-0.99092865	0.09452129	0.8093544299533921	-1.024470352730191	ENSG00000232112.3	TMA7	False
ENST00000262554	40.8733	3.071972	2.0809896	-0.9909823	0.28076836	0.8093544299533921	-0.5516518275399396	ENSG00000090054.16	SPTLC1	False
ENST00000426147	10.057711	0.9913144	0.0	-0.9913144	0.15216196	0.8093544299533921	-0.8176939181103327	ENSG00000141219.16	C17orf80	False
ENST00000695394	43.259075	1.9265828	0.93379444	-0.9927884	0.45413327	0.8472077019271466	-0.342816678255554	ENSG00000131368.9	MRPS25	False
ENST00000381967	190.3809	4.9731565	3.9802186	-0.9929378	0.08133775	0.8093544299533921	-1.0897078456310099	ENSG00000169299.14	PGM2	False
ENST00000378045	56.7	3.5810106	2.5871563	-0.9938543	0.02613081	0.8093544299533921	-1.5828471215357032	ENSG00000069509.6	FUNDC1	False
ENST00000478048	74.56542	3.71171	2.7177439	-0.9939661	0.41296402	0.8335547892968123	-0.3840877891353695	ENSG00000196873.16	ZNG1C	False
ENST00000332896	9.0	1.1203741	0.12585787	-0.9945162	0.104892276	0.8093544299533921	-0.9792564900265107	ENSG00000169372.13	CRADD	False
ENST00000396048	11.098808	1.6841291	0.6886742	-0.9954549	0.05859703	0.8093544299533921	-1.2321244086402763	ENSG00000186446.12	ZNF501	False
ENST00000618265	69.5	2.7023838	1.7069104	-0.9954734	0.3431378	0.81719736681995	-0.46453143662663665	ENSG00000204936.10	CD177	False
ENST00000305218	7.3262496	0.99551314	0.0	-0.99551314	0.049435977	0.8093544299533921	-1.3059568794319545	ENSG00000168439.17	STIP1	False
ENST00000368738	14396.3	11.463162	10.467544	-0.9956188	0.06436106	0.8093544299533921	-1.1913768241747738	ENSG00000163220.11	S100A9	True
ENST00000285896	122.101074	4.03272	3.03703	-0.9956901	0.19518754	0.8093544299533921	-0.7095479119568198	ENSG00000155508.14	CNOT8	False
ENST00000434928	60.40957	3.6064746	2.6104753	-0.99599934	0.08874073	0.8093544299533921	-1.0518770089012228	ENSG00000073282.14	TP63	True
ENST00000602858	72.27226	3.3941214	2.3980393	-0.99608207	0.28070837	0.8093544299533921	-0.5517446336189309	ENSG00000134248.14	LAMTOR5	True
ENST00000649708	23.66935	2.3713949	1.3751466	-0.99624825	0.3237129	0.8142173533113395	-0.48984001317708764	ENSG00000253710.5	ALG11	False
ENST00000426297	14.237816	1.7296652	0.7322259	-0.99743927	0.13774693	0.8093544299533921	-0.8609180712113408	ENSG00000142330.20	CAPN10	False
ENST00000287097	245.36177	4.6404214	3.642947	-0.99747443	0.4894334	0.8535577747074619	-0.31030638986602965	ENSG00000156535.15	CD109	False
ENST00000511739	86.63266	3.9256928	2.9243805	-1.0013123	0.30114233	0.8118754707110037	-0.5212281865743369	ENSG00000170185.11	USP38	False
ENST00000544216	225.87996	5.2011585	4.199712	-1.0014467	0.54773295	0.8693177891645862	-0.261431132998474	ENSG00000257103.9	LSM14A	False
ENST00000442046	49.46466	1.8395915	0.8380955	-1.0014961	0.45418802	0.8472077019271466	-0.3427643261590823	ENSG00000127603.32	MACF1	False
ENST00000613419	210.90674	5.4144115	4.412284	-1.0021276	0.5483459	0.8693177891645862	-0.2609453808640083	ENSG00000196693.15	ZNF33B	False
ENST00000371322	23.762384	1.4793473	0.47671115	-1.0026362	0.2676754	0.8093544299533921	-0.5723915400218855	ENSG00000158290.19	CUL4B	False
ENST00000315872	43.303127	1.9004773	0.89736736	-1.0031099	0.44432867	0.8455994575468359	-0.352295667474376	ENSG00000134318.16	ROCK2	False
ENST00000399443	50.465733	2.7906854	1.7875168	-1.0031686	0.31306875	0.8118754707110037	-0.5043602842095078	ENSG00000141447.19	OSBPL1A	False
ENST00000409891	20.595217	1.7127619	0.70953345	-1.0032284	0.2341433	0.8093544299533921	-0.6305182615997689	ENSG00000115935.19	WIPF1	False
ENST00000187879	18.59998	1.5918452	0.58853596	-1.0033092	0.27203622	0.8093544299533921	-0.5653732610467742	ENSG00000159885.14	ZNF222	False
ENST00000550469	8.0	1.0061551	0.0	-1.0061551	0.096989684	0.8093544299533921	-1.0132744564966403	ENSG00000257743.9	MGAM2	False
ENST00000650044	186.0	5.401294	4.395036	-1.006258	0.05430166	0.8093544299533921	-1.2651868897776457	ENSG00000099625.14	CBARP	False
ENST00000616435	110.43009	4.085533	3.0788312	-1.006702	0.1106619	0.8093544299533921	-0.9560018714573445	ENSG00000050130.18	JKAMP	False
ENST00000347831	31.000736	1.9529616	0.9461279	-1.0068337	0.34274578	0.81719736681995	-0.4650278824863976	ENSG00000134545.14	KLRC1	False
ENST00000330133	63.3	3.51912	2.5120778	-1.0070422	0.15498517	0.8093544299533921	-0.8097098432802969	ENSG00000183617.5	MRPL54	False
ENST00000389231	10.5	1.6235752	0.6159016	-1.0076736	0.25249445	0.8093544299533921	-0.5977481559886506	ENSG00000111667.14	USP5	False
ENST00000418089	103.79048	1.4390546	0.431285	-1.0077696	0.46327063	0.8488197498301115	-0.33416522778451113	ENSG00000116701.16	NCF2	False
ENST00000424069	17.394161	1.3730243	0.3645138	-1.0085106	0.22251454	0.8093544299533921	-0.6526416052817147	ENSG00000144306.15	SCRN3	False
ENST00000519913	16.04768	1.6815492	0.67299706	-1.0085521	0.17951798	0.8093544299533921	-0.7458920366110011	ENSG00000146007.11	ZMAT2	True
ENST00000335174	22.7485	1.9105268	0.9018515	-1.0086753	0.21488018	0.8093544299533921	-0.6678036341283862	ENSG00000186352.9	ANKRD37	False
ENST00000564590	7.1950502	1.0087172	0.0	-1.0087172	0.092270665	0.8093544299533921	-1.0349363500005626	ENSG00000140386.13	SCAPER	False
ENST00000649152	70.534805	3.3494349	2.3406918	-1.008743	0.35542333	0.8175932215882654	-0.44925406694942555	ENSG00000004766.17	VPS50	True
ENST00000607373	578.45605	6.660476	5.6500025	-1.0104737	0.04070274	0.8093544299533921	-1.390376337244939	ENSG00000140299.14	BNIP2	False
ENST00000458050	158.72066	4.3188534	3.3076816	-1.0111718	0.54038656	0.867777183814941	-0.2672954628362707	ENSG00000158796.17	DEDD	False
ENST00000382723	44.484356	3.1148798	2.1035552	-1.0113246	0.14949329	0.8093544299533921	-0.8253782944566579	ENSG00000163132.8	MSX1	False
ENST00000576362	52.9	2.143429	1.1319888	-1.0114403	0.5235396	0.8618517854807809	-0.2810504608655832	ENSG00000187838.17	PLSCR3	False
ENST00000330597	1139.3239	6.5057006	5.4942026	-1.011498	0.4222302	0.838029552988072	-0.3744506927429462	ENSG00000213934.9	HBG1	False
ENST00000412117	18.3	1.8456879	0.8334812	-1.0122067	0.12582484	0.8093544299533921	-0.9002336170603232	ENSG00000168556.7	ING2	False
ENST00000515708	17.9	2.1080225	1.0941867	-1.0138358	0.2733399	0.8093544299533921	-0.5632969729414021	ENSG00000048140.18	TSPAN17	False
ENST00000533703	52.09914	2.429819	1.4158661	-1.013953	0.46540403	0.8492990124247252	-0.3321698569988497	ENSG00000166801.17	FAM111A	False
ENST00000409136	9.699188	1.2584248	0.24368499	-1.0147398	0.1145012	0.8093544299533921	-0.9411899594522488	ENSG00000138434.17	ITPRID2	False
ENST00000447096	55.60918	2.4652736	1.449662	-1.0156116	0.41443503	0.8342271906977036	-0.3825435441136083	ENSG00000059769.20	DNAJC25	True
ENST00000360332	60.1	3.6767282	2.660141	-1.0165873	0.34122103	0.81719736681995	-0.46696420465177346	ENSG00000107643.17	MAPK8	False
ENST00000555244	18.69436	1.8417917	0.8249091	-1.0168827	0.22193164	0.8093544299533921	-0.6537807847183112	ENSG00000165934.13	CPSF2	False
ENST00000676003	19.389688	2.001866	0.98466855	-1.0171976	0.43452284	0.842654100473947	-0.3619873932168116	ENSG00000140525.20	FANCI	False
ENST00000676892	144.00098	2.708726	1.6912639	-1.017462	0.56059307	0.873781321464888	-0.2513522763358322	ENSG00000104408.11	EIF3E	False
ENST00000703308	434.84357	6.4886003	5.4704423	-1.018158	0.14253521	0.8093544299533921	-0.8460778411264669	ENSG00000113575.12	PPP2CA	False
ENST00000274311	105.5	4.496062	3.4778113	-1.0182505	0.027034458	0.8093544299533921	-1.5680823365957923	ENSG00000152684.11	PELO	False
ENST00000367164	299.88336	5.4969425	4.478537	-1.0184054	0.553944	0.8719910230509131	-0.25653414383146295	ENSG00000117222.14	RBBP5	False
ENST00000409493	17.113287	1.7222208	0.7033751	-1.0188457	0.14294086	0.8093544299533921	-0.8448435972527513	ENSG00000115274.15	INO80B	False
ENST00000357429	28.124561	2.0083244	0.98878497	-1.0195394	0.22606198	0.8093544299533921	-0.645772463473705	ENSG00000146540.15	C7orf50	False
ENST00000331366	40.034393	2.8376694	1.8175908	-1.0200785	0.27730882	0.8093544299533921	-0.5570363145360677	ENSG00000139117.14	CPNE8	False
ENST00000700266	28.784084	2.4335911	1.4133048	-1.0202863	0.35271427	0.8172002775093227	-0.4525769689961714	ENSG00000080815.20	PSEN1	True
ENST00000522612	7.9	1.3225058	0.30221784	-1.020288	0.09314171	0.8093544299533921	-1.0308557825814684	ENSG00000104626.15	ERI1	False
ENST00000510291	23.185879	1.8025379	0.78203887	-1.020499	0.34571227	0.81719736681995	-0.46128520081119134	ENSG00000005700.15	IBTK	False
ENST00000648531	51.40097	2.758583	1.7380667	-1.0205164	0.44601673	0.8458889434019244	-0.35064885177404365	ENSG00000182307.14	C8orf33	False
ENST00000355937	58.4	3.2614174	2.2391381	-1.0222793	0.19521439	0.8093544299533921	-0.709488170301553	ENSG00000101166.16	PRELID3B	False
ENST00000371979	60.612022	3.2976446	2.2752657	-1.0223789	0.40070865	0.8298121044971967	-0.39717128724502393	ENSG00000101901.13	ALG13	False
ENST00000314594	30.152918	2.119732	1.0965018	-1.0232301	0.31768242	0.8118754707110037	-0.49800682411704766	ENSG00000166024.14	R3HCC1L	False
ENST00000344924	105.60299	4.4560924	3.4324315	-1.0236609	0.39234653	0.828362224196607	-0.40633018275881566	ENSG00000172331.12	BPGM	False
ENST00000651418	14.120596	1.7059034	0.6819971	-1.0239062	0.24705753	0.8093544299533921	-0.6072019095678958	ENSG00000171456.22	ASXL1	False
ENST00000237281	117.0	4.1641936	3.1397197	-1.0244739	0.18945953	0.8093544299533921	-0.7224835386724365	ENSG00000118496.5	FBXO30	False
ENST00000680155	40.0384	2.4149888	1.3904812	-1.0245075	0.42938635	0.840824720967489	-0.36715176820358403	ENSG00000018510.18	AGPS	False
ENST00000552376	35.08776	2.09149	1.0668838	-1.0246062	0.31241682	0.8118754707110037	-0.5052655900869473	ENSG00000075089.10	ACTR6	False
ENST00000258457	131.3616	4.751447	3.7250571	-1.0263901	0.109476574	0.8093544299533921	-0.9606788029509696	ENSG00000135974.10	C2orf49	False
ENST00000276590	49.088234	2.688413	1.6619453	-1.0264676	0.29858848	0.8111088466013822	-0.524926945450208	ENSG00000147592.9	LACTB2	False
ENST00000370698	138.05833	4.35775	3.3311596	-1.0265903	0.45190465	0.8472077019271466	-0.34495318552318693	ENSG00000198689.13	SLC9A6	False
ENST00000416529	36.01206	2.883374	1.8561516	-1.0272224	0.1318728	0.8093544299533921	-0.879844762730672	ENSG00000131051.24	RBM39	True
ENST00000395595	19.887615	2.0301607	1.0023402	-1.0278205	0.21256725	0.8093544299533921	-0.6725036359139559	ENSG00000079974.19	RABL2B	False
ENST00000691135	22.980642	2.207715	1.17925	-1.028465	0.28000537	0.8093544299533921	-0.5528336463987044	ENSG00000060642.12	PIGV	False
ENST00000356151	139.82529	3.6459513	2.617423	-1.0285282	0.574959	0.8782033335469005	-0.24036313854318933	ENSG00000168297.16	PXK	False
ENST00000232854	294.98163	5.5628395	4.5333576	-1.0294819	0.54802483	0.8693177891645862	-0.26119976144556495	ENSG00000114735.10	HEMK1	False
ENST00000390323	357.67505	5.905571	4.8759937	-1.0295773	0.16728649	0.8093544299533921	-0.7765391429509187	ENSG00000211677.2	IGLC2	True
ENST00000513553	63.255188	2.3807478	1.351029	-1.0297188	0.47856784	0.8504371505934152	-0.3200564907580616	ENSG00000174720.18	LARP7	False
ENST00000649849	34.099968	1.977866	0.9476156	-1.0302504	0.4523021	0.8472077019271466	-0.344571397514293	ENSG00000148843.15	PDCD11	False
ENST00000522934	61.695076	1.8287903	0.7977287	-1.0310616	0.49233165	0.8537766521893764	-0.30774224092186764	ENSG00000164919.11	COX6C	False
ENST00000584678	59.45115	2.834631	1.8035067	-1.0311242	0.47851574	0.8504371505934152	-0.3201037684185299	ENSG00000125445.11	MRPS7	False
ENST00000488066	22.151592	1.7719784	0.74019384	-1.0317845	0.32545856	0.8142173533113395	-0.4875043062256919	ENSG00000186431.19	FCAR	False
ENST00000371601	25.3	2.4667785	1.4343343	-1.0324442	0.18548518	0.8093544299533921	-0.731690774352681	ENSG00000107281.10	NPDC1	False
ENST00000549293	26.30545	1.5810026	0.54850674	-1.0324959	0.2848733	0.8106393935615843	-0.5453482431920806	ENSG00000119596.18	YLPM1	False
ENST00000258105	86.07793	4.3224125	3.2898057	-1.0326068	0.005317163	0.8093544299533921	-2.274320010634686	ENSG00000204822.7	MRPL53	False
ENST00000699917	69.22271	2.6940453	1.6613512	-1.0326941	0.5451569	0.8692662506126195	-0.26347848981411565	ENSG00000122512.17	PMS2	False
ENST00000378513	209.19075	4.7492537	3.715748	-1.0335057	0.43764928	0.8431273635154642	-0.35887378184262575	ENSG00000157916.20	RER1	True
ENST00000651545	74.79494	2.1848876	1.1507254	-1.0341623	0.54924953	0.8697139849430424	-0.26023030616640613	ENSG00000186468.13	RPS23	False
ENST00000393349	15.583559	1.4020959	0.36724842	-1.0348475	0.21756251	0.8093544299533921	-0.6624159362891763	ENSG00000071051.14	NCK2	False
ENST00000445177	66.555374	3.2464283	2.2102106	-1.0362177	0.5514788	0.8705170621904874	-0.25847117560549954	ENSG00000160584.17	SIK3	False
ENST00000555347	18.953058	1.8563529	0.8195573	-1.0367956	0.29851916	0.8111088466013822	-0.5250277828163059	ENSG00000170345.10	FOS	False
ENST00000476545	18.309252	1.7299591	0.69259906	-1.0373601	0.20664288	0.8093544299533921	-0.6847795518152375	ENSG00000138326.21	RPS24	False
ENST00000706660	37.93473	3.032322	1.9946932	-1.0376288	0.17235173	0.8093544299533921	-0.7635843457724698	ENSG00000118418.16	HMGN3	False
ENST00000244711	17.536533	1.6873835	0.6496017	-1.0377818	0.17968075	0.8093544299533921	-0.745498448849634	ENSG00000124733.5	MEA1	False
ENST00000397097	40.92019	3.0496838	2.0114388	-1.038245	0.24683248	0.8093544299533921	-0.6075977019556204	ENSG00000181450.18	ZNF678	True
ENST00000368884	32.367683	2.9593441	1.921005	-1.0383391	0.28119537	0.8093544299533921	-0.5509918308158306	ENSG00000159352.16	PSMD4	False
ENST00000368648	25.6	1.8522645	0.8139156	-1.0383489	0.27520567	0.8093544299533921	-0.5603426198532139	ENSG00000108001.16	EBF3	False
ENST00000420631	7.4660597	1.0384002	0.0	-1.0384002	0.106988296	0.8093544299533921	-0.9706637297777101	ENSG00000161048.12	NAPEPLD	False
ENST00000611028	42.2909	2.9755104	1.9368484	-1.038662	0.28774628	0.8109740254625081	-0.5409902815935931	ENSG00000110203.10	FOLR3	False
ENST00000382952	100.582726	3.8909388	2.8522277	-1.0387111	0.4492377	0.8470024537044705	-0.34752380078039186	ENSG00000159692.18	CTBP1	False
ENST00000715155	154.34117	4.74915	3.710023	-1.0391269	0.12902476	0.8093544299533921	-0.8893269436767905	ENSG00000168036.19	CTNNB1	False
ENST00000695833	16.454975	1.7122751	0.67279065	-1.0394845	0.2857643	0.8106393935615843	-0.5439920174447859	ENSG00000108021.22	TASOR2	False
ENST00000451678	118.129166	4.328656	3.2882288	-1.0404274	0.1286546	0.8093544299533921	-0.8905746838645876	ENSG00000180964.17	TCEAL8	False
ENST00000680241	73.469185	3.4958994	2.4553256	-1.0405738	0.49665177	0.8537766521893764	-0.30394801357289697	ENSG00000141252.21	VPS53	False
ENST00000431952	217.32126	5.5118313	4.4711766	-1.0406547	0.2291355	0.8093544299533921	-0.6399076233076636	ENSG00000067066.17	SP100	False
ENST00000523370	24.546524	2.158488	1.1178107	-1.0406773	0.17068617	0.8093544299533921	-0.7678016653922558	ENSG00000176623.12	RMDN1	True
ENST00000520486	40.525063	2.8718994	1.8306929	-1.0412065	0.2682755	0.8093544299533921	-0.5714189881019122	ENSG00000147419.19	CCDC25	False
ENST00000647020	7418.982	9.90019	8.858884	-1.0413065	0.24522375	0.8093544299533921	-0.6104374781635405	ENSG00000244734.4	HBB	False
ENST00000584261	15.637128	1.7529794	0.7116473	-1.0413321	0.14968476	0.8093544299533921	-0.8248224233733328	ENSG00000198231.14	DDX42	True
ENST00000356521	86.58387	3.4505165	2.4086318	-1.0418847	0.40521634	0.8312293045789577	-0.3923130544263951	ENSG00000172785.19	ZNG1A	False
ENST00000520142	56.854958	1.9682058	0.92572415	-1.0424817	0.49005616	0.85373409407385	-0.309754149917467	ENSG00000070756.17	PABPC1	False
ENST00000345990	99.56366	3.0562122	2.0133495	-1.0428627	0.5175349	0.8587697515903885	-0.28606034844503364	ENSG00000151292.19	CSNK1G3	False
ENST00000399614	239.31339	5.599582	4.555306	-1.0442762	0.2905448	0.8109740254625081	-0.5367868810780213	ENSG00000205531.14	NAP1L4	False
ENST00000715206	53.8563	2.7495525	1.7050928	-1.0444597	0.47518787	0.8500118764885034	-0.3231346559479226	ENSG00000153094.26	BCL2L11	False
ENST00000360358	5.0	1.1915932	0.1466662	-1.044927	0.07117969	0.8093544299533921	-1.147643920100575	ENSG00000238243.3	OR2W3	False
ENST00000648674	167.58745	4.384544	3.3393369	-1.045207	0.4965957	0.8537766521893764	-0.30399703610502976	ENSG00000100138.15	SNU13	False
ENST00000370476	49.2	2.5915263	1.5462706	-1.0452557	0.2905658	0.8109740254625081	-0.5367555209173027	ENSG00000119929.13	CUTC	False
ENST00000576633	18.456537	1.7466005	0.70094514	-1.0456554	0.117786236	0.8093544299533921	-0.9289054559994164	ENSG00000186532.12	SMYD4	True
ENST00000433458	6.2185564	1.0456945	0.0	-1.0456945	0.025761228	0.8093544299533921	-1.5890334377138526	ENSG00000158517.16	NCF1	False
ENST00000683297	9.724951	1.3135468	0.26779172	-1.045755	0.15565948	0.8093544299533921	-0.807824419446205	ENSG00000255524.8	NPIPB8	False
ENST00000422886	45.39884	2.5482712	1.5015059	-1.0467653	0.4199276	0.8374027596300101	-0.3768255832069871	ENSG00000065413.20	ANKRD44	False
ENST00000528545	53.0508	3.520398	2.473446	-1.046952	0.089852445	0.8093544299533921	-1.0464701015191498	ENSG00000142186.18	SCYL1	False
ENST00000444836	24.825174	1.6124235	0.5653197	-1.0471039	0.2952678	0.8111088466013822	-0.5297839256957809	ENSG00000116688.18	MFN2	False
ENST00000395787	24.89889	1.6258001	0.5786079	-1.0471922	0.25023225	0.8093544299533921	-0.6016567199158761	ENSG00000149089.13	APIP	False
ENST00000502499	119.53623	2.8199465	1.7719381	-1.0480084	0.53212595	0.865635036834895	-0.27398556158638715	ENSG00000015479.20	MATR3	False
ENST00000397378	13.112897	1.7428746	0.69356143	-1.0493132	0.2831127	0.8102614157364052	-0.5480406411234227	ENSG00000111859.17	NEDD9	True
ENST00000431504	14.136065	1.4977387	0.4482562	-1.0494826	0.113025665	0.8093544299533921	-0.9468229279745026	ENSG00000146757.14	ZNF92	False
ENST00000491873	57.217155	3.2418048	2.1919398	-1.049865	0.119062364	0.8093544299533921	-0.9242254983506716	ENSG00000205981.9	DNAJC19	False
ENST00000302754	38.1	2.633567	1.583595	-1.049972	0.19525325	0.8093544299533921	-0.7094017219021929	ENSG00000171223.6	JUNB	False
ENST00000555619	30.929913	2.0456007	0.9945197	-1.051081	0.38964015	0.826181329987083	-0.4093362954000792	ENSG00000119655.11	NPC2	False
ENST00000263864	42.7	2.9646437	1.9131628	-1.0514809	0.21579476	0.8093544299533921	-0.6659591112282486	ENSG00000118640.11	VAMP8	False
ENST00000526893	569.71906	6.374323	5.322631	-1.051692	0.24859175	0.8093544299533921	-0.6045132868582098	ENSG00000254709.8	IGLL5	False
ENST00000440859	130.05698	4.68031	3.6285045	-1.0518053	0.0650213	0.8093544299533921	-1.186944359552006	ENSG00000105879.13	CBLL1	False
ENST00000392908	5.697588	1.0520891	0.0	-1.0520891	0.036607414	0.8093544299533921	-1.436430943475028	ENSG00000197119.13	SLC25A29	False
ENST00000322611	1108.9578	7.608212	6.554685	-1.0535269	0.23001505	0.8093544299533921	-0.6382437387430172	ENSG00000176788.9	BASP1	False
ENST00000593863	43.455578	2.1884024	1.1346183	-1.0537841	0.5269731	0.8628966334781174	-0.2782115299874768	ENSG00000105372.8	RPS19	False
ENST00000690940	524.26355	6.6061306	5.5518312	-1.0542994	0.07026005	0.8093544299533921	-1.1532915583844476	ENSG00000137414.7	FAM8A1	False
ENST00000448507	106.33634	3.2832305	2.2286832	-1.0545473	0.56120634	0.8740674714696558	-0.2508774307397895	ENSG00000132405.19	TBC1D14	False
ENST00000318317	9.4187975	1.2129569	0.1582814	-1.0546755	0.08527956	0.8093544299533921	-1.069155041012293	ENSG00000165501.17	LRR1	False
ENST00000339907	1192.6488	7.730503	6.6749344	-1.0555687	0.01734528	0.8093544299533921	-1.7608186987122603	ENSG00000188994.14	ZNF292	False
ENST00000614064	34.263344	2.1865594	1.130108	-1.0564514	0.37969103	0.8231329589941108	-0.4205696575061634	ENSG00000174428.19	GTF2IRD2B	True
ENST00000376300	128.95282	4.846919	3.7891803	-1.0577388	0.46525082	0.8492019855291293	-0.3323128528300455	ENSG00000125633.11	CCDC93	False
ENST00000588130	37.47425	3.0127318	1.9543328	-1.058399	0.2623305	0.8093544299533921	-0.581151209226292	ENSG00000055483.20	USP36	True
ENST00000374515	389.90186	5.6984067	4.6398315	-1.0585752	0.24603479	0.8093544299533921	-0.6090034849882049	ENSG00000136810.13	TXN	True
ENST00000380058	174.33926	4.823755	3.7646444	-1.0591104	0.47118607	0.8496539504698483	-0.3268075558732741	ENSG00000105793.16	GTPBP10	False
ENST00000379594	32.23797	1.8508891	0.7914126	-1.0594765	0.33366436	0.8151257885629049	-0.4766901826090787	ENSG00000145782.13	ATG12	True
ENST00000683317	52.460278	2.9850056	1.9250891	-1.0599165	0.19753483	0.8093544299533921	-0.7043563184014554	ENSG00000124356.17	STAMBP	False
ENST00000267488	9.83087	1.0603904	0.0	-1.0603904	0.09262336	0.8093544299533921	-1.0332794664796343	ENSG00000139974.17	SLC38A6	False
ENST00000383677	34.94058	2.5310087	1.4705572	-1.0604515	0.21491162	0.8093544299533921	-0.6677400924411979	ENSG00000163607.18	GTPBP8	False
ENST00000409301	24.158125	2.1827676	1.1222643	-1.0605034	0.3791305	0.8231329589941108	-0.4212112620871758	ENSG00000105778.20	AVL9	False
ENST00000513837	29.957035	2.2110035	1.1499643	-1.0610392	0.3400953	0.81719736681995	-0.4683993552643421	ENSG00000138640.15	FAM13A	False
ENST00000453170	208.62273	4.2326255	3.1702695	-1.062356	0.4861106	0.8529381765683051	-0.31326491063267375	ENSG00000110066.16	KMT5B	False
ENST00000524173	28.770023	2.0908415	1.0258673	-1.0649742	0.2804229	0.8093544299533921	-0.552186529705927	ENSG00000198363.18	ASPH	True
ENST00000706535	100.44536	4.1379046	3.0714996	-1.066405	0.40061498	0.8298121044971967	-0.3972728187567939	ENSG00000014138.10	POLA2	True
ENST00000326245	16.3	1.8715686	0.8045182	-1.0670503	0.19977096	0.8093544299533921	-0.6994676493977957	ENSG00000179914.5	ITLN1	False
ENST00000486554	31.9	2.4310224	1.3636585	-1.0673639	0.22870477	0.8093544299533921	-0.6407247860608766	ENSG00000157514.18	TSC22D3	False
ENST00000691563	29.258173	1.9481481	0.88054866	-1.0675995	0.37730846	0.8228844517340773	-0.42330345914947465	ENSG00000120656.14	TAF12	False
ENST00000562235	24.61878	2.3063874	1.2387707	-1.0676167	0.20084381	0.8093544299533921	-0.6971415464301562	ENSG00000168701.19	TMEM208	False
ENST00000547864	60.651924	3.6407893	2.572847	-1.0679424	0.11795506	0.8093544299533921	-0.9282834285172655	ENSG00000139637.14	MYG1	False
ENST00000369976	78.15167	3.0851343	2.0171602	-1.0679741	0.4536365	0.8472077019271466	-0.3432920116094073	ENSG00000121940.17	CLCC1	False
ENST00000683701	107.459496	4.2873015	3.2188993	-1.0684023	0.115805306	0.8093544299533921	-0.9362715432492844	ENSG00000126804.14	ZBTB1	False
ENST00000650653	104.61835	3.0805788	2.0109646	-1.0696142	0.5156292	0.8587697515903885	-0.28766251990391223	ENSG00000163539.19	CLASP2	False
ENST00000396105	65.744415	2.3047507	1.234527	-1.0702237	0.52803373	0.8637495285395624	-0.2773383317321535	ENSG00000124201.15	ZNFX1	False
ENST00000650601	206.92036	5.4125953	4.3418136	-1.0707817	0.23724791	0.8093544299533921	-0.6247975972750841	ENSG00000223609.11	HBD	False
ENST00000395246	485.5917	5.6467266	4.575798	-1.0709286	0.6025114	0.8890598736852637	-0.22003472718959052	ENSG00000158985.14	CDC42SE2	True
ENST00000393161	11.793514	1.3826724	0.31119817	-1.0714743	0.105638884	0.8093544299533921	-0.9761761954219252	ENSG00000131558.15	EXOC4	False
ENST00000587419	11.2	1.5244163	0.45275006	-1.0716662	0.17946479	0.8093544299533921	-0.7460207515729534	ENSG00000175322.12	ZNF519	True
ENST00000228434	14.0	1.2304388	0.1582814	-1.0721574	0.1693717	0.8093544299533921	-0.771159167942776	ENSG00000110848.8	CD69	True
ENST00000357325	65.74638	2.732109	1.6597865	-1.0723226	0.51045877	0.856842337601094	-0.2920393325344496	ENSG00000143321.19	HDGF	False
ENST00000612311	20.416483	1.9002728	0.82739055	-1.0728823	0.19648033	0.8093544299533921	-0.7066809127051368	ENSG00000143183.18	TMCO1	False
ENST00000349901	118.39107	2.617481	1.5437267	-1.0737543	0.506324	0.8558786284660064	-0.29557149218636425	ENSG00000168958.21	MFF	False
ENST00000378667	44.230938	2.819248	1.7445705	-1.0746775	0.42303205	0.8383104485886558	-0.3736267328666006	ENSG00000164405.11	UQCRQ	True
ENST00000300688	166.2778	3.7778957	2.7025537	-1.0753419	0.47845834	0.8504371505934152	-0.3201558663547363	ENSG00000167283.9	ATP5MG	False
ENST00000591369	72.9518	3.648894	2.572905	-1.075989	0.024949854	0.8093544299533921	-1.602931987236028	ENSG00000187775.17	DNAH17	False
ENST00000392514	399.79156	5.652839	4.5747466	-1.0780926	0.29973775	0.8113778681305123	-0.5232585549234667	ENSG00000089157.16	RPLP0	False
ENST00000685507	71.71981	2.3940036	1.3158622	-1.0781415	0.46096155	0.8481416265840513	-0.3363352982834589	ENSG00000183718.6	TRIM52	False
ENST00000312196	101.98071	3.6003883	2.5217433	-1.078645	0.4102464	0.8324648546020382	-0.3869552191412772	ENSG00000005302.19	MSL3	False
ENST00000573708	16.201073	1.5929527	0.5139593	-1.0789934	0.060916122	0.8093544299533921	-1.2152677518607224	ENSG00000161920.11	MED11	False
ENST00000703516	120.10862	2.182552	1.1031972	-1.0793549	0.5583485	0.8731262404848221	-0.25309466423187926	ENSG00000142166.15	IFNAR1	False
ENST00000690317	85.44597	3.5306892	2.4511046	-1.0795846	0.53883433	0.8673735641566814	-0.26854473971276666	ENSG00000023318.9	ERP44	True
ENST00000648324	14.885679	1.7137052	0.63204736	-1.0816579	0.22870858	0.8093544299533921	-0.6407175422758464	ENSG00000023839.12	ABCC2	False
ENST00000593087	50.831017	2.9917653	1.9099529	-1.0818124	0.34987435	0.81719736681995	-0.45608789852891224	ENSG00000198258.11	UBL5	True
ENST00000368947	15.0	1.8000909	0.71751726	-1.0825737	0.09510979	0.8093544299533921	-1.021774774662139	ENSG00000143412.10	ANXA9	False
ENST00000698773	148.98709	3.561919	2.479113	-1.0828059	0.51748747	0.8587697515903885	-0.28610016445527103	ENSG00000196504.21	PRPF40A	False
ENST00000482067	22.91312	1.4775286	0.3945746	-1.0829539	0.21650313	0.8093544299533921	-0.6645358238320143	ENSG00000219545.12	UMAD1	False
ENST00000392994	18.161228	2.0736663	0.99038416	-1.0832822	0.16975039	0.8093544299533921	-0.7701892130237881	ENSG00000241343.10	RPL36A	False
ENST00000540844	31.64275	2.0729158	0.9896153	-1.0833005	0.45238113	0.8472077019271466	-0.3444955150554252	ENSG00000156261.13	CCT8	False
ENST00000367081	153.50359	4.67446	3.5910704	-1.0833895	0.46975678	0.8496539504698483	-0.3281269411098052	ENSG00000164674.17	SYTL3	False
ENST00000521001	73.69245	3.7593098	2.6757114	-1.0835984	0.10429909	0.8093544299533921	-0.9817194773942229	ENSG00000145901.17	TNIP1	False
ENST00000418862	61.07503	1.7715731	0.6868539	-1.0847192	0.44352216	0.8455994575468359	-0.3530846809559459	ENSG00000135317.14	SNX14	False
ENST00000549982	378.53842	6.1354575	5.049968	-1.0854897	0.4597592	0.8480012495835023	-0.33746956629332875	ENSG00000198015.14	MRPL42	False
ENST00000529594	141.82117	4.6211777	3.5356843	-1.0854933	0.13047539	0.8093544299533921	-0.8844714063957708	ENSG00000167286.11	CD3D	False
ENST00000333130	19.5	2.2130892	1.1266234	-1.0864658	0.09430053	0.8093544299533921	-1.0254858624592553	ENSG00000185608.9	MRPL40	True
ENST00000391980	8.33735	1.0874515	0.0	-1.0874515	0.10268154	0.8093544299533921	-0.9885076266779532	ENSG00000122085.17	MTERF4	False
ENST00000397087	14.7	1.9316608	0.8439743	-1.0876865	0.12523876	0.8093544299533921	-0.9022612364935787	ENSG00000091428.18	RAPGEF4	False
ENST00000397511	105.01133	2.1229837	1.0343709	-1.0886128	0.53871757	0.8673735641566814	-0.26863886160532274	ENSG00000124783.14	SSR1	False
ENST00000370952	30.2	2.0344975	0.94542336	-1.0890741	0.28285939	0.8102614157364052	-0.5484294071940576	ENSG00000066557.6	LRRC40	False
ENST00000396675	10.620911	1.4205419	0.33125207	-1.0892898	0.10629383	0.8093544299533921	-0.9734919551326362	ENSG00000003147.19	ICA1	False
ENST00000392894	74.09755	2.6197746	1.5300108	-1.0897638	0.4719516	0.8496539504698483	-0.32610253365693775	ENSG00000082996.20	RNF13	False
ENST00000487418	42.04306	2.2386928	1.1477365	-1.0909562	0.49889073	0.8547972620188646	-0.30199456765989524	ENSG00000128928.10	IVD	False
ENST00000697235	320.28452	6.079119	4.98741	-1.0917091	0.45505664	0.8473426594424552	-0.34193454656480105	ENSG00000143669.16	LYST	False
ENST00000648839	525.10516	5.8895144	4.7973204	-1.0921941	0.3524158	0.8172002775093227	-0.4529446288068795	ENSG00000161970.15	RPL26	False
ENST00000216225	433.2	6.534839	5.44101	-1.0938292	0.07625205	0.8093544299533921	-1.1177484720498434	ENSG00000100387.9	RBX1	False
ENST00000223129	116.907715	4.4163923	3.321327	-1.0950654	0.13480574	0.8093544299533921	-0.8702916186997219	ENSG00000106399.11	RPA3	False
ENST00000194097	18.390491	2.0109158	0.9156687	-1.095247	0.43458098	0.842654100473947	-0.3619292833303293	ENSG00000249437.8	NAIP	False
ENST00000704267	12.572023	1.3750471	0.27735963	-1.0976875	0.08626577	0.8093544299533921	-1.064161483864112	ENSG00000068400.14	GRIPAP1	False
ENST00000394332	2986.8235	8.6456175	7.547063	-1.0985546	0.23492408	0.8093544299533921	-0.6290724689555446	ENSG00000125691.14	RPL23	False
ENST00000229395	113.63605	2.17248	1.0713868	-1.1010933	0.53580695	0.8665861353230246	-0.2709916542518009	ENSG00000111790.14	FGFR1OP2	False
ENST00000518642	12.540315	1.9279891	0.8265257	-1.1014634	0.14214484	0.8093544299533921	-0.8472688889863432	ENSG00000129295.10	DNAAF11	False
ENST00000605755	26.095623	2.3506355	1.2491212	-1.1015143	0.25693125	0.8093544299533921	-0.5901830781082575	ENSG00000117155.17	SSX2IP	False
ENST00000287038	2375.934	8.5077505	7.405497	-1.1022534	0.2707038	0.8093544299533921	-0.5675056597021084	ENSG00000156482.11	RPL30	False
ENST00000618010	133.56677	4.0091496	2.9067483	-1.1024013	0.40349793	0.8303154186824399	-0.39415868425396644	ENSG00000168118.12	RAB4A	False
ENST00000378345	16.929314	1.191621	0.089180484	-1.1024405	0.18578488	0.8093544299533921	-0.7309896422613851	ENSG00000176715.17	ACSF3	False
ENST00000679051	627.19745	6.6065154	5.5037546	-1.1027608	0.5959242	0.8863276114487435	-0.22480897886955423	ENSG00000164733.23	CTSB	False
ENST00000548580	143.32243	3.458842	2.3559935	-1.1028485	0.5499642	0.8698453977153369	-0.2596655883168363	ENSG00000092841.19	MYL6	True
ENST00000672838	39.430702	2.940237	1.8373835	-1.1028535	0.41837126	0.836886090598871	-0.37843815678882603	ENSG00000170004.19	CHD3	False
ENST00000376544	356.13153	6.010945	4.908081	-1.1028638	0.3823014	0.823716002720574	-0.4175941227434133	ENSG00000106829.21	TLE4	False
ENST00000513881	29.237982	1.7986046	0.6955725	-1.1030321	0.30872577	0.8118754707110037	-0.5104271114836916	ENSG00000064652.11	SNX24	False
ENST00000703695	125.1558	3.8555517	2.751577	-1.1039748	0.4326679	0.8422177612302657	-0.36384531318933633	ENSG00000078369.19	GNB1	False
ENST00000505554	248.88359	5.5302105	4.4243345	-1.105876	0.16726393	0.8093544299533921	-0.7765977161208618	ENSG00000151883.20	PARP8	False
ENST00000676734	41.65088	2.704544	1.5965457	-1.1079984	0.2221639	0.8093544299533921	-0.6533265078889544	ENSG00000145907.16	G3BP1	False
ENST00000546466	231.0057	5.4555335	4.3474813	-1.1080523	0.035146907	0.8093544299533921	-1.454112888115772	ENSG00000257727.6	CNPY2	True
ENST00000536605	188.67819	4.854158	3.7456722	-1.1084857	0.4895849	0.8535577747074619	-0.31017199158366265	ENSG00000101608.13	MYL12A	False
ENST00000580887	188.67819	4.854158	3.7456722	-1.1084857	0.4895849	0.8535577747074619	-0.31017199158366265	ENSG00000101608.13	MYL12A	False
ENST00000556807	35.46875	2.7708437	1.6609006	-1.1099432	0.24680784	0.8093544299533921	-0.6076410427283112	ENSG00000140153.18	WDR20	False
ENST00000379151	95.93453	2.3683045	1.2583318	-1.1099727	0.52337927	0.8618517854807809	-0.28118348598795057	ENSG00000133114.18	GPALPP1	False
ENST00000596378	149.11491	3.6704948	2.5597804	-1.1107144	0.57543725	0.8785334840810592	-0.24000202988035713	ENSG00000133226.19	SRRM1	False
ENST00000311672	148.3896	4.7759824	3.6624064	-1.1135759	0.14520769	0.8093544299533921	-0.8380103887335514	ENSG00000173660.12	UQCRH	True
ENST00000698175	12.578011	1.1139816	0.0	-1.1139816	0.09394022	0.8093544299533921	-1.0271484234961958	ENSG00000187736.14	NHEJ1	True
ENST00000233630	20.9	2.060201	0.9449409	-1.11526	0.12485297	0.8093544299533921	-0.9036011213576182	ENSG00000115289.14	PCGF1	False
ENST00000321448	103.42201	3.70452	2.5885673	-1.1159527	0.46164894	0.8481416265840513	-0.33568815631476395	ENSG00000166435.17	XRRA1	False
ENST00000577910	1900.9832	7.926523	6.8099422	-1.116581	0.22620083	0.8093544299533921	-0.6455057983286094	ENSG00000215472.10	RPL17-C18orf32	False
ENST00000340561	24.825773	2.1699078	1.0529467	-1.1169611	0.14063951	0.8093544299533921	-0.8518926438652072	ENSG00000153093.21	ACOXL	False
ENST00000522272	20.493464	1.776152	0.65877247	-1.1173795	0.18324415	0.8093544299533921	-0.7369698720104102	ENSG00000155506.19	LARP1	False
ENST00000605125	49.55383	1.8166176	0.6985899	-1.1180277	0.34211883	0.81719736681995	-0.4658230225175926	ENSG00000132313.15	MRPL35	False
ENST00000692350	36.778893	2.765893	1.6471109	-1.118782	0.37411943	0.8216366408512873	-0.42698973510153776	ENSG00000068912.15	ERLEC1	False
ENST00000339249	44.6	2.5924976	1.4730694	-1.1194282	0.30928043	0.8118754707110037	-0.5096475660906202	ENSG00000173275.13	ZNF449	False
ENST00000700084	324.90894	4.017725	2.8975346	-1.1201904	0.61727315	0.894947108003435	-0.20952261214078963	ENSG00000142166.15	IFNAR1	False
ENST00000465259	8.622285	1.6635323	0.5417992	-1.1217331	0.2601313	0.8093544299533921	-0.5848073895171032	ENSG00000071794.16	HLTF	False
ENST00000414791	146.00623	2.5949054	1.4723911	-1.1225142	0.5462119	0.8693177891645862	-0.2626388437030168	ENSG00000177409.12	SAMD9L	False
ENST00000678993	350.75107	5.944361	4.8216763	-1.122685	0.52474105	0.8625586551838068	-0.2800549570588966	ENSG00000175390.15	EIF3F	False
ENST00000374767	46.9	2.9428158	1.8196435	-1.1231723	0.20980863	0.8093544299533921	-0.6781766464070208	ENSG00000136783.10	NIPSNAP3A	False
ENST00000440825	48.558434	3.1029408	1.9796557	-1.123285	0.19907776	0.8093544299533921	-0.7009772649754199	ENSG00000162585.17	FAAP20	False
ENST00000696361	30.815525	1.8262757	0.7028676	-1.1234081	0.25792304	0.8093544299533921	-0.5885098664146909	ENSG00000115392.13	FANCL	True
ENST00000353788	39.3	2.4849327	1.3612914	-1.1236413	0.27042326	0.8093544299533921	-0.5679559506993745	ENSG00000104497.15	SNX16	False
ENST00000539872	15.709335	1.8494562	0.72503436	-1.1244218	0.072960295	0.8093544299533921	-1.1369134199863598	ENSG00000135090.14	TAOK3	False
ENST00000547014	138.59703	3.610047	2.4851527	-1.1248944	0.581109	0.8805743150655008	-0.23574240778571995	ENSG00000173598.14	NUDT4	False
ENST00000602185	282.5052	5.666203	4.541225	-1.1249781	0.079561874	0.8093544299533921	-1.099294994580765	ENSG00000130755.13	GMFG	True
ENST00000586898	9.402334	1.1263051	0.0	-1.1263051	0.07960082	0.8093544299533921	-1.0990824668256722	ENSG00000011258.16	MBTD1	True
ENST00000618914	386.58145	6.0546765	4.9277773	-1.1268992	0.05923331	0.8093544299533921	-1.2274339865275332	ENSG00000120992.18	LYPLA1	False
ENST00000647998	84.3336	4.0571938	2.929798	-1.1273959	0.35546368	0.8175932215882654	-0.44920476291036965	ENSG00000117528.14	ABCD3	False
ENST00000547066	36.003822	2.7867756	1.65919	-1.1275855	0.28384957	0.8103610639894862	-0.5469117636675304	ENSG00000152556.17	PFKM	True
ENST00000302401	102.52848	3.332876	2.203293	-1.1295829	0.49422845	0.8537766521893764	-0.30607225613392497	ENSG00000080503.25	SMARCA2	False
ENST00000409566	16.692785	1.6812787	0.5503146	-1.130964	0.13269673	0.8093544299533921	-0.8771397697521879	ENSG00000152147.11	GEMIN6	True
ENST00000463153	19.341373	1.7588257	0.6275776	-1.131248	0.14500037	0.8093544299533921	-0.8386308944886042	ENSG00000011198.10	ABHD5	False
ENST00000449076	194.4213	5.4360127	4.303578	-1.1324348	0.51175725	0.8573422501952089	-0.2909359921229168	ENSG00000135426.16	TESPA1	False
ENST00000454909	209.06819	4.8446975	3.711308	-1.1333895	0.38251618	0.823716002720574	-0.41735019505794807	ENSG00000182568.18	SATB1	False
ENST00000430095	60.5479	2.2081752	1.0744126	-1.1337626	0.42850468	0.8407052709125892	-0.36804443491273037	ENSG00000002016.18	RAD52	False
ENST00000569622	47.13939	2.472079	1.3381989	-1.1338801	0.2259269	0.8093544299533921	-0.64603204541766	ENSG00000261740.7	BOLA2-SMG1P6	False
ENST00000374213	664.1	6.775989	5.641698	-1.1342912	0.13044311	0.8093544299533921	-0.8845788518396398	ENSG00000169442.9	CD52	True
ENST00000493173	20.030018	2.3900547	1.2555598	-1.1344949	0.20451994	0.8093544299533921	-0.6892643382520351	ENSG00000112763.17	BTN2A1	True
ENST00000303151	28.6	2.740215	1.6047078	-1.1355072	0.07561236	0.8093544299533921	-1.121407213787288	ENSG00000172336.5	POP7	False
ENST00000341935	203.8534	4.954447	3.8184848	-1.135962	0.46530864	0.8492019855291293	-0.3322588866076121	ENSG00000112486.18	CCR6	False
ENST00000428002	24.819721	2.5325577	1.3952456	-1.1373122	0.09644663	0.8093544299533921	-1.0157129276659729	ENSG00000184277.13	TM2D3	False
ENST00000671960	27.857777	2.3906534	1.2515228	-1.1391306	0.2800213	0.8093544299533921	-0.5528089172319295	ENSG00000164022.18	AIMP1	False
ENST00000469584	24.734125	1.4691442	0.32873625	-1.140408	0.24424532	0.8093544299533921	-0.6121737480802995	ENSG00000163634.12	THOC7	False
ENST00000566981	10.824178	1.142867	0.0	-1.142867	0.09388242	0.8093544299533921	-1.0274157279977216	ENSG00000166912.17	MTMR10	False
ENST00000672591	88.03206	3.8500624	2.7058477	-1.1442146	0.29982516	0.8114208846325798	-0.5231319234324978	ENSG00000072210.19	ALDH3A2	False
ENST00000370920	296.29883	5.162447	4.0167933	-1.1456537	0.22496927	0.8093544299533921	-0.647876805074647	ENSG00000132485.14	ZRANB2	False
ENST00000569021	84.929436	3.6484013	2.5013568	-1.1470444	0.38027263	0.8231329589941108	-0.41990493523580286	ENSG00000135698.10	MPHOSPH6	True
ENST00000544827	25.40502	1.8382062	0.6909951	-1.1472111	0.31836355	0.8118754707110037	-0.4970766648723314	ENSG00000076043.11	REXO2	False
ENST00000683912	26.54571	2.0705044	0.92305535	-1.147449	0.29784188	0.8111088466013822	-0.5260142402279975	ENSG00000105643.11	ARRDC2	False
ENST00000398250	30.950943	2.524516	1.3753018	-1.1492143	0.28726172	0.8109740254625081	-0.5417222367228801	ENSG00000203805.11	PLPP4	False
ENST00000368575	28.861017	2.1495278	0.99998957	-1.1495383	0.2797599	0.8093544299533921	-0.5532145146959151	ENSG00000143545.10	RAB13	False
ENST00000215565	54.24488	2.6222496	1.4720823	-1.1501673	0.38195688	0.823716002720574	-0.417985668151005	ENSG00000099795.7	NDUFB7	False
ENST00000345084	73.545395	1.9376899	0.78690696	-1.150783	0.46033898	0.8481416265840513	-0.3369222489501405	ENSG00000144029.14	MRPS5	False
ENST00000338272	93.3	4.206354	3.0544202	-1.1519339	0.022100952	0.8093544299533921	-1.6555890280291954	ENSG00000215717.7	TMEM167B	True
ENST00000337623	40.3123	2.7061718	1.5536199	-1.1525519	0.3896614	0.826181329987083	-0.4093126117626938	ENSG00000107938.18	EDRF1	False
ENST00000304661	65.40041	3.4852512	2.33263	-1.1526213	0.06258507	0.8093544299533921	-1.203529252622866	ENSG00000171155.8	C1GALT1C1	False
ENST00000637183	17.790834	1.6964436	0.5429696	-1.153474	0.17374861	0.8093544299533921	-0.7600786550989931	ENSG00000175344.19	CHRNA7	False
ENST00000366651	22.5217	2.1628044	1.0087029	-1.1541015	0.3888911	0.8259378738446596	-0.41017199483509764	ENSG00000143633.13	C1orf131	False
ENST00000377780	22.382189	1.6651239	0.5106437	-1.1544802	0.25298694	0.8093544299533921	-0.5969019017673993	ENSG00000083520.15	DIS3	False
ENST00000639835	38.623222	1.9298601	0.7748994	-1.1549606	0.35262156	0.8172002775093227	-0.4526911433298443	ENSG00000266173.7	STRADA	False
ENST00000465705	43.486595	2.3137474	1.1579232	-1.1558242	0.43500152	0.842654100473947	-0.36150922321438766	ENSG00000143183.18	TMCO1	False
ENST00000409764	19.038927	1.7885407	0.63065845	-1.1578822	0.20747697	0.8093544299533921	-0.6830300956853466	ENSG00000172115.9	CYCS	False
ENST00000682922	256.19394	5.182423	4.023413	-1.1590099	0.17512214	0.8093544299533921	-0.7566589397523211	ENSG00000181381.15	DDX60L	False
ENST00000382671	69.4	3.770959	2.6118503	-1.1591086	0.29173988	0.8111088466013822	-0.5350041984712208	ENSG00000185627.19	PSMD13	True
ENST00000274306	268.4	5.5894217	4.430084	-1.1593375	0.1356934	0.8093544299533921	-0.8674412719887513	ENSG00000145649.8	GZMA	False
ENST00000434651	41.524372	1.9231491	0.7637448	-1.1594043	0.38262397	0.823716002720574	-0.4172278259095945	ENSG00000179344.17	HLA-DQB1	False
ENST00000351429	31.78595	2.5860372	1.4261674	-1.1598698	0.1398591	0.8093544299533921	-0.8543092856486004	ENSG00000156239.12	N6AMT1	False
ENST00000376086	68.19055	2.0183299	0.8581065	-1.1602234	0.36140335	0.8185742609699567	-0.44200783083040485	ENSG00000204482.11	LST1	True
ENST00000316356	36.724895	2.210105	1.049799	-1.160306	0.32366738	0.8142173533113395	-0.48990107137730654	ENSG00000137501.18	SYTL2	False
ENST00000268049	57.17038	2.618929	1.4584923	-1.1604366	0.50342226	0.8556306333941652	-0.2980675847651115	ENSG00000140455.17	USP3	False
ENST00000450253	178.97794	4.933422	3.7721329	-1.1612892	0.075743385	0.8093544299533921	-1.1206552919533803	ENSG00000151247.13	EIF4E	False
ENST00000402364	67.953964	2.9152925	1.7539381	-1.1613544	0.29983434	0.8114208846325798	-0.5231186277568511	ENSG00000151835.17	SACS	False
ENST00000680140	21.89992	1.805477	0.64397687	-1.1615002	0.29387566	0.8111088466013822	-0.5318363758969537	ENSG00000168214.22	RBPJ	False
ENST00000648046	39.782135	3.2747545	2.1125321	-1.1622224	0.043019462	0.8093544299533921	-1.3663350213830925	ENSG00000177885.15	GRB2	False
ENST00000453430	18.081736	1.4381396	0.27401832	-1.1641213	0.15456809	0.8093544299533921	-0.8108801567164026	ENSG00000167930.17	FAM234A	False
ENST00000618538	17.38198	1.9747468	0.8103101	-1.1644367	0.081798874	0.8093544299533921	-1.0872526753956082	ENSG00000265808.4	SEC22B	True
ENST00000638963	9.061171	1.2901589	0.12561348	-1.1645454	0.049577843	0.8093544299533921	-1.3047123686690716	ENSG00000007372.25	PAX6	False
ENST00000368115	43.15	2.220023	1.0540823	-1.1659406	0.3223177	0.8132758769142434	-0.49171585859039235	ENSG00000179639.11	FCER1A	True
ENST00000285667	49.7	2.8886898	1.7224686	-1.1662211	0.22854209	0.8093544299533921	-0.6410338063691221	ENSG00000155304.6	HSPA13	False
ENST00000433877	55.64858	1.6172695	0.4490109	-1.1682587	0.33246833	0.8148546909488805	-0.47824971694048896	ENSG00000111011.18	RSRC2	False
ENST00000405289	26.344534	2.3448546	1.1765249	-1.1683297	0.26374364	0.8093544299533921	-0.5788180059458257	ENSG00000115504.15	EHBP1	False
ENST00000676977	2050.9805	8.719243	7.5502253	-1.1690178	0.28573456	0.8106393935615843	-0.5440372217272895	ENSG00000196262.15	PPIA	False
ENST00000554636	16.41666	1.4757594	0.3062796	-1.1694798	0.20525262	0.8093544299533921	-0.6877112955925123	ENSG00000100568.11	VTI1B	False
ENST00000569951	15.928815	1.5940922	0.4234698	-1.1706225	0.1320938	0.8093544299533921	-0.8791175592160777	ENSG00000169180.12	XPO6	False
ENST00000450375	17.61385	2.000957	0.83007693	-1.1708801	0.12692887	0.8093544299533921	-0.8964396002879169	ENSG00000175193.14	PARL	True
ENST00000252458	127.12813	4.488363	3.317031	-1.1713319	0.37993312	0.8231329589941108	-0.42029284728776545	ENSG00000130177.16	CDC16	False
ENST00000547351	75.166885	3.8915226	2.7201366	-1.171386	0.3028186	0.8118754707110037	-0.5188174579372479	ENSG00000015153.15	YAF2	False
ENST00000714273	85.73293	3.1010628	1.9294872	-1.1715755	0.37310952	0.8211921239768153	-0.42816367026870167	ENSG00000141646.17	SMAD4	False
ENST00000374651	82.40853	2.3726695	1.2000508	-1.1726186	0.49472994	0.8537766521893764	-0.3056318096689169	ENSG00000184677.18	ZBTB40	False
ENST00000522662	8.630463	1.3307813	0.15812688	-1.1726545	0.16116023	0.8093544299533921	-0.7927421197638683	ENSG00000133742.14	CA1	True
ENST00000374692	46.4	2.95932	1.7855988	-1.1737213	0.15794544	0.8093544299533921	-0.8014929101223165	ENSG00000095209.12	TMEM38B	False
ENST00000647543	5295.8877	8.615617	7.44184	-1.1737766	0.31507158	0.8118754707110037	-0.501590765319217	ENSG00000284931.1	ENSG00000284931	False
ENST00000378915	31.2461	2.427128	1.2529043	-1.1742238	0.27601978	0.8093544299533921	-0.559059791736059	ENSG00000143889.16	HNRNPLL	False
ENST00000572008	5796.302	9.755447	8.580542	-1.1749058	0.26112762	0.8093544299533921	-0.5831471879801877	ENSG00000134419.15	RPS15A	False
ENST00000558056	53.19752	3.1798878	2.0045156	-1.1753721	0.2935411	0.8111088466013822	-0.5323310773212154	ENSG00000185215.11	TNFAIP2	False
ENST00000620827	73.316574	3.6695147	2.4939709	-1.1755438	0.3082347	0.8118754707110037	-0.5111184832970557	ENSG00000196247.13	ZNF107	False
ENST00000226524	53.48092	2.7780838	1.6021965	-1.1758873	0.29887038	0.8111088466013822	-0.5245171174182868	ENSG00000109272.4	PF4V1	False
ENST00000642017	53.644325	2.5987194	1.4224172	-1.1763022	0.5068607	0.8558786284660064	-0.29511140373804157	ENSG00000108439.11	PNPO	False
ENST00000343796	9.38186	1.1778007	0.0	-1.1778007	0.10268131	0.8093544299533921	-0.9885086035647442	ENSG00000113580.15	NR3C1	False
ENST00000647841	1489.0295	7.6262717	6.4476275	-1.1786442	0.2278864	0.8093544299533921	-0.6422816043152956	ENSG00000182774.13	RPS17	False
ENST00000568312	17.701498	1.5048879	0.32570195	-1.179186	0.14067623	0.8093544299533921	-0.8517792783183356	ENSG00000079616.14	KIF22	True
ENST00000552864	143.50082	4.6921554	3.5122128	-1.1799426	0.16197252	0.8093544299533921	-0.7905586535835202	ENSG00000111052.8	LIN7A	False
ENST00000229332	38.382954	2.0131733	0.83263886	-1.1805345	0.25420797	0.8093544299533921	-0.594810839646124	ENSG00000111729.15	CLEC4A	False
ENST00000261811	318.5	6.007208	4.8262005	-1.1810074	0.041758165	0.8093544299533921	-1.3792585964670154	ENSG00000120306.11	CYSTM1	True
ENST00000714490	17.908112	2.129288	0.946334	-1.182954	0.33237904	0.8148546909488805	-0.4783663668132199	ENSG00000198502.7	HLA-DRB5	False
ENST00000453773	12.718448	1.4546642	0.2716381	-1.1830261	0.061806697	0.8093544299533921	-1.2089644620376865	ENSG00000127948.17	POR	True
ENST00000635023	12.3974	1.1832947	0.0	-1.1832947	0.09672358	0.8093544299533921	-1.0144676425146768	ENSG00000132849.22	PATJ	False
ENST00000468289	133.08006	3.4475727	2.2627404	-1.1848323	0.4759725	0.8502226899849371	-0.32241813542296205	ENSG00000082996.20	RNF13	False
ENST00000506568	31.077366	1.7394295	0.5542111	-1.1852183	0.21023397	0.8093544299533921	-0.6772971054688867	ENSG00000175471.20	MCTP1	False
ENST00000253788	617.87946	6.1072125	4.919334	-1.1878786	0.3386531	0.8165573104081602	-0.4702449604283162	ENSG00000131469.15	RPL27	False
ENST00000691551	42.883255	2.6283724	1.4402812	-1.1880913	0.3076633	0.8118754707110037	-0.5119243177476883	ENSG00000136861.19	CDK5RAP2	True
ENST00000406686	51.707508	3.317489	2.128985	-1.188504	0.44487882	0.8456860763700531	-0.3517582731702531	ENSG00000137266.15	SLC22A23	False
ENST00000266581	50.30674	3.4737136	2.28435	-1.1893637	0.19073701	0.8093544299533921	-0.7195650318302038	ENSG00000139211.7	AMIGO2	False
ENST00000514044	41.409813	2.8375816	1.6467061	-1.1908755	0.3444607	0.81719736681995	-0.4628603252569302	ENSG00000034533.12	ASTE1	False
ENST00000304625	130.7	4.4113975	3.2202191	-1.1911783	0.18881038	0.8093544299533921	-0.7239741375791647	ENSG00000169385.3	RNASE2	True
ENST00000372674	15.117331	1.6686372	0.47716546	-1.1914717	0.1057253	0.8093544299533921	-0.9758210603265122	ENSG00000133134.12	BEX2	False
ENST00000539214	32.74286	2.4928434	1.3008113	-1.1920321	0.18671735	0.8093544299533921	-0.7288153335932962	ENSG00000065154.12	OAT	False
ENST00000264474	625.3955	6.572168	5.3774586	-1.1947093	0.20115733	0.8093544299533921	-0.696464134320672	ENSG00000121552.4	CSTA	True
ENST00000398838	46.88506	3.0704148	1.8752552	-1.1951596	0.26610526	0.8093544299533921	-0.5749465336100804	ENSG00000090238.12	YPEL3	True
ENST00000302312	206.9799	5.1307693	3.934671	-1.1960983	0.29686245	0.8111088466013822	-0.5274447279328855	ENSG00000169877.10	AHSP	True
ENST00000529809	20.842503	2.2277343	1.0304168	-1.1973175	0.10937045	0.8093544299533921	-0.9611000101476874	ENSG00000134215.16	VAV3	False
ENST00000373044	35.6	3.1875756	1.9890397	-1.1985359	0.0645165	0.8093544299533921	-1.19032920341726	ENSG00000196449.4	YRDC	False
ENST00000345249	87.19847	4.223255	3.024429	-1.1988261	0.0053866254	0.8093544299533921	-2.268683224040063	ENSG00000138032.21	PPM1B	False
ENST00000643140	162.41776	4.144979	2.9460764	-1.1989026	0.46060315	0.8481416265840513	-0.3366730984089777	ENSG00000011198.10	ABHD5	True
ENST00000373563	311.71674	4.8255053	3.6249573	-1.2005479	0.63570076	0.9016400598756685	-0.19674726780460167	ENSG00000204120.16	GIGYF2	False
ENST00000262395	64.4	3.3311665	2.1306043	-1.2005622	0.1525603	0.8093544299533921	-0.8165584839560295	ENSG00000076604.16	TRAF4	False
ENST00000380494	242.35324	5.5197616	4.3184156	-1.2013459	0.21862426	0.8093544299533921	-0.660301639562323	ENSG00000113163.19	CERT1	False
ENST00000588614	37.548676	2.815197	1.6129276	-1.2022694	0.34630644	0.81719736681995	-0.4605394280969869	ENSG00000126653.18	NSRP1	False
ENST00000538986	12.199766	1.646603	0.4441716	-1.2024314	0.031372223	0.8093544299533921	-1.5034547059155419	ENSG00000255837.2	TAS2R20	False
ENST00000541150	102.7886	3.6502922	2.4469953	-1.2032969	0.2563301	0.8093544299533921	-0.5912003885053808	ENSG00000166037.11	CEP57	False
ENST00000498737	313.4	5.986933	4.782965	-1.203968	0.01953378	0.8093544299533921	-1.709213719585665	ENSG00000184983.11	NDUFA6	False
ENST00000372696	6.754106	1.2206751	0.016605005	-1.2040701	0.10957646	0.8093544299533921	-0.9602827194209688	ENSG00000117010.17	ZNF684	True
ENST00000521476	19.32022	1.8465748	0.6423378	-1.204237	0.12172382	0.8093544299533921	-0.9146244152522958	ENSG00000037241.7	RPL26L1	False
ENST00000298251	1982.5098	8.337896	7.1334257	-1.2044706	0.22046646	0.8093544299533921	-0.6566574618796333	ENSG00000165478.8	HEPACAM	False
ENST00000700201	20.56052	1.7847763	0.57968676	-1.2050896	0.119965196	0.8093544299533921	-0.9209447333444043	ENSG00000139618.19	BRCA2	False
ENST00000682582	19.945105	1.9348894	0.72970724	-1.2051822	0.08940865	0.8093544299533921	-1.048620457744145	ENSG00000106686.18	SPATA6L	False
ENST00000300933	134.55283	2.2687664	1.0629854	-1.205781	0.48422483	0.8524476847822213	-0.3149529481434588	ENSG00000167460.17	TPM4	False
ENST00000546591	13532.372	11.137477	9.9315605	-1.2059164	0.22404921	0.8093544299533921	-0.6496565820123852	ENSG00000229117.9	RPL41	False
ENST00000342315	23.058727	2.2222416	1.0157852	-1.2064564	0.35534802	0.8175932215882654	-0.4493460991367175	ENSG00000111335.14	OAS2	False
ENST00000680495	11.364801	1.5356641	0.32876417	-1.2068999	0.15965286	0.8093544299533921	-0.7968232999564511	ENSG00000130340.17	SNX9	False
ENST00000296503	506.72076	6.357281	5.1503005	-1.2069807	0.055052996	0.8093544299533921	-1.2592190441279865	ENSG00000164104.12	HMGB2	False
ENST00000454872	18.850595	1.7994204	0.5922468	-1.2071736	0.11570029	0.8093544299533921	-0.9366655539731815	ENSG00000177694.16	NAALADL2	False
ENST00000249356	121.2	4.3875017	3.1799152	-1.2075865	0.09045129	0.8093544299533921	-1.04358522199718	ENSG00000128590.5	DNAJB9	False
ENST00000652619	169.06007	3.4992065	2.2905135	-1.208693	0.51393646	0.858410482638302	-0.28909057121730586	ENSG00000109320.14	NFKB1	False
ENST00000338099	65.581566	3.6304789	2.4203215	-1.2101574	0.24605425	0.8093544299533921	-0.6089691344211632	ENSG00000180917.18	CMTR2	False
ENST00000369592	70.46765	3.928936	2.717971	-1.2109649	0.34689918	0.81719736681995	-0.45979672473308775	ENSG00000119953.14	SMNDC1	False
ENST00000539040	57.63966	2.602948	1.391706	-1.211242	0.37008002	0.8195473276863879	-0.43170435640441984	ENSG00000143622.12	RIT1	False
ENST00000652361	18.066238	1.8931373	0.6806362	-1.212501	0.09700009	0.8093544299533921	-1.013227852625921	ENSG00000176928.7	GCNT4	False
ENST00000625359	148.92696	3.7579985	2.5453298	-1.2126687	0.47284886	0.8499322100157903	-0.3252776514618511	ENSG00000120690.16	ELF1	False
ENST00000508855	88.87826	4.2639937	3.0512629	-1.2127309	0.01077126	0.8093544299533921	-1.967733504336101	ENSG00000134480.17	CCNH	False
ENST00000295108	45.51383	2.9153063	1.7016591	-1.2136472	0.19022614	0.8093544299533921	-0.7207298099427829	ENSG00000162992.5	NEUROD1	False
ENST00000412698	34.823357	2.7322521	1.5179737	-1.2142785	0.2948906	0.8111088466013822	-0.5303390526889162	ENSG00000154743.19	TSEN2	False
ENST00000368604	62.841908	3.1386693	1.9231665	-1.2155027	0.2003363	0.8093544299533921	-0.6982403356511618	ENSG00000188820.13	CALHM6	False
ENST00000295400	48.820686	2.57465	1.3578806	-1.2167695	0.20417382	0.8093544299533921	-0.6899999494527063	ENSG00000163235.16	TGFA	False
ENST00000399568	50.48456	3.0834696	1.8662193	-1.2172503	0.22280094	0.8093544299533921	-0.6520829806640817	ENSG00000242259.9	C22orf39	True
ENST00000374865	34.4	2.4816637	1.2643613	-1.2173024	0.18921512	0.8093544299533921	-0.7230441541037477	ENSG00000136897.8	MRPL50	False
ENST00000590726	81.80097	2.408002	1.1905805	-1.2174214	0.4774632	0.8504371505934152	-0.3210601085322433	ENSG00000126561.18	STAT5A	False
ENST00000465271	378.4789	6.145448	4.926324	-1.2191243	0.09475788	0.8093544299533921	-1.0233846766476393	ENSG00000143771.12	CNIH4	False
ENST00000445877	70.7793	3.7675695	2.548378	-1.2191916	0.26427406	0.8093544299533921	-0.5779454620530532	ENSG00000178966.17	RMI1	False
ENST00000337435	27.446295	2.5666373	1.3467598	-1.2198775	0.24059518	0.8093544299533921	-0.6187130831607542	ENSG00000170113.16	NIPA1	False
ENST00000477551	172.61575	4.461633	3.2416315	-1.2200017	0.4382364	0.8433400629331205	-0.35829156698006115	ENSG00000144895.12	EIF2A	False
ENST00000454703	831.70624	7.299724	6.0775013	-1.2222228	0.008335239	0.8093544299533921	-2.0790819297083387	ENSG00000151726.16	ACSL1	False
ENST00000558466	15.648481	1.7429091	0.52059776	-1.2223113	0.17605501	0.8093544299533921	-0.7543516014970613	ENSG00000157734.14	SNX22	False
ENST00000441179	16.93388	2.3285742	1.1045705	-1.2240037	0.07766641	0.8093544299533921	-1.1097667727558889	ENSG00000197756.10	RPL37A	False
ENST00000267396	45.4	3.0677843	1.8433712	-1.2244132	0.10565974	0.8093544299533921	-0.976090469797195	ENSG00000139890.10	REM2	False
ENST00000348354	16.59143	1.7240852	0.49717635	-1.2269089	0.10277621	0.8093544299533921	-0.9881074140532135	ENSG00000154640.15	BTG3	False
ENST00000458149	8.395559	1.2269517	0.0	-1.2269517	0.031695727	0.8093544299533921	-1.4989992788845088	ENSG00000228486.11	C2orf92	True
ENST00000616080	53.1	2.9641025	1.7370749	-1.2270277	0.25418514	0.8093544299533921	-0.5948498422435291	ENSG00000121671.12	CRY2	False
ENST00000379279	69.77739	2.3738737	1.1465732	-1.2273005	0.4659763	0.8494197755236921	-0.33163617337955387	ENSG00000089063.16	TMEM230	False
ENST00000550171	155.25827	4.9969587	3.7688084	-1.2281504	0.085670404	0.8093544299533921	-1.0671691843808235	ENSG00000111481.10	COPZ1	True
ENST00000451085	29.92622	2.305127	1.0754873	-1.2296396	0.38324425	0.823835243286134	-0.4165243566120131	ENSG00000173114.13	LRRN3	False
ENST00000527902	21.071661	1.8510796	0.62137663	-1.229703	0.11580996	0.8093544299533921	-0.936254080313481	ENSG00000162231.14	NXF1	True
ENST00000604062	29.2	1.7038163	0.47299	-1.2308263	0.14782149	0.8093544299533921	-0.8302624362292713	ENSG00000232593.8	KANTR	False
ENST00000343139	167.03539	3.9297228	2.6983728	-1.23135	0.49695614	0.8537766521893764	-0.30368193939969323	ENSG00000196735.13	HLA-DQA1	False
ENST00000451283	39.8	3.1405249	1.9087535	-1.2317713	0.2021101	0.8093544299533921	-0.6944119898973039	ENSG00000100075.10	SLC25A1	False
ENST00000311534	121.61129	4.247642	3.015594	-1.232048	0.39195225	0.8283059768450767	-0.40676684210285335	ENSG00000135070.15	ISCA1	True
ENST00000300030	39.64323	2.455467	1.2225288	-1.2329382	0.2256389	0.8093544299533921	-0.6465860334092679	ENSG00000166797.12	CIAO2A	False
ENST00000450518	45.643883	2.5836244	1.3498136	-1.2338108	0.29675514	0.8111088466013822	-0.5276017572641963	ENSG00000136518.17	ACTL6A	False
ENST00000367084	175.7849	5.1354003	3.9014766	-1.2339237	0.118850216	0.8093544299533921	-0.9250000236576184	ENSG00000180667.11	YOD1	False
ENST00000298943	15.1	1.7240893	0.48952913	-1.2345601	0.0589018	0.8093544299533921	-1.2298714206843975	ENSG00000165985.11	C1QL3	False
ENST00000326965	681.66156	5.0177455	3.7827122	-1.2350333	0.53402454	0.8659275464618654	-0.27243878815989747	ENSG00000164691.19	TAGAP	False
ENST00000431235	40.72471	2.948699	1.7132525	-1.2354465	0.19847053	0.8093544299533921	-0.7023039642230279	ENSG00000184640.20	SEPTIN9	False
ENST00000327857	515.9253	6.413937	5.1782556	-1.2356815	0.48175046	0.8508696399096464	-0.31717786335694415	ENSG00000239839.7	DEFA3	False
ENST00000482437	29.429667	2.0654042	0.82948554	-1.2359186	0.18209554	0.8093544299533921	-0.7397006850100982	ENSG00000122435.11	TRMT13	False
ENST00000310823	51.963867	2.4941416	1.2582022	-1.2359394	0.48720613	0.8529381765683051	-0.312287254984788	ENSG00000151694.15	ADAM17	False
ENST00000644421	10.48315	1.2374182	0.0	-1.2374182	0.090246	0.8093544299533921	-1.0445720412651585	ENSG00000138411.13	HECW2	False
ENST00000561139	7504.9463	9.851967	8.614414	-1.2375526	0.24485764	0.8093544299533921	-0.6110863423050463	ENSG00000166710.23	B2M	True
ENST00000612503	24.236723	2.6504357	1.4116724	-1.2387633	0.068218075	0.8093544299533921	-1.1661005414814811	ENSG00000253846.3	PCDHGA10	False
ENST00000352983	3095.1162	8.752768	7.513282	-1.2394857	0.20121118	0.8093544299533921	-0.6963478828168687	ENSG00000147604.14	RPL7	False
ENST00000617200	166.03152	4.7672315	3.5265682	-1.2406633	0.044570744	0.8093544299533921	-1.3509501159982045	ENSG00000185728.17	YTHDF3	False
ENST00000321037	66.5	3.1983483	1.9556596	-1.2426887	0.16433688	0.8093544299533921	-0.7842649755341982	ENSG00000001561.7	ENPP4	False
ENST00000390400	66.2	3.2405338	1.9976788	-1.2428551	0.23462401	0.8093544299533921	-0.6296275407625872	ENSG00000211753.4	TRBV28	False
ENST00000479035	635.73804	6.6759796	5.4324474	-1.2435322	0.12331361	0.8093544299533921	-0.9089889767140386	ENSG00000125691.14	RPL23	False
ENST00000687529	6.334658	1.3334608	0.08925731	-1.2442034	0.0111939935	0.8093544299533921	-1.9510149495573985	ENSG00000163737.5	PF4	False
ENST00000674262	101.153015	3.4398842	2.195475	-1.2444091	0.2881205	0.8109740254625081	-0.5404258278754875	ENSG00000173559.15	NABP1	False
ENST00000550831	21.602121	2.2237377	0.97919905	-1.2445387	0.18140872	0.8093544299533921	-0.7413418452391141	ENSG00000198270.13	TMEM116	False
ENST00000582666	11.82842	1.6915952	0.44688302	-1.2447121	0.08327374	0.8093544299533921	-1.0794919370020204	ENSG00000133313.15	CNDP2	False
ENST00000366557	144.45306	4.8010445	3.5561676	-1.2448769	0.38088614	0.8235211731912858	-0.4192048333855418	ENSG00000117009.12	KMO	False
ENST00000395693	84.60135	2.863287	1.6177053	-1.2455816	0.40943176	0.8323007445595858	-0.3878184764704126	ENSG00000284194.3	SCO2	False
ENST00000465428	9.1520405	1.4060701	0.1582814	-1.2477887	0.033622928	0.8093544299533921	-1.473364469863703	ENSG00000153283.13	CD96	False
ENST00000682689	30.677612	2.5538023	1.3060092	-1.2477931	0.2901426	0.8109740254625081	-0.5373885078433455	ENSG00000182923.20	CEP63	False
ENST00000505216	141.34572	4.452045	3.2025928	-1.2494521	0.39338782	0.8284185470236078	-0.4051790860091533	ENSG00000174720.18	LARP7	True
ENST00000356231	10.852414	1.661693	0.41216952	-1.2495234	0.11553931	0.8093544299533921	-0.9372702215097373	ENSG00000140326.13	CDAN1	False
ENST00000380649	100.65414	2.357906	1.1070255	-1.2508806	0.4803842	0.8507787223054524	-0.31841128439416294	ENSG00000084754.12	HADHA	False
ENST00000229447	35.534332	2.4270637	1.1751608	-1.2519029	0.20380777	0.8093544299533921	-0.6907792603320662	ENSG00000009765.15	IYD	False
ENST00000648267	133.5817	4.7618737	3.5095897	-1.252284	0.38421163	0.8239837764574925	-0.4154294936978543	ENSG00000143612.21	C1orf43	True
ENST00000697786	214.63896	5.0638814	3.8101442	-1.2537372	0.433078	0.8425983519898724	-0.36343388652257624	ENSG00000172575.14	RASGRP1	True
ENST00000242465	5021.3	9.707568	8.453013	-1.2545547	0.035161253	0.8093544299533921	-1.4539356560822885	ENSG00000122862.5	SRGN	True
ENST00000247225	55.2	3.372976	2.1169343	-1.2560418	0.08563652	0.8093544299533921	-1.0673409949874517	ENSG00000126821.8	SGPP1	False
ENST00000468929	39.79481	2.67599	1.419421	-1.2565691	0.26350257	0.8093544299533921	-0.5792151479443203	ENSG00000214113.11	LYRM4	True
ENST00000521440	18.603483	2.0011444	0.7444539	-1.2566905	0.10927415	0.8093544299533921	-0.9614825672372976	ENSG00000104408.11	EIF3E	False
ENST00000412056	19.746557	1.6383079	0.38149464	-1.2568133	0.17945817	0.8093544299533921	-0.7460367624879256	ENSG00000214078.13	CPNE1	False
ENST00000575771	20.787907	2.2376544	0.9806872	-1.2569673	0.119277455	0.8093544299533921	-0.9234416362316122	ENSG00000183011.14	NAA38	False
ENST00000389887	10.5	1.4013852	0.14393643	-1.2574488	0.06576274	0.8093544299533921	-1.1820200780929269	ENSG00000166105.16	GLB1L3	False
ENST00000335647	47.03523	2.1425924	0.88193935	-1.260653	0.36263385	0.8185742609699567	-0.4405316542268447	ENSG00000186625.14	KATNA1	False
ENST00000231009	441.3	6.2235055	4.961429	-1.2620764	0.09897156	0.8093544299533921	-1.0044895816648276	ENSG00000113088.6	GZMK	False
ENST00000290551	141.2902	4.6416984	3.379321	-1.2623773	0.3268335	0.8142173533113395	-0.4856734531130642	ENSG00000159388.6	BTG2	False
ENST00000408937	8.6834	1.7374015	0.4748757	-1.2625258	0.075790085	0.8093544299533921	-1.120387606446259	ENSG00000128573.28	FOXP2	True
ENST00000383675	364.7905	5.6500487	4.3875065	-1.2625422	0.46379146	0.8490061240727494	-0.3336772526717225	ENSG00000163608.15	NEPRO	False
ENST00000320280	80.70952	3.1749742	1.9120562	-1.262918	0.31639674	0.8118754707110037	-0.4997679957139172	ENSG00000085365.18	SCAMP1	False
ENST00000461237	1403.0883	6.804067	5.5409904	-1.2630768	0.33071518	0.8142173533113395	-0.4805458710155489	ENSG00000126860.12	EVI2A	False
ENST00000265717	503.32022	6.8373694	5.573792	-1.2635775	0.014128021	0.8093544299533921	-1.8499186693166747	ENSG00000005249.14	PRKAR2B	False
ENST00000597629	53.9	3.1907673	1.9268917	-1.2638756	0.1250042	0.8093544299533921	-0.9030753875512035	ENSG00000128016.8	ZFP36	False
ENST00000679184	47.306	2.6346128	1.3707069	-1.2639059	0.31629512	0.8118754707110037	-0.4999075125281664	ENSG00000139168.9	ZCRB1	False
ENST00000370151	21.1	2.3766673	1.1116421	-1.2650251	0.11586245	0.8093544299533921	-0.9360572866522545	ENSG00000166171.13	DPCD	False
ENST00000563745	6.0383606	1.2650332	0.0	-1.2650332	0.07185508	0.8093544299533921	-1.1435425039716733	ENSG00000196470.12	SIAH1	True
ENST00000296370	344.6	6.114679	4.8489738	-1.2657051	0.07752494	0.8093544299533921	-1.1105585741548367	ENSG00000163993.7	S100P	True
ENST00000471278	14.138412	1.6359705	0.3702486	-1.2657219	0.1345501	0.8093544299533921	-0.8711159925401786	ENSG00000181315.11	ZNF322	False
ENST00000443489	19.10277	2.0181828	0.7523128	-1.26587	0.2192472	0.8093544299533921	-0.659065930333322	ENSG00000163882.10	POLR2H	False
ENST00000348108	178.70323	5.253076	3.9863038	-1.2667723	0.0702214	0.8093544299533921	-1.153530505450757	ENSG00000092841.19	MYL6	False
ENST00000375215	51.41408	3.0849392	1.8156003	-1.269339	0.31932938	0.811950164583423	-0.4957611208767898	ENSG00000204323.5	SMIM5	False
ENST00000377049	21.53224	2.3429234	1.0732487	-1.2696747	0.045015324	0.8093544299533921	-1.3466396205483206	ENSG00000241563.4	CORT	False
ENST00000698520	40.677387	2.6289213	1.35919	-1.2697313	0.31047323	0.8118754707110037	-0.507975835297696	ENSG00000112365.6	ZBTB24	False
ENST00000382384	164.10277	4.440636	3.1708105	-1.2698257	0.4006044	0.8298121044971967	-0.3972842881733527	ENSG00000157954.15	WIPI2	False
ENST00000270142	80.14291	3.278381	2.0058537	-1.2725275	0.47889158	0.8504371505934152	-0.3197627975959996	ENSG00000142168.15	SOD1	True
ENST00000675992	22.412739	1.8933684	0.6206536	-1.2727147	0.16398919	0.8093544299533921	-0.7851847890910546	ENSG00000102445.20	RUBCNL	False
ENST00000428257	58.193855	2.9293425	1.6553576	-1.2739849	0.25720936	0.8093544299533921	-0.5897132302161525	ENSG00000151092.18	NGLY1	False
ENST00000511615	380.06134	5.400833	4.124169	-1.2766643	0.18425472	0.8093544299533921	-0.7345813762276715	ENSG00000113387.12	SUB1	False
ENST00000562250	9.5	1.2789696	0.0	-1.2789696	0.027756847	0.8093544299533921	-1.556629861583218	ENSG00000159625.15	DRC7	False
ENST00000407585	48.6501	1.7624158	0.48328766	-1.2791281	0.330899	0.8142173533113395	-0.4803045450862728	ENSG00000100266.19	PACSIN2	False
ENST00000531883	145.43198	4.503382	3.2225356	-1.2808466	0.27721575	0.8093544299533921	-0.5571821004653105	ENSG00000185946.16	RNPC3	False
ENST00000517398	18.732159	1.2809407	0.0	-1.2809407	0.13950168	0.8093544299533921	-0.8554205747754373	ENSG00000155970.12	MICU3	False
ENST00000645496	4219.745	9.062145	7.7809353	-1.28121	0.24398723	0.8093544299533921	-0.6126328991655091	ENSG00000163682.17	RPL9	False
ENST00000677172	113.41896	3.142931	1.8614296	-1.2815014	0.43748462	0.8431273635154642	-0.359037208235279	ENSG00000137876.11	RSL24D1	False
ENST00000497965	103.451675	2.5363977	1.253924	-1.2824737	0.40504467	0.8311682052758275	-0.39249707312866156	ENSG00000116251.11	RPL22	True
ENST00000692500	66.653404	3.6119244	2.3291464	-1.282778	0.04986072	0.8093544299533921	-1.302241458036215	ENSG00000235453.12	SMIM27	False
ENST00000513826	42.778248	2.490013	1.2068183	-1.2831945	0.31366938	0.8118754707110037	-0.5035278696180991	ENSG00000145868.17	FBXO38	False
ENST00000691494	10.882622	1.7872458	0.50302255	-1.2842232	0.21868774	0.8093544299533921	-0.6601755576984907	ENSG00000109756.10	RAPGEF2	False
ENST00000394888	68.7	2.3800895	1.0952429	-1.2848467	0.42896748	0.8407629197723834	-0.3675756345669814	ENSG00000149532.16	CPSF7	False
ENST00000613385	316.6173	5.9318995	4.6463475	-1.285552	0.4311041	0.8410214692507391	-0.36541785304036134	ENSG00000177576.12	C18orf32	False
ENST00000684578	15.4	1.9174832	0.6312714	-1.2862117	0.036476992	0.8093544299533921	-1.4379809812253892	ENSG00000100505.14	TRIM9	False
ENST00000687975	26.478903	1.9628235	0.6749741	-1.2878494	0.16405328	0.8093544299533921	-0.7850150922317963	ENSG00000140374.17	ETFA	False
ENST00000223293	97.46183	3.7775638	2.4888167	-1.2887471	0.23608102	0.8093544299533921	-0.6269389288715451	ENSG00000106560.11	GIMAP2	False
ENST00000454402	31.678265	2.3063602	1.0172442	-1.289116	0.19271019	0.8093544299533921	-0.7150953181260727	ENSG00000111445.14	RFC5	False
ENST00000558397	30.478418	1.9074162	0.61804825	-1.2893679	0.20704518	0.8093544299533921	-0.6839348699709733	ENSG00000182774.13	RPS17	False
ENST00000615206	37.475994	2.4597385	1.1689163	-1.2908221	0.4440148	0.8455994575468359	-0.352602565700129	ENSG00000181852.18	RNF41	False
ENST00000685005	15.08891	1.293018	0.0	-1.293018	0.09204746	0.8093544299533921	-1.035988189336786	ENSG00000181555.22	SETD2	False
ENST00000339600	639.7377	6.836085	5.541487	-1.2945976	0.11071581	0.8093544299533921	-0.9557903720857657	ENSG00000189043.10	NDUFA4	False
ENST00000498399	12.637364	1.3039198	0.008133535	-1.2957863	0.11588098	0.8093544299533921	-0.9359878365683446	ENSG00000113845.10	TIMMDC1	True
ENST00000218056	17.58464	1.6894459	0.39285934	-1.2965865	0.17310534	0.8093544299533921	-0.7616895242075226	ENSG00000101940.18	WDR13	False
ENST00000232744	53.5	2.146124	0.8492333	-1.2968905	0.34170178	0.81719736681995	-0.4663527642112663	ENSG00000114626.18	ABTB1	False
ENST00000418996	15.965197	2.1896198	0.8914903	-1.2981296	0.08052871	0.8093544299533921	-1.0940492777608533	ENSG00000114956.20	DGUOK	False
ENST00000616393	89.17268	3.496886	2.1966705	-1.3002155	0.42929634	0.840824720967489	-0.3672428095455625	ENSG00000121766.16	ZCCHC17	False
ENST00000684139	29.23497	2.33717	1.0355904	-1.3015795	0.35146767	0.8172002775093227	-0.45411461891236315	ENSG00000119392.16	GLE1	False
ENST00000286953	345.1971	5.7922683	4.489142	-1.3031263	0.10042253	0.8093544299533921	-0.9981688354952234	ENSG00000156411.10	ATP5MJ	False
ENST00000381441	19.113518	1.8168751	0.51210326	-1.3047719	0.18576194	0.8093544299533921	-0.7310432539506448	ENSG00000109184.15	DCUN1D4	False
ENST00000527309	186.80525	5.0641294	3.7583852	-1.3057442	0.34178078	0.81719736681995	-0.4662523612067272	ENSG00000023445.17	BIRC3	True
ENST00000698384	30.32814	2.4068866	1.0972823	-1.3096043	0.34408268	0.81719736681995	-0.46333718360028	ENSG00000134900.13	TPP2	False
ENST00000371027	19.496387	1.5221615	0.21212156	-1.3100399	0.12478983	0.8093544299533921	-0.9038208188504007	ENSG00000213390.11	ARHGAP19	False
ENST00000438958	52.52738	2.5048888	1.1942158	-1.310673	0.26414925	0.8093544299533921	-0.57815062037108	ENSG00000215252.12	GOLGA8B	False
ENST00000612750	73.10803	3.6625855	2.3517141	-1.3108714	0.1806726	0.8093544299533921	-0.743107703527635	ENSG00000164934.15	DCAF13	False
ENST00000418019	38.845592	2.3877316	1.0748188	-1.3129127	0.21278566	0.8093544299533921	-0.6720576407689176	ENSG00000135913.11	USP37	False
ENST00000339561	31.713781	2.3933153	1.0797021	-1.3136132	0.1922866	0.8093544299533921	-0.7160509893729678	ENSG00000112782.19	CLIC5	False
ENST00000399933	209.1674	5.356081	4.041811	-1.31427	0.41483855	0.8342754494547844	-0.3821208898212771	ENSG00000183354.12	BRD10	False
ENST00000392404	17.562725	1.6491817	0.33414564	-1.315036	0.16561744	0.8093544299533921	-0.7808939427078931	ENSG00000179195.16	ZNF664	False
ENST00000475134	19.819622	1.5498401	0.23467529	-1.3151648	0.16243702	0.8093544299533921	-0.789314981857894	ENSG00000036054.13	TBC1D23	False
ENST00000695451	17.672186	1.7641352	0.4482587	-1.3158765	0.12295724	0.8093544299533921	-0.9102459042995933	ENSG00000132842.15	AP3B1	False
ENST00000299665	116.0	4.2592216	2.9431453	-1.3160763	0.06916795	0.8093544299533921	-1.1600951004031583	ENSG00000166527.8	CLEC4D	False
ENST00000409502	37.91729	3.103573	1.7867293	-1.3168437	0.1840066	0.8093544299533921	-0.7351665956052628	ENSG00000164088.18	PPM1M	False
ENST00000524753	16.680462	1.6701831	0.35248703	-1.3176961	0.10237785	0.8093544299533921	-0.9897940085679948	ENSG00000110768.12	GTF2H1	False
ENST00000368295	13.09375	1.3177296	0.0	-1.3177296	0.08580408	0.8093544299533921	-1.0664920484596798	ENSG00000093144.19	ECHDC1	True
ENST00000394157	23.325668	1.9876328	0.66956353	-1.3180692	0.1282208	0.8093544299533921	-0.8920415293441035	ENSG00000080815.20	PSEN1	False
ENST00000376960	89.03405	3.193805	1.8757203	-1.3180847	0.33327597	0.8148546909488805	-0.4771959939409024	ENSG00000107372.13	ZFAND5	False
ENST00000529373	64.84483	2.9987128	1.6797073	-1.3190055	0.25521833	0.8093544299533921	-0.593088142455105	ENSG00000108312.16	UBTF	False
ENST00000333628	142.09636	3.8504589	2.5309787	-1.3194802	0.4102539	0.8324648546020382	-0.38694726879207675	ENSG00000137267.7	TUBB2A	False
ENST00000506564	14.128481	2.0219104	0.7019198	-1.3199906	0.049227513	0.8093544299533921	-1.3077921011702391	ENSG00000152942.19	RAD17	False
ENST00000322434	85.4174	3.7776763	2.4561837	-1.3214927	0.10806011	0.8093544299533921	-0.9663346082292688	ENSG00000178338.11	ZNF354B	False
ENST00000406900	35.697567	2.2576094	0.9358032	-1.3218062	0.22628821	0.8093544299533921	-0.64533806463349	ENSG00000096717.12	SIRT1	False
ENST00000706436	76.41781	4.1404986	2.8180442	-1.3224545	0.250242	0.8093544299533921	-0.6016398065347426	ENSG00000085063.18	CD59	False
ENST00000367572	64.20216	3.0828774	1.7584856	-1.3243918	0.33496115	0.8158433703746901	-0.475005566115171	ENSG00000118495.21	PLAGL1	False
ENST00000601655	15.070198	1.7350065	0.4078169	-1.3271896	0.11080698	0.8093544299533921	-0.9554328844674997	ENSG00000105193.9	RPS16	False
ENST00000547303	82.48509	3.9320383	2.602321	-1.3297174	0.22967096	0.8093544299533921	-0.638893920473296	ENSG00000175197.13	DDIT3	True
ENST00000477431	108.89205	3.5372334	2.2064059	-1.3308275	0.3224381	0.813375565831349	-0.49155365870577483	ENSG00000009790.15	TRAF3IP3	True
ENST00000674629	9.13587	1.3313369	0.0	-1.3313369	0.08163779	0.8093544299533921	-1.0881087483160532	ENSG00000134684.13	YARS1	False
ENST00000643342	25.811197	1.6811422	0.34748507	-1.3336571	0.1406536	0.8093544299533921	-0.8518491621031294	ENSG00000166340.18	TPP1	False
ENST00000374897	48.636528	2.3569486	1.0225326	-1.334416	0.3451569	0.81719736681995	-0.46198343013724436	ENSG00000204267.19	TAP2	False
ENST00000464969	50.561115	3.4532049	2.1180248	-1.33518	0.2908392	0.8109740254625081	-0.5363470657140879	ENSG00000166197.17	NOLC1	True
ENST00000645195	375.37933	5.76412	4.4274654	-1.3366547	0.15695658	0.8093544299533921	-0.8042204638812515	ENSG00000138326.21	RPS24	False
ENST00000695719	86.82066	3.1475563	1.8106403	-1.336916	0.35869217	0.8182605935073269	-0.44527810454770866	ENSG00000137752.25	CASP1	False
ENST00000273130	112.8187	4.3611064	3.0230489	-1.3380575	0.28507647	0.8106393935615843	-0.5450386287997703	ENSG00000144635.9	DYNC1LI1	False
ENST00000522100	157.52957	4.591059	3.252638	-1.3384211	0.48518792	0.8528619444606792	-0.3140900223849068	ENSG00000145901.17	TNIP1	False
ENST00000529361	86.880905	4.0909667	2.7523527	-1.338614	0.067768976	0.8093544299533921	-1.1689690759773066	ENSG00000205531.14	NAP1L4	False
ENST00000620366	55.96526	3.4354622	2.0958858	-1.3395765	0.3027423	0.8118754707110037	-0.5189268904970247	ENSG00000122203.15	KIAA1191	False
ENST00000340450	1327.392	6.662255	5.3209057	-1.3413491	0.57681274	0.8791592407063943	-0.2389651528503343	ENSG00000131236.18	CAP1	False
ENST00000301634	13.9	1.9700998	0.6279446	-1.3421552	0.047902353	0.8093544299533921	-1.3196431522078136	ENSG00000167900.12	TK1	False
ENST00000505719	39.719433	2.7107313	1.36612	-1.3446113	0.12499083	0.8093544299533921	-0.9031218537880482	ENSG00000163319.11	MRPS18C	True
ENST00000370303	18.411015	2.0034297	0.65835345	-1.3450762	0.19056307	0.8093544299533921	-0.7199612642827153	ENSG00000143033.18	MTF2	False
ENST00000676749	22.271236	1.8946543	0.54927117	-1.3453832	0.14750223	0.8093544299533921	-0.8312014178617934	ENSG00000122566.22	HNRNPA2B1	False
ENST00000346991	18.444069	2.3172083	0.9717545	-1.3454537	0.33120167	0.8142173533113395	-0.4799074787134081	ENSG00000137812.21	KNL1	False
ENST00000307116	144.22108	3.7991295	2.4535675	-1.345562	0.49751353	0.8540375487251681	-0.30319510171159	ENSG00000122884.13	P4HA1	False
ENST00000443905	251.30508	5.479613	4.1307592	-1.3488536	0.40175897	0.8298121044971967	-0.39603441930650235	ENSG00000081665.14	ZNF506	False
ENST00000677825	246.08322	4.4370112	3.0880625	-1.3489487	0.57409406	0.8777489156802054	-0.24101694884630154	ENSG00000116539.14	ASH1L	False
ENST00000216146	834.9456	3.0739956	1.7226422	-1.3513534	0.5896777	0.8835878660490217	-0.22938530203266402	ENSG00000100316.16	RPL3	False
ENST00000282541	34.6	2.0984278	0.74625695	-1.3521708	0.17525622	0.8093544299533921	-0.7563265534265018	ENSG00000152642.11	GPD1L	False
ENST00000501597	1522.9291	7.872915	6.520081	-1.3528337	0.122045115	0.8093544299533921	-0.9134796003427242	ENSG00000229117.9	RPL41	False
ENST00000298784	66.31409	3.325113	1.9716841	-1.353429	0.2184491	0.8093544299533921	-0.6606497385296609	ENSG00000122376.12	SHLD2	False
ENST00000697276	68.15292	2.673563	1.3196353	-1.3539277	0.41811258	0.836886090598871	-0.37870676952523397	ENSG00000122432.19	SPATA1	False
ENST00000445273	132.889	4.1887145	2.8340333	-1.3546813	0.3521073	0.8172002775093227	-0.45332498761457823	ENSG00000120694.20	HSPH1	False
ENST00000370944	88.02498	3.0969455	1.7397377	-1.3572078	0.30177474	0.8118754707110037	-0.5203171152647488	ENSG00000118454.13	ANKRD13C	False
ENST00000497872	16.620457	1.6527361	0.29448336	-1.3582528	0.098399304	0.8093544299533921	-1.00700797406508	ENSG00000211890.4	IGHA2	True
ENST00000679833	83.015045	3.4651344	2.1049218	-1.3602126	0.2555985	0.8093544299533921	-0.5924417238862877	ENSG00000118217.7	ATF6	False
ENST00000611732	138.34428	4.540006	3.1796885	-1.3603177	0.30105203	0.8118754707110037	-0.5213584343625286	ENSG00000118707.11	TGIF2	False
ENST00000266742	122.444016	4.073612	2.7108727	-1.3627396	0.3034205	0.8118754707110037	-0.5179550604687106	ENSG00000139350.12	NEDD1	False
ENST00000394196	292.2227	5.886765	4.5238953	-1.3628697	0.117690586	0.8093544299533921	-0.9292582763717658	ENSG00000173575.24	CHD2	False
ENST00000353170	20.41134	1.8337728	0.46851072	-1.365262	0.121229224	0.8093544299533921	-0.9163926751230058	ENSG00000104731.14	KLHDC4	False
ENST00000643660	37.80162	2.2434978	0.8773598	-1.366138	0.27847353	0.8093544299533921	-0.5552160857852005	ENSG00000101266.19	CSNK2A1	False
ENST00000643362	159.01646	4.169496	2.8030548	-1.3664412	0.47666812	0.8504371505934152	-0.3217838936328389	ENSG00000165699.16	TSC1	False
ENST00000475004	121.64934	4.4174886	3.0494175	-1.3680711	0.29827625	0.8111088466013822	-0.5253813320158085	ENSG00000100201.23	DDX17	False
ENST00000672656	10.770281	1.5149989	0.1466662	-1.3683327	0.04122836	0.8093544299533921	-1.3848039253735807	ENSG00000118096.10	IFT46	True
ENST00000372573	16.06902	1.3684888	0.0	-1.3684888	0.118134834	0.8093544299533921	-0.9276220250966731	ENSG00000198815.9	FOXJ3	False
ENST00000303910	16.1	1.8987991	0.52947783	-1.3693212	0.08693287	0.8093544299533921	-1.0608159935123211	ENSG00000277075.3	H2AC8	False
ENST00000354273	31.662134	2.3573945	0.98740745	-1.369987	0.23934542	0.8093544299533921	-0.6209748850388117	ENSG00000197142.11	ACSL5	False
ENST00000527963	24.09501	2.1658404	0.7954704	-1.3703699	0.19686675	0.8093544299533921	-0.7058276266724229	ENSG00000172890.13	NADSYN1	True
ENST00000535334	19.543953	1.6603245	0.28783974	-1.3724847	0.10913483	0.8093544299533921	-0.9620366215949314	ENSG00000169379.17	ARL13B	False
ENST00000455546	43.695457	2.6454942	1.2729676	-1.3725266	0.12128927	0.8093544299533921	-0.916177624487887	ENSG00000119041.11	GTF3C3	False
ENST00000580103	107.85325	3.6194375	2.2436438	-1.3757937	0.30675602	0.8118754707110037	-0.5132069061883677	ENSG00000126653.18	NSRP1	False
ENST00000571627	54.90812	3.3900993	2.0139842	-1.3761151	0.02505358	0.8093544299533921	-1.6011302184851781	ENSG00000189067.14	LITAF	True
ENST00000695714	91.81132	2.8449981	1.4679105	-1.3770876	0.3198001	0.8121593305743525	-0.4951213930122687	ENSG00000137752.25	CASP1	True
ENST00000394077	535.81946	5.500141	4.120964	-1.3791771	0.49486768	0.8537766521893764	-0.30551090704737704	ENSG00000114391.14	RPL24	False
ENST00000706688	49.924103	2.5237718	1.1425413	-1.3812305	0.3625444	0.8185742609699567	-0.44063881364341906	ENSG00000109519.14	GRPEL1	False
ENST00000372626	29.261856	2.2425783	0.86086977	-1.3817085	0.0830641	0.8093544299533921	-1.0805866275955265	ENSG00000172465.14	TCEAL1	False
ENST00000330233	54.43685	3.2926652	1.9108803	-1.3817849	0.11802254	0.8093544299533921	-0.928035047713399	ENSG00000213145.10	CRIP1	False
ENST00000544665	67.02571	2.7611382	1.3793153	-1.381823	0.4775276	0.8504371505934152	-0.3210015324924238	ENSG00000169896.18	ITGAM	False
ENST00000570059	32.402138	2.3461027	0.9636961	-1.3824066	0.14912558	0.8093544299533921	-0.8264478657925843	ENSG00000069943.10	PIGB	True
ENST00000361575	1369.782	7.4378123	6.0534196	-1.3843927	0.22752954	0.8093544299533921	-0.6429622099436031	ENSG00000198918.8	RPL39	False
ENST00000409654	45.986813	3.3365657	1.9497633	-1.3868024	0.13415942	0.8093544299533921	-0.8723788410233619	ENSG00000135999.12	EPC2	True
ENST00000698219	9.803679	1.3876902	0.0	-1.3876902	0.07561292	0.8093544299533921	-1.1214040042583127	ENSG00000101109.13	STK4	True
ENST00000394990	14.4	1.3894106	0.0	-1.3894106	0.06425774	0.8093544299533921	-1.1920745464406828	ENSG00000186577.14	SMIM29	True
ENST00000504948	54.20446	3.2630987	1.8728929	-1.3902059	0.30203536	0.8118754707110037	-0.5199422079778774	ENSG00000017260.20	ATP2C1	False
ENST00000682242	435.0753	5.6450157	4.2538433	-1.3911724	0.1871255	0.8093544299533921	-0.7278670168882856	ENSG00000188243.14	COMMD6	True
ENST00000311936	84.32817	2.2630646	0.87162787	-1.3914368	0.35834405	0.8182605935073269	-0.445699804334086	ENSG00000133703.14	KRAS	False
ENST00000453741	61.562084	3.7256367	2.3332968	-1.39234	0.19683927	0.8093544299533921	-0.7058882476977442	ENSG00000213020.10	ZNF611	False
ENST00000369168	655.598	6.941616	5.547412	-1.3942041	0.07784644	0.8093544299533921	-1.1087612562599682	ENSG00000150337.14	FCGR1A	False
ENST00000502534	2207.7642	8.07144	6.676607	-1.3948326	0.19221555	0.8093544299533921	-0.7162114882163637	ENSG00000109475.17	RPL34	False
ENST00000603011	30.487461	2.116562	0.720396	-1.3961658	0.22071426	0.8093544299533921	-0.6561696143921193	ENSG00000107745.20	MICU1	False
ENST00000274065	759.9618	6.598036	5.2009716	-1.3970642	0.21661052	0.8093544299533921	-0.6643204529036921	ENSG00000145425.10	RPS3A	False
ENST00000370109	81.3124	3.7110593	2.3138423	-1.397217	0.22527482	0.8093544299533921	-0.6472873560615646	ENSG00000117543.22	DPH5	False
ENST00000397732	18.8577	2.1521654	0.75470823	-1.3974571	0.17773156	0.8093544299533921	-0.7502354503943771	ENSG00000242852.7	ZNF709	False
ENST00000473814	20.880249	2.2513964	0.8536874	-1.397709	0.14716683	0.8093544299533921	-0.8321900551195349	ENSG00000186591.13	UBE2H	False
ENST00000370447	190.99963	5.280089	3.8813674	-1.3987215	0.35653082	0.8176176581231089	-0.44790292762498973	ENSG00000162664.17	ZNF326	False
ENST00000706694	15.134285	1.7659413	0.36601022	-1.3999311	0.029952679	0.8093544299533921	-1.5235643302424855	ENSG00000188342.13	GTF2F2	False
ENST00000623287	96.35806	3.0209334	1.62045	-1.4004834	0.3759691	0.8226496355690782	-0.4248478334605992	ENSG00000239900.14	ADSL	False
ENST00000420377	12.583146	1.4005073	0.0	-1.4005073	0.075598955	0.8093544299533921	-1.1214842067978152	ENSG00000134242.16	PTPN22	False
ENST00000370752	22.0	1.930203	0.52947783	-1.4007251	0.11842315	0.8093544299533921	-0.926563394776924	ENSG00000165359.16	INTS6L	False
ENST00000646110	47.335655	2.2527184	0.8501849	-1.4025335	0.22133459	0.8093544299533921	-0.6549507066013878	ENSG00000185811.21	IKZF1	True
ENST00000556221	105.32949	4.262994	2.8597734	-1.4032204	0.25845444	0.8093544299533921	-0.5876159992671013	ENSG00000100902.11	PSMA6	False
ENST00000233468	77.4	3.948469	2.544005	-1.404464	0.13570747	0.8093544299533921	-0.8673962530574978	ENSG00000115128.7	SF3B6	False
ENST00000699324	36.066406	2.8464162	1.4399903	-1.406426	0.24274185	0.8093544299533921	-0.6148553371442362	ENSG00000151694.15	ADAM17	False
ENST00000358375	30.86764	1.4065418	0.0	-1.4065418	0.10517396	0.8093544299533921	-0.9780917724034305	ENSG00000170909.14	OSCAR	False
ENST00000557342	12.770731	1.6482453	0.24159929	-1.406646	0.029758304	0.8093544299533921	-1.526391818729271	ENSG00000119705.10	SLIRP	False
ENST00000420366	34.941998	2.4276786	1.0210192	-1.4066594	0.30857602	0.8118754707110037	-0.5106378301225716	ENSG00000095370.20	SH2D3C	False
ENST00000553573	18.64608	1.4072281	0.0	-1.4072281	0.095847175	0.8093544299533921	-1.0184206851455888	ENSG00000198604.11	BAZ1A	True
ENST00000318887	45.4	3.2679975	1.8580134	-1.4099841	0.008206317	0.8093544299533921	-2.0858517001289147	ENSG00000179021.10	C3orf38	False
ENST00000613034	54.675343	2.7413177	1.3309208	-1.4103969	0.24090667	0.8093544299533921	-0.6181511742500316	ENSG00000028839.10	TBPL1	False
ENST00000570054	25.245174	1.6708788	0.2596809	-1.4111979	0.16260669	0.8093544299533921	-0.7888616002745141	ENSG00000260914.3	ENSG00000260914	False
ENST00000396499	20.690928	1.7749125	0.3636284	-1.4112841	0.15191118	0.8093544299533921	-0.8184102507986057	ENSG00000183323.13	CCDC125	False
ENST00000613645	106.81106	3.51043	2.0982218	-1.4122083	0.35986432	0.8183278143069013	-0.44386120562281484	ENSG00000172794.20	RAB37	False
ENST00000370688	9.987539	1.4144653	0.0	-1.4144653	0.019842448	0.8093544299533921	-1.70240475543346	ENSG00000142875.21	PRKACB	False
ENST00000229708	17.233637	2.0391376	0.62465346	-1.4144841	0.01969871	0.8093544299533921	-1.7055622298884696	ENSG00000111981.5	ULBP1	False
ENST00000546260	70.94266	1.8009249	0.38468832	-1.4162366	0.2581328	0.8093544299533921	-0.588156832019607	ENSG00000291237.1	SOD2	False
ENST00000403028	125.7338	2.7965086	1.378088	-1.4184206	0.47101834	0.8496539504698483	-0.3269621786162914	ENSG00000104047.15	DTWD1	False
ENST00000530660	237.94247	5.046019	3.6272268	-1.4187922	0.35946235	0.8183252159569281	-0.44434659006528376	ENSG00000165494.12	PCF11	False
ENST00000293968	27.158972	2.4857392	1.0649385	-1.4208007	0.1576706	0.8093544299533921	-0.8022492736427735	ENSG00000162063.13	CCNF	True
ENST00000674309	75.80392	2.7614315	1.3399115	-1.42152	0.45914462	0.847884044482156	-0.33805049816264443	ENSG00000133706.20	LARS1	False
ENST00000442111	74.60773	2.4072397	0.984681	-1.4225587	0.37248993	0.8209965449579449	-0.42888546453268606	ENSG00000151948.12	GLT1D1	False
ENST00000519824	1720.0375	7.112171	5.689071	-1.4231	0.57020164	0.8768692392893742	-0.24397154145111657	ENSG00000153310.22	CYRIB	False
ENST00000698322	258.7432	2.6188467	1.1952507	-1.4235959	0.48173857	0.8508696399096464	-0.3171885832521209	ENSG00000131508.17	UBE2D2	False
ENST00000574298	66.1	3.8426037	2.418992	-1.4236116	0.17727129	0.8093544299533921	-0.7513615909829271	ENSG00000162086.16	ZNF75A	False
ENST00000245458	6031.4033	9.745494	8.317837	-1.4276571	0.14228766	0.8093544299533921	-0.846832772964581	ENSG00000213741.11	RPS29	False
ENST00000517878	89.68199	3.4899914	2.0620143	-1.4279771	0.27034914	0.8093544299533921	-0.5680749996793845	ENSG00000022567.10	SLC45A4	False
ENST00000687700	266.59744	5.5671334	4.1348643	-1.4322691	0.38902476	0.8259378738446596	-0.41002275174305924	ENSG00000155506.19	LARP1	False
ENST00000683698	53.844036	1.9769564	0.5408726	-1.4360838	0.21301644	0.8093544299533921	-0.6715868868274321	ENSG00000135317.14	SNX14	False
ENST00000376758	23.639349	2.4460108	1.00913	-1.4368808	0.14578836	0.8093544299533921	-0.8362771594161967	ENSG00000204619.8	PPP1R11	False
ENST00000454252	27.603525	2.7505925	1.3118486	-1.4387438	0.17243488	0.8093544299533921	-0.763374877509934	ENSG00000183765.24	CHEK2	True
ENST00000514247	38.352364	2.4326842	0.9931414	-1.4395428	0.2990101	0.8111551423698692	-0.5243141447084926	ENSG00000109775.11	UFSP2	False
ENST00000481224	94.934715	4.2163177	2.7758963	-1.4404213	0.25748837	0.8093544299533921	-0.5892423820954285	ENSG00000172794.20	RAB37	False
ENST00000515828	71.00271	3.8320782	2.3904088	-1.4416695	0.027786983	0.8093544299533921	-1.5561586018614915	ENSG00000172932.16	ANKRD13D	True
ENST00000452328	558.1258	6.630653	5.188042	-1.4426107	0.07730231	0.8093544299533921	-1.1118075454754672	ENSG00000077684.16	JADE1	False
ENST00000374104	109.151535	2.881281	1.4380395	-1.4432414	0.37613374	0.8226842929596185	-0.4246577077471571	ENSG00000244462.8	RBM12	False
ENST00000416505	74.53288	4.204574	2.7612944	-1.4432797	0.23542188	0.8093544299533921	-0.6281531744979769	ENSG00000104365.16	IKBKB	False
ENST00000566395	104.68567	3.7174942	2.273497	-1.4439971	0.24215214	0.8093544299533921	-0.6159116893749907	ENSG00000117616.18	RSRP1	False
ENST00000367881	194.75697	4.5109525	3.0638285	-1.447124	0.16732319	0.8093544299533921	-0.7764438720345557	ENSG00000143183.18	TMCO1	False
ENST00000642557	41.534096	2.5608613	1.1128683	-1.447993	0.26611018	0.8093544299533921	-0.5749385083173095	ENSG00000235169.11	SMIM1	False
ENST00000618908	64.700005	3.4935086	2.0415916	-1.4519169	0.31370205	0.8118754707110037	-0.5034826475695141	ENSG00000002549.13	LAP3	False
ENST00000652273	12.999927	1.8946863	0.4405898	-1.4540966	0.0876259	0.8093544299533921	-1.0573675162184344	ENSG00000160953.17	PWWP3A	False
ENST00000534981	60.188103	3.1250932	1.6706984	-1.4543948	0.20661207	0.8093544299533921	-0.6848443207708735	ENSG00000111726.13	CMAS	False
ENST00000314088	736.02234	7.0229473	5.568515	-1.4544325	0.05887537	0.8093544299533921	-1.2300663448624714	ENSG00000180573.10	H2AC6	False
ENST00000405005	69.320175	2.1633942	0.70796204	-1.4554322	0.32222736	0.8132758769142434	-0.4918375884379531	ENSG00000157168.22	NRG1	False
ENST00000527610	30.370342	2.0854905	0.6296656	-1.4558249	0.23942828	0.8093544299533921	-0.6208245511004472	ENSG00000172922.11	RNASEH2C	False
ENST00000304043	1602.5537	7.991735	6.5328865	-1.4588485	0.07959769	0.8093544299533921	-1.0990995400175883	ENSG00000169567.13	HINT1	False
ENST00000714483	230.28496	5.5742717	4.114496	-1.4597754	0.37497267	0.822029190427276	-0.4260003833362077	ENSG00000132612.17	VPS4A	False
ENST00000435644	876.9489	7.40699	5.947097	-1.4598932	0.46399167	0.8490390395771057	-0.3334898145388636	ENSG00000023287.13	RB1CC1	False
ENST00000426851	41.36637	1.899841	0.4399392	-1.4599018	0.1765283	0.8093544299533921	-0.7531856492589856	ENSG00000197024.9	ZNF398	False
ENST00000431350	257.7995	5.701528	4.2410774	-1.4604506	0.3902909	0.8266192438917577	-0.4086115899819389	ENSG00000198586.14	TLK1	False
ENST00000683178	296.7814	4.4144506	2.953784	-1.4606667	0.4929099	0.8537766521893764	-0.3072324517287137	ENSG00000055609.21	KMT2C	False
ENST00000340160	11.805272	1.7137157	0.25290886	-1.4608068	0.12520005	0.8093544299533921	-0.9023955043141256	ENSG00000157570.12	TSPAN18	False
ENST00000355028	113.6958	4.078445	2.6175933	-1.4608517	0.29336122	0.8111088466013822	-0.5325973017068686	ENSG00000099968.18	BCL2L13	True
ENST00000485960	250.8809	5.6936727	4.2313857	-1.462287	0.06849645	0.8093544299533921	-1.164331931366024	ENSG00000121749.16	TBC1D15	False
ENST00000378000	50.66247	3.2274296	1.7637422	-1.4636874	0.272287	0.8093544299533921	-0.5649730752297192	ENSG00000165983.15	PTER	False
ENST00000249837	336.02512	5.8721204	4.407449	-1.4646716	0.3782915	0.8230751633283137	-0.42217343108158745	ENSG00000129003.19	VPS13C	False
ENST00000683977	21.555794	2.1556628	0.68987614	-1.4657867	0.1550936	0.8093544299533921	-0.8094061360751375	ENSG00000123473.17	STIL	False
ENST00000553713	36.63017	2.2060435	0.73784673	-1.4681967	0.15590401	0.8093544299533921	-0.8071427143707854	ENSG00000119684.16	MLH3	False
ENST00000617872	143.07254	4.3154616	2.8432684	-1.4721932	0.47423807	0.8500118764885034	-0.32400358743016505	ENSG00000173436.15	MICOS10	True
ENST00000247655	1027.3015	7.3598332	5.887023	-1.4728103	0.1571875	0.8093544299533921	-0.8035819751489475	ENSG00000127184.13	COX7C	False
ENST00000368465	184.7067	5.3813834	3.9084003	-1.4729831	0.34985268	0.81719736681995	-0.4561147934439384	ENSG00000163346.17	PBXIP1	False
ENST00000535419	46.2	2.903531	1.4303222	-1.4732089	0.2078373	0.8093544299533921	-0.6822765112323492	ENSG00000101856.10	PGRMC1	False
ENST00000396319	319.28534	3.1080217	1.6342981	-1.4737236	0.51821524	0.8589934435588001	-0.2854898199546977	ENSG00000106052.14	TAX1BP1	False
ENST00000394701	59.388832	2.1159737	0.6413144	-1.4746593	0.2647374	0.8093544299533921	-0.5771847048970394	ENSG00000164022.18	AIMP1	False
ENST00000371725	45.345222	2.808286	1.333621	-1.4746649	0.20731543	0.8093544299533921	-0.683368373091518	ENSG00000165689.17	ENTR1	False
ENST00000620047	118.554565	3.6234953	2.1472611	-1.4762342	0.26140088	0.8093544299533921	-0.5826929573201044	ENSG00000196262.15	PPIA	True
ENST00000395862	189.47318	5.066946	3.5906267	-1.4763193	0.31862974	0.8118754707110037	-0.49671368854824116	ENSG00000155097.12	ATP6V1C1	False
ENST00000673644	19.123728	1.7891822	0.312815	-1.4763672	0.029305307	0.8093544299533921	-1.533053721741284	ENSG00000139154.16	AEBP2	False
ENST00000376550	52.13094	2.3020933	0.8239173	-1.4781759	0.22614668	0.8093544299533921	-0.6456097776871695	ENSG00000015532.10	XYLT2	False
ENST00000343537	32.936928	2.5032756	1.0200714	-1.4832042	0.29851636	0.8111088466013822	-0.5250318584213768	ENSG00000143514.18	TP53BP2	False
ENST00000493793	205.68193	5.1553254	3.6719127	-1.4834127	0.3179539	0.8118754707110037	-0.49763582394800165	ENSG00000085832.18	EPS15	False
ENST00000318789	187.95036	2.5380313	1.0538819	-1.4841495	0.46104023	0.8481416265840513	-0.33626117808316647	ENSG00000114861.24	FOXP1	False
ENST00000474024	222.17256	5.172512	3.6877437	-1.4847684	0.33738744	0.8159197719302365	-0.47187108569436775	ENSG00000125868.16	DSTN	False
ENST00000474655	21.12008	1.4852687	4.299566e-08	-1.4852687	0.1009465	0.8093544299533921	-0.9959087303833912	ENSG00000131018.25	SYNE1	True
ENST00000376442	17.595303	2.222537	0.7371489	-1.4853882	0.07546486	0.8093544299533921	-1.122255231581228	ENSG00000204560.10	DHX16	False
ENST00000537798	52.812336	2.407507	0.92206305	-1.4854438	0.30579036	0.8118754707110037	-0.5145762030479148	ENSG00000132780.17	NASP	False
ENST00000519618	44.150154	2.7788963	1.2933174	-1.4855789	0.18975742	0.8093544299533921	-0.7218012293854301	ENSG00000104472.10	CHRAC1	False
ENST00000342435	134.38583	3.266615	1.7774463	-1.4891686	0.3956595	0.8293641072483107	-0.4026783952261583	ENSG00000188313.13	PLSCR1	False
ENST00000616983	29.713993	2.587303	1.0961349	-1.491168	0.30519357	0.8118754707110037	-0.5154246159901811	ENSG00000170180.22	GYPA	False
ENST00000368282	48.45859	2.4319603	0.93977034	-1.49219	0.2661177	0.8093544299533921	-0.5749262517927294	ENSG00000196189.14	SEMA4A	False
ENST00000683048	31.9475	2.0318182	0.539459	-1.4923592	0.09608371	0.8093544299533921	-1.0173502447856468	ENSG00000000419.14	DPM1	False
ENST00000304494	27.3	2.5482538	1.053563	-1.4946908	0.020027954	0.8093544299533921	-1.6983634119065398	ENSG00000147889.18	CDKN2A	False
ENST00000369816	33.8	2.4685795	0.9719602	-1.4966193	0.13912104	0.8093544299533921	-0.8566071822317148	ENSG00000118402.6	ELOVL4	False
ENST00000371739	92.27262	4.186048	2.6886895	-1.4973586	0.21501651	0.8093544299533921	-0.6675281833822578	ENSG00000213221.5	DNLZ	False
ENST00000692137	20.653263	1.7667418	0.26770803	-1.4990337	0.06410551	0.8093544299533921	-1.1931046355545043	ENSG00000172992.13	DCAKD	False
ENST00000352433	28.4	2.318166	0.81738925	-1.5007768	0.092246264	0.8093544299533921	-1.0350512128307185	ENSG00000164611.13	PTTG1	False
ENST00000397375	46.79522	2.5756586	1.0738759	-1.5017827	0.31210998	0.8118754707110037	-0.5056923483170679	ENSG00000074071.15	MRPS34	False
ENST00000679095	26.952503	1.873889	0.37099364	-1.5028954	0.14888118	0.8093544299533921	-0.8271601916880439	ENSG00000173692.14	PSMD1	False
ENST00000409355	31.516155	1.9458841	0.4402708	-1.5056133	0.14835742	0.8093544299533921	-0.8286907244525322	ENSG00000115540.15	MOB4	False
ENST00000430069	280.72366	4.216949	2.71073	-1.5062189	0.40522408	0.8312293045789577	-0.3923047498655802	ENSG00000177565.19	TBL1XR1	False
ENST00000646544	136.60277	4.6563044	3.1496987	-1.5066056	0.029599795	0.8093544299533921	-1.5287112950032626	ENSG00000198836.11	OPA1	False
ENST00000337344	82.5	3.5171967	2.0101252	-1.5070715	0.33083257	0.8142173533113395	-0.48039174029671045	ENSG00000126226.22	PCID2	False
ENST00000390539	30.4015	2.3191187	0.8113545	-1.5077642	0.13585518	0.8093544299533921	-0.8669237881796402	ENSG00000211890.4	IGHA2	True
ENST00000521038	64.41835	3.2356164	1.7263838	-1.5092326	0.16922383	0.8093544299533921	-0.771538479630988	ENSG00000129292.21	PHF20L1	False
ENST00000311921	72.09972	3.6815064	2.1713912	-1.5101151	0.3504971	0.81719736681995	-0.4553155750124921	ENSG00000168813.17	ZNF507	False
ENST00000338682	67.0	3.098708	1.5877583	-1.5109496	0.25261948	0.8093544299533921	-0.5975331715406221	ENSG00000189127.8	ANKRD34B	False
ENST00000258459	24.023281	1.5126333	0.0	-1.5126333	0.10860637	0.8093544299533921	-0.9641447084682205	ENSG00000196912.13	ANKRD36B	False
ENST00000392750	126.54128	4.2856903	2.7711596	-1.5145307	0.073726095	0.8093544299533921	-1.1323787669417922	ENSG00000114209.15	PDCD10	False
ENST00000612074	17.681442	1.5981795	0.0832593	-1.5149201	0.09834721	0.8093544299533921	-1.0072379586932036	ENSG00000088832.18	FKBP1A	True
ENST00000220531	276.10492	5.8517385	4.3362265	-1.515512	0.37410954	0.8216366408512873	-0.4270012210795741	ENSG00000104164.12	BLOC1S6	False
ENST00000514296	24.846247	2.6989486	1.1833304	-1.5156182	0.05009771	0.8093544299533921	-1.3001821135713543	ENSG00000122008.16	POLK	False
ENST00000395390	367.4952	5.749768	4.2306705	-1.5190973	0.37833866	0.8230751633283137	-0.42211927319774817	ENSG00000129292.21	PHF20L1	False
ENST00000221859	67.14371	3.8339195	2.314264	-1.5196555	0.071997836	0.8093544299533921	-1.1426805553262673	ENSG00000105258.9	POLR2I	True
ENST00000651485	42.66987	2.5844548	1.0639635	-1.5204912	0.30764332	0.8118754707110037	-0.5119525046683804	ENSG00000085063.18	CD59	False
ENST00000394074	11.926373	1.5261773	0.005071121	-1.5211061	0.030754726	0.8093544299533921	-1.5120881324717104	ENSG00000159593.15	NAE1	False
ENST00000523022	682.118	5.8761096	4.354508	-1.5216017	0.34458235	0.81719736681995	-0.4627069726840433	ENSG00000133742.14	CA1	False
ENST00000300060	140.4	4.7985845	3.2755606	-1.5230238	0.26880622	0.8093544299533921	-0.5705606876644125	ENSG00000166825.15	ANPEP	False
ENST00000517603	415.11685	6.1347485	4.6114535	-1.5232949	0.058922295	0.8093544299533921	-1.2297203493864552	ENSG00000156467.10	UQCRB	False
ENST00000391993	46.579395	2.3766563	0.8522501	-1.5244062	0.23101377	0.8093544299533921	-0.6363621232573713	ENSG00000204104.12	TRAF3IP1	False
ENST00000681658	35.01288	2.3708978	0.843074	-1.5278237	0.15607971	0.8093544299533921	-0.8066535518509108	ENSG00000166794.6	PPIB	False
ENST00000281471	27.910244	2.0225008	0.49445733	-1.5280434	0.09512904	0.8093544299533921	-1.0216868728636908	ENSG00000151743.11	AMN1	False
ENST00000421587	32.314514	1.9064465	0.37812003	-1.5283264	0.121714994	0.8093544299533921	-0.9146559168763816	ENSG00000147044.23	CASK	False
ENST00000525684	28.290028	2.0661902	0.53512996	-1.5310602	0.11813179	0.8093544299533921	-0.9276332278652061	ENSG00000110696.10	C11orf58	False
ENST00000695367	33.704247	2.5770237	1.0453929	-1.5316309	0.27122945	0.8093544299533921	-0.5666631632099143	ENSG00000158636.17	EMSY	False
ENST00000336233	71.192154	3.338609	1.8063419	-1.5322671	0.27780595	0.8093544299533921	-0.5562584502604951	ENSG00000107798.18	LIPA	False
ENST00000367230	66.63958	2.725503	1.1919926	-1.5335103	0.3512257	0.8172002775093227	-0.4544137083775507	ENSG00000112031.16	MTRF1L	False
ENST00000392252	54.046833	3.3178778	1.7842935	-1.5335842	0.23801701	0.8093544299533921	-0.623392008951608	ENSG00000163564.15	PYHIN1	False
ENST00000531148	37.629925	2.8026447	1.2689344	-1.5337104	0.16429755	0.8093544299533921	-0.7843689102795003	ENSG00000154114.13	TBCEL	True
ENST00000468410	59.468864	3.3021185	1.7638249	-1.5382936	0.24225764	0.8093544299533921	-0.615722518278077	ENSG00000105856.14	HBP1	False
ENST00000680781	16.565552	1.5395923	0.0	-1.5395923	0.07685243	0.8093544299533921	-1.1143423768528489	ENSG00000119977.22	TCTN3	True
ENST00000381334	92.51311	3.9544446	2.4132142	-1.5412304	0.18575104	0.8093544299533921	-0.7310687557902499	ENSG00000134851.13	TMEM165	False
ENST00000706564	21.065039	1.700481	0.15920809	-1.541273	0.05027767	0.8093544299533921	-1.2986248656598811	ENSG00000240344.10	PPIL3	True
ENST00000531611	17.25833	1.5414333	0.0	-1.5414333	0.07845641	0.8093544299533921	-1.1053715721624784	ENSG00000134954.14	ETS1	False
ENST00000559053	9.737555	1.6773211	0.13504224	-1.5422789	0.03720946	0.8093544299533921	-1.429346648371196	ENSG00000137845.15	ADAM10	False
ENST00000619374	25.046162	1.8702059	0.32488948	-1.5453165	0.09473197	0.8093544299533921	-1.0235034237902072	ENSG00000166532.16	RIMKLB	False
ENST00000675061	18.395334	1.8055824	0.2602217	-1.5453607	0.12744054	0.8093544299533921	-0.8946923902234504	ENSG00000116667.15	C1orf21	False
ENST00000395146	86.86391	3.8727043	2.3239594	-1.5487449	0.33655837	0.8158433703746901	-0.47293960203596047	ENSG00000172493.23	AFF1	False
ENST00000697095	57.60034	3.477091	1.9271746	-1.5499165	0.11811193	0.8093544299533921	-0.9277062309766826	ENSG00000026103.25	FAS	True
ENST00000380557	86.39091	3.8718188	2.3215833	-1.5502355	0.20935059	0.8093544299533921	-0.6791258192529662	ENSG00000255529.9	POLR2M	False
ENST00000555676	17.82743	1.5502502	0.0	-1.5502502	0.079180665	0.8093544299533921	-1.1013808534164637	ENSG00000100461.18	RBM23	False
ENST00000473684	43.287018	2.481596	0.929432	-1.5521641	0.21437931	0.8093544299533921	-0.6688171299978416	ENSG00000176142.13	TMEM39A	False
ENST00000648706	100.36376	3.0911872	1.535168	-1.5560192	0.43485814	0.842654100473947	-0.3616523927389032	ENSG00000170248.15	PDCD6IP	False
ENST00000415738	50.978565	3.54204	1.9856716	-1.5563685	0.11466739	0.8093544299533921	-0.9405600601924692	ENSG00000152784.16	PRDM8	False
ENST00000227868	54.968224	3.570669	2.0132437	-1.5574253	0.0054024863	0.8093544299533921	-2.2674063253005237	ENSG00000110435.13	PDHX	False
ENST00000574340	16.118078	1.9513474	0.39339435	-1.557953	0.0126730865	0.8093544299533921	-1.8971176013025568	ENSG00000167978.19	SRRM2	True
ENST00000264258	2066.9502	7.863568	6.3015347	-1.5620332	0.22278793	0.8093544299533921	-0.6521083386249505	ENSG00000071082.11	RPL31	False
ENST00000344347	71.48549	2.3876383	0.8250495	-1.5625888	0.2655891	0.8093544299533921	-0.5757897720420289	ENSG00000100219.17	XBP1	False
ENST00000565409	31.243195	2.7126396	1.1498959	-1.5627437	0.14223969	0.8093544299533921	-0.8469792034111525	ENSG00000104164.12	BLOC1S6	False
ENST00000651669	5233.2744	9.401632	7.8378696	-1.5637627	0.14810036	0.8093544299533921	-0.8294438822003911	ENSG00000177954.14	RPS27	False
ENST00000429587	16.02686	1.5642313	0.0	-1.5642313	0.07603036	0.8093544299533921	-1.1190129607303363	ENSG00000130921.9	MTRFR	False
ENST00000265062	118.22288	2.908471	1.3435688	-1.5649023	0.43052724	0.8408996500740611	-0.365999364944611	ENSG00000075785.14	RAB7A	False
ENST00000713859	76.62173	3.0732949	1.5061357	-1.5671592	0.30081007	0.8118754707110037	-0.5217076309428881	ENSG00000139687.17	RB1	False
ENST00000690679	32.112682	1.9869713	0.41881865	-1.5681527	0.10682714	0.8093544299533921	-0.9713183990708989	ENSG00000115904.15	SOS1	False
ENST00000553892	45.305107	2.905173	1.333911	-1.5712621	0.10418836	0.8093544299533921	-0.9821807968829803	ENSG00000174373.17	RALGAPA1	False
ENST00000450403	112.52144	3.6823835	2.1110559	-1.5713277	0.3222706	0.8132758769142434	-0.49177930968088107	ENSG00000128923.11	MINDY2	False
ENST00000489100	31.276007	2.020544	0.44778782	-1.5727563	0.1701777	0.8093544299533921	-0.769097355011503	ENSG00000065809.14	FAM107B	False
ENST00000411948	10.375952	1.6744133	0.10143784	-1.5729755	0.10185013	0.8093544299533921	-0.992038413769368	ENSG00000203667.10	COX20	False
ENST00000300692	53.178825	3.3606265	1.7862723	-1.5743542	0.1582025	0.8093544299533921	-0.8007866601618843	ENSG00000167286.11	CD3D	False
ENST00000216288	69.72024	2.7510588	1.1762446	-1.5748142	0.33867848	0.8165573104081602	-0.4702123990564547	ENSG00000075413.19	MARK3	False
ENST00000355182	172.95601	2.898342	1.322952	-1.5753899	0.42261785	0.8382654549255093	-0.37405216095135885	ENSG00000133104.14	SPART	False
ENST00000412616	13.943479	1.5775687	0.0	-1.5775687	0.033825614	0.8093544299533921	-1.4707543170492157	ENSG00000110917.8	MLEC	False
ENST00000643338	33.867756	2.702101	1.1241577	-1.5779433	0.30571344	0.8118754707110037	-0.5146854610501252	ENSG00000257524.6	ENSG00000257524	False
ENST00000584895	152.69443	3.174606	1.5962486	-1.5783575	0.35243088	0.8172002775093227	-0.45292604561660366	ENSG00000215472.10	RPL17-C18orf32	False
ENST00000548020	95.43758	3.6506045	2.071015	-1.5795896	0.17935237	0.8093544299533921	-0.7462928731060178	ENSG00000127337.7	YEATS4	False
ENST00000342868	101.833755	3.8496678	2.2690864	-1.5805814	0.3287601	0.8142173533113395	-0.4831209126495107	ENSG00000168903.9	BTNL3	False
ENST00000482325	55.702248	2.6133983	1.031703	-1.5816953	0.27770737	0.8093544299533921	-0.5564125973901168	ENSG00000135968.22	GCC2	False
ENST00000342669	17.632755	1.7452275	0.163275	-1.5819525	0.07323501	0.8093544299533921	-1.1352812394387448	ENSG00000125743.11	SNRPD2	False
ENST00000697614	182.5	4.9600844	3.3757246	-1.5843599	0.087305196	0.8093544299533921	-1.0589599101762046	ENSG00000198805.13	PNP	False
ENST00000281871	21.293633	1.7287703	0.14393643	-1.5848339	0.090606056	0.8093544299533921	-1.0428427728942316	ENSG00000152082.15	MZT2B	False
ENST00000441443	22.749592	1.7576532	0.17257501	-1.5850782	0.042745072	0.8093544299533921	-1.3691139430451802	ENSG00000168779.21	SHOX2	False
ENST00000202834	69.89926	2.3995018	0.81297886	-1.5865229	0.23187613	0.8093544299533921	-0.6347439474661911	ENSG00000089063.16	TMEM230	False
ENST00000693385	30.55437	1.5870944	0.0	-1.5870944	0.12128081	0.8093544299533921	-0.9162079049887567	ENSG00000144741.19	SLC25A26	False
ENST00000380050	76.86361	2.7440646	1.1564581	-1.5876064	0.3213243	0.8125420389446386	-0.49305644496609086	ENSG00000058091.17	CDK14	False
ENST00000381259	36.397823	2.5337546	0.9425237	-1.5912309	0.110665314	0.8093544299533921	-0.9559884797767629	ENSG00000123106.11	CCDC91	False
ENST00000456939	45.81402	2.294342	0.7015879	-1.5927541	0.18537273	0.8093544299533921	-0.7319541655383641	ENSG00000101457.13	DNTTIP1	False
ENST00000374612	21.12591	1.5929203	4.299566e-08	-1.5929203	0.11031817	0.8093544299533921	-0.9573529549609798	ENSG00000125944.22	HNRNPR	False
ENST00000392222	906.1234	7.0289617	5.4312963	-1.5976653	0.12035579	0.8093544299533921	-0.9195330036661806	ENSG00000114942.15	EEF1B2	False
ENST00000557267	20.45718	1.5979248	0.0	-1.5979248	0.07785989	0.8093544299533921	-1.1086861949914812	ENSG00000126777.18	KTN1	False
ENST00000229402	332.6	5.7017174	4.1035914	-1.5981259	0.0757089	0.8093544299533921	-1.1208530444353995	ENSG00000111796.4	KLRB1	False
ENST00000569659	142.61255	4.207662	2.607993	-1.5996692	0.21801952	0.8093544299533921	-0.6615046302608696	ENSG00000232653.9	GOLGA8N	False
ENST00000401931	24.08539	1.6010828	0.0	-1.6010828	0.12820087	0.8093544299533921	-0.8921090149424793	ENSG00000169429.12	CXCL8	False
ENST00000406022	141.21567	3.018628	1.4155595	-1.6030684	0.44984972	0.8470024537044705	-0.3469325408979936	ENSG00000147403.18	RPL10	False
ENST00000361055	31.531902	2.1135843	0.5093508	-1.6042335	0.11145369	0.8093544299533921	-0.9529055497812282	ENSG00000144744.18	UBA3	False
ENST00000457946	44.43004	2.4896233	0.8852992	-1.6043241	0.2229149	0.8093544299533921	-0.6518608931026636	ENSG00000146463.12	ZMYM4	False
ENST00000521662	25.48706	2.0355785	0.43034393	-1.6052346	0.10357294	0.8093544299533921	-0.9847536860716916	ENSG00000120533.13	ENY2	False
ENST00000372792	706.0397	6.220209	4.6144714	-1.6057377	0.3795563	0.8231329589941108	-0.42072379761170425	ENSG00000131236.18	CAP1	False
ENST00000409320	838.7755	6.5676975	4.9586954	-1.6090021	0.19450751	0.8093544299533921	-0.7110636269427969	ENSG00000071082.11	RPL31	False
ENST00000602845	36.3	2.1791534	0.56659937	-1.6125541	0.111253835	0.8093544299533921	-0.9536850086263872	ENSG00000270170.2	NCBP2AS2	False
ENST00000394839	84.88741	2.5162294	0.90165985	-1.6145695	0.28340194	0.8103610639894862	-0.547597186839653	ENSG00000142875.21	PRKACB	False
ENST00000345117	16.600018	2.2314332	0.6159357	-1.6154975	0.080894984	0.8093544299533921	-1.0920784049171595	ENSG00000131931.8	THAP1	True
ENST00000358152	17.1	1.7624168	0.1466662	-1.6157507	0.05771834	0.8093544299533921	-1.2386861655492432	ENSG00000149516.15	MS4A3	False
ENST00000526562	110.00985	2.8943596	1.2785019	-1.6158577	0.40572724	0.8312293045789577	-0.391765836064926	ENSG00000166441.13	RPL27A	False
ENST00000610455	21.020443	2.3146212	0.6973759	-1.6172453	0.044786453	0.8093544299533921	-1.3488533290760971	ENSG00000140995.17	DEF8	False
ENST00000435505	37.67301	2.2945719	0.67610174	-1.6184702	0.15860713	0.8093544299533921	-0.799677306291616	ENSG00000028116.18	VRK2	False
ENST00000521713	108.598366	2.977966	1.3588526	-1.6191134	0.38243237	0.823716002720574	-0.41744535354083984	ENSG00000106346.12	USP42	False
ENST00000372571	35.52465	2.5393858	0.91333586	-1.62605	0.2254628	0.8093544299533921	-0.6469251148132936	ENSG00000198815.9	FOXJ3	True
ENST00000677385	29.625591	2.1233447	0.4962794	-1.6270653	0.08862229	0.8093544299533921	-1.05245704710413	ENSG00000135486.19	HNRNPA1	False
ENST00000361564	76.88574	3.3494313	1.7195272	-1.629904	0.24878299	0.8093544299533921	-0.6041793127890196	ENSG00000198856.13	OSTC	False
ENST00000370152	43.3621	3.1637077	1.5327735	-1.6309342	0.014266185	0.8093544299533921	-1.8456921343875448	ENSG00000156875.14	MFSD14A	False
ENST00000470195	14.7442045	1.7727233	0.13825877	-1.6344645	0.013739395	0.8093544299533921	-1.8620323919740023	ENSG00000132196.16	HSD17B7	True
ENST00000620651	30.892828	2.5575929	0.92193586	-1.6356571	0.18044132	0.8093544299533921	-0.7436640046643495	ENSG00000196588.21	MRTFA	False
ENST00000567954	28.168879	2.4172437	0.7811745	-1.6360693	0.023990138	0.8093544299533921	-1.6199672628104917	ENSG00000102897.10	LYRM1	False
ENST00000680710	32.749664	2.9362419	1.2994256	-1.6368163	0.13988738	0.8093544299533921	-0.8542214711937047	ENSG00000066279.19	ASPM	False
ENST00000297435	100.0	4.26166	2.6239293	-1.6377308	0.25428405	0.8093544299533921	-0.5946808732461383	ENSG00000164821.5	DEFA4	False
ENST00000568583	37.48542	2.5759451	0.93608963	-1.6398555	0.23922463	0.8093544299533921	-0.6211941127843473	ENSG00000167515.11	TRAPPC2L	True
ENST00000619594	72.00983	3.7683794	2.1263604	-1.642019	0.1687039	0.8093544299533921	-0.7728748806454262	ENSG00000176731.12	RBIS	True
ENST00000320996	13.077454	2.1610613	0.5176106	-1.6434507	0.06383439	0.8093544299533921	-1.1949452769313078	ENSG00000180957.19	PITPNB	False
ENST00000684943	20.9734	1.6445613	0.0	-1.6445613	0.098198466	0.8093544299533921	-1.0078952964458552	ENSG00000267680.6	ZNF224	False
ENST00000697113	82.57302	4.1279655	2.4830227	-1.6449428	0.3464816	0.81719736681995	-0.46031983446740143	ENSG00000170074.21	FAM153A	False
ENST00000577596	46.012573	2.967765	1.3228171	-1.644948	0.0524396	0.8093544299533921	-1.2803406277921507	ENSG00000108406.10	DHX40	True
ENST00000506581	1001.02716	6.693437	5.045147	-1.6482902	0.22119802	0.8093544299533921	-0.6552187601863246	ENSG00000163682.17	RPL9	True
ENST00000518850	18.209118	1.7896218	0.13918556	-1.6504363	0.05405587	0.8093544299533921	-1.267157141904823	ENSG00000156482.11	RPL30	False
ENST00000368636	30.726307	2.2662022	0.6110557	-1.6551466	0.0739666	0.8093544299533921	-1.130964343915402	ENSG00000176171.12	BNIP3	False
ENST00000690739	98.47102	3.010822	1.3554364	-1.6553856	0.3590333	0.8183252159569281	-0.44486528539333425	ENSG00000023318.9	ERP44	False
ENST00000538274	24.134214	1.6672182	0.0103810765	-1.6568371	0.09101574	0.8093544299533921	-1.0408834896820909	ENSG00000135709.14	KIAA0513	False
ENST00000644585	14.0899935	2.088209	0.42865765	-1.6595513	0.026990114	0.8093544299533921	-1.568795284621711	ENSG00000149970.16	CNKSR2	False
ENST00000599247	8.295965	1.6602491	0.0	-1.6602491	0.052559167	0.8093544299533921	-1.2793515252303473	ENSG00000170949.18	ZNF160	False
ENST00000267807	53.00409	2.7487297	1.087811	-1.6609187	0.28108498	0.8093544299533921	-0.5511623536283773	ENSG00000137871.21	ZNF280D	False
ENST00000621420	46.747784	1.9666029	0.30242744	-1.6641755	0.17313537	0.8093544299533921	-0.761614200561052	ENSG00000153037.15	SRP19	False
ENST00000531224	633.3124	6.5633445	4.8986387	-1.6647058	0.3053608	0.8118754707110037	-0.5151867237079155	ENSG00000029363.17	BCLAF1	False
ENST00000436874	35.17234	2.7603528	1.0956302	-1.6647227	0.12846144	0.8093544299533921	-0.891227229457422	ENSG00000028203.19	VEZT	False
ENST00000549992	213.53194	4.155046	2.49014	-1.664906	0.4284331	0.8407052709125892	-0.36811699338607	ENSG00000173598.14	NUDT4	False
ENST00000678493	59.39433	2.1479363	0.48245892	-1.6654774	0.17989202	0.8093544299533921	-0.7449881052786723	ENSG00000161057.13	PSMC2	False
ENST00000377384	130.12741	4.0565276	2.3903637	-1.6661639	0.20340593	0.8093544299533921	-0.691636386614316	ENSG00000147996.17	ZNG1E	False
ENST00000652001	11.90629	1.6664561	0.0	-1.6664561	0.07621219	0.8093544299533921	-1.1179755579766149	ENSG00000214717.12	ZBED1	False
ENST00000711171	11.90629	1.6664561	0.0	-1.6664561	0.07621219	0.8093544299533921	-1.1179755579766149	ENSG00000292345.1	ZBED1	False
ENST00000072516	34.56345	1.6672702	0.0	-1.6672702	0.11868268	0.8093544299533921	-0.9256126461440007	ENSG00000196083.11	IL1RAP	False
ENST00000434421	1593.0337	8.067521	6.400153	-1.6673679	0.3647448	0.8185742609699567	-0.4380108763424231	ENSG00000131042.15	LILRB2	False
ENST00000335712	56.64453	3.020387	1.3470943	-1.6732926	0.17679828	0.8093544299533921	-0.7525219544223872	ENSG00000119866.22	BCL11A	False
ENST00000398881	118.04568	3.928446	2.252988	-1.675458	0.21365052	0.8093544299533921	-0.6702960364407043	ENSG00000214736.8	TOMM6	False
ENST00000554002	18.073494	1.7244011	0.048845492	-1.6755556	0.039789163	0.8093544299533921	-1.4002352011492423	ENSG00000020426.11	MNAT1	False
ENST00000591877	586.8035	5.930256	4.254116	-1.6761398	0.40057427	0.8298121044971967	-0.39731695343912	ENSG00000062716.13	VMP1	False
ENST00000423351	28.32901	1.6820264	0.0	-1.6820264	0.07643554	0.8093544299533921	-1.1167046414464494	ENSG00000163939.19	PBRM1	False
ENST00000690298	160.72156	5.089067	3.4068527	-1.6822143	0.24674268	0.8093544299533921	-0.6077557213018286	ENSG00000175110.14	MRPS22	False
ENST00000621421	36.233833	2.7037544	1.0212929	-1.6824615	0.27934742	0.8093544299533921	-0.5538553357532155	ENSG00000150459.13	SAP18	False
ENST00000684586	38.09424	2.3862474	0.7019393	-1.684308	0.12592582	0.8093544299533921	-0.8998851984808267	ENSG00000170185.11	USP38	False
ENST00000379863	37.044807	2.550907	0.86545515	-1.6854517	0.19933967	0.8093544299533921	-0.7004062586656989	ENSG00000115216.14	NRBP1	False
ENST00000652110	26.632318	2.4370496	0.75130093	-1.6857487	0.122867	0.8093544299533921	-0.9105647347129776	ENSG00000184584.14	STING1	False
ENST00000681432	121.04936	2.4546292	0.7682959	-1.6863333	0.33267868	0.8148546909488805	-0.47797503605232916	ENSG00000137509.12	PRCP	False
ENST00000231948	30.337317	1.7247987	0.03807806	-1.6867206	0.08497624	0.8093544299533921	-1.070702484264416	ENSG00000113851.16	CRBN	False
ENST00000417737	36.1949	2.392008	0.704924	-1.6870841	0.10989526	0.8093544299533921	-0.9590210425438707	ENSG00000084731.15	KIF3C	False
ENST00000645091	22.471197	2.1872823	0.49954727	-1.6877351	0.060778446	0.8093544299533921	-1.2162504047338645	ENSG00000101266.19	CSNK2A1	False
ENST00000302278	323.66302	4.4472394	2.7577424	-1.689497	0.46005726	0.8481416265840513	-0.33718811277697325	ENSG00000150093.20	ITGB1	False
ENST00000713940	334.01273	5.6852126	3.9926577	-1.692555	0.40196827	0.8298121044971967	-0.39580822669944865	ENSG00000287839.3	ENSG00000287839	False
ENST00000375175	94.58513	2.6584275	0.96272594	-1.6957016	0.30068573	0.8118754707110037	-0.5218871771025541	ENSG00000136842.14	TMOD1	False
ENST00000372839	229.4626	2.842048	1.1445032	-1.6975447	0.3590929	0.8183252159569281	-0.4447931923011121	ENSG00000166913.13	YWHAB	False
ENST00000357628	45.819695	2.311265	0.61000216	-1.7012628	0.15272345	0.8093544299533921	-0.8160942838417566	ENSG00000128513.16	POT1	False
ENST00000519109	290.54877	3.4695957	1.7682655	-1.7013302	0.2624271	0.8093544299533921	-0.5809913326942356	ENSG00000183808.12	RBM12B	False
ENST00000255688	48.132256	2.3203442	0.61643046	-1.7039137	0.14859752	0.8093544299533921	-0.8279884281852631	ENSG00000133321.11	PLAAT4	False
ENST00000372271	29.58464	2.4378834	0.732873	-1.7050104	0.13003883	0.8093544299533921	-0.8859269544641838	ENSG00000126882.14	FAM78A	False
ENST00000283629	31.174921	1.7052068	0.0	-1.7052068	0.07887159	0.8093544299533921	-1.1030793881367904	ENSG00000153560.12	UBP1	False
ENST00000369575	190.40396	4.398844	2.6935802	-1.7052636	0.38688436	0.8249689289783401	-0.4124188248125548	ENSG00000160219.12	GAB3	False
ENST00000382647	15.8	1.9518653	0.24653815	-1.7053272	0.037806176	0.8093544299533921	-1.422437252245149	ENSG00000171421.13	MRPL36	False
ENST00000506184	176.89584	4.1926885	2.4865797	-1.7061088	0.36576957	0.8185742609699567	-0.4367924340609651	ENSG00000062194.16	GPBP1	False
ENST00000528097	108.25807	2.442985	0.7347739	-1.7082112	0.2629895	0.8093544299533921	-0.5800616051014436	ENSG00000177156.11	TALDO1	False
ENST00000367666	53.078144	3.423172	1.7142687	-1.7089033	0.054894216	0.8093544299533921	-1.2604734103010085	ENSG00000143207.21	COP1	False
ENST00000265012	9.678833	1.7101179	0.0	-1.7101179	0.036861952	0.8093544299533921	-1.4334216660894707	ENSG00000111846.20	GCNT2	False
ENST00000374720	115.47286	2.6540384	0.9416341	-1.7124043	0.3014865	0.8118754707110037	-0.520732141278729	ENSG00000070214.17	SLC44A1	False
ENST00000487736	77.49492	2.8263328	1.1095409	-1.7167919	0.2892757	0.8109740254625081	-0.5386880380899945	ENSG00000008952.17	SEC62	True
ENST00000706691	193.64836	5.1409883	3.423924	-1.7170644	0.2465457	0.8093544299533921	-0.6081025636817665	ENSG00000076662.11	ICAM3	False
ENST00000491606	38.206795	2.3418274	0.6224355	-1.7193918	0.10575502	0.8093544299533921	-0.9756989932649984	ENSG00000016864.19	GLT8D1	False
ENST00000409442	165.9105	4.646702	2.9265041	-1.7201977	0.25015965	0.8093544299533921	-0.6017827375816422	ENSG00000059728.11	MXD1	False
ENST00000513346	15.351941	1.8513848	0.13110623	-1.7202785	0.04001604	0.8093544299533921	-1.397765889257719	ENSG00000070814.22	TCOF1	False
ENST00000518893	39.69304	2.6178024	0.89740974	-1.7203927	0.15818603	0.8093544299533921	-0.8008318640679702	ENSG00000154589.7	LY96	False
ENST00000489843	66.704025	3.68635	1.9658755	-1.7204746	0.25173065	0.8093544299533921	-0.5990639016405899	ENSG00000168374.11	ARF4	True
ENST00000373659	45.0	3.1697636	1.4457564	-1.7240071	0.021006139	0.8093544299533921	-1.6776537651634413	ENSG00000186130.5	ZBTB6	False
ENST00000314992	18.129934	2.3535473	0.62411845	-1.7294289	0.021434281	0.8093544299533921	-1.6688910796221763	ENSG00000178997.12	EXD1	False
ENST00000373693	26.424389	2.6796496	0.9501402	-1.7295094	0.05537145	0.8093544299533921	-1.2567141161327482	ENSG00000186810.8	CXCR3	False
ENST00000507544	34.208237	2.1742966	0.44345665	-1.73084	0.15239531	0.8093544299533921	-0.8170284039503359	ENSG00000163626.17	COX18	False
ENST00000529543	11.12891	1.7325897	0.0	-1.7325897	0.08100487	0.8093544299533921	-1.091488854975677	ENSG00000154144.13	TBRG1	False
ENST00000318266	39.064213	2.4237788	0.6902092	-1.7335696	0.11265932	0.8093544299533921	-0.9482328735424355	ENSG00000132670.21	PTPRA	False
ENST00000392048	90.998856	2.6616938	0.92742187	-1.734272	0.29003298	0.8109740254625081	-0.5375526109116803	ENSG00000135899.20	SP110	False
ENST00000674731	24.573513	1.7353777	1.001785e-05	-1.7353677	0.08671825	0.8093544299533921	-1.0618895132346022	ENSG00000121957.15	GPSM2	False
ENST00000393008	43.247387	2.2831252	0.5420529	-1.7410722	0.13740389	0.8093544299533921	-0.8620009703721778	ENSG00000090263.16	MRPS33	False
ENST00000409800	90.85315	2.5634015	0.8223009	-1.7411005	0.25768584	0.8093544299533921	-0.5889094453312291	ENSG00000180398.13	MCFD2	True
ENST00000529388	51.835705	1.9466501	0.20526771	-1.7413825	0.1082194	0.8093544299533921	-0.9656948780587142	ENSG00000133794.20	BMAL1	False
ENST00000649491	40.633137	2.866051	1.1233091	-1.7427418	0.261445	0.8093544299533921	-0.5826196828891043	ENSG00000134910.14	STT3A	False
ENST00000680823	416.51782	3.6336882	1.8862756	-1.7474126	0.4380978	0.8433183549556639	-0.358428922973953	ENSG00000105835.13	NAMPT	False
ENST00000647401	45.630295	1.7478331	1.2898697e-07	-1.747833	0.103304915	0.8093544299533921	-0.9858790147522585	ENSG00000115355.18	CCDC88A	False
ENST00000698413	104.27971	3.2921994	1.5406268	-1.7515726	0.26791787	0.8093544299533921	-0.5719983157900719	ENSG00000072756.18	TRNT1	False
ENST00000698575	77.807724	2.1736636	0.41823336	-1.7554302	0.15313517	0.8093544299533921	-0.8149250675625207	ENSG00000185811.21	IKZF1	False
ENST00000485303	43.785275	2.5481536	0.790636	-1.7575176	0.088135004	0.8093544299533921	-1.0548515712279576	ENSG00000177707.11	NECTIN3	False
ENST00000432376	80.49763	3.2945926	1.5357274	-1.7588652	0.26741803	0.8093544299533921	-0.5728093198496866	ENSG00000154822.18	PLCL2	False
ENST00000334379	15.683507	2.1229393	0.36364585	-1.7592936	0.018012155	0.8093544299533921	-1.7444343281384227	ENSG00000066651.20	TRMT11	False
ENST00000351691	31.458323	1.7651213	0.0	-1.7651213	0.093261726	0.8093544299533921	-1.0302965503607378	ENSG00000131323.17	TRAF3	False
ENST00000263354	35.692318	2.6077394	0.840334	-1.7674055	0.18036154	0.8093544299533921	-0.7438560672730155	ENSG00000105402.8	NAPA	False
ENST00000407445	788.35	6.681557	4.912912	-1.7686453	0.094322376	0.8093544299533921	-1.0253852680235838	ENSG00000171863.15	RPS7	False
ENST00000227157	153.66158	3.3396437	1.5709074	-1.7687364	0.23486562	0.8093544299533921	-0.6291805499272294	ENSG00000134333.15	LDHA	False
ENST00000357428	48.696835	2.4732132	0.7029184	-1.7702948	0.15627947	0.8093544299533921	-0.8060980577973024	ENSG00000077254.14	USP33	False
ENST00000479740	9.336635	1.8343725	0.06381957	-1.770553	0.013314453	0.8093544299533921	-1.8756766725669514	ENSG00000169239.14	CA5B	False
ENST00000370455	337.31134	5.988606	4.217898	-1.7707081	0.3013389	0.8118754707110037	-0.520944785465598	ENSG00000112305.15	SMAP1	False
ENST00000552819	594.2612	5.662007	3.890677	-1.7713299	0.52174425	0.8614348844550122	-0.2825423274347692	ENSG00000197111.16	PCBP2	False
ENST00000549489	420.89032	3.4976966	1.7251202	-1.7725765	0.4634271	0.8488943171305734	-0.3340185765837671	ENSG00000257335.8	MGAM	False
ENST00000378097	84.77573	2.3938644	0.6204099	-1.7734544	0.19719684	0.8093544299533921	-0.7051000460025945	ENSG00000069424.16	KCNAB2	False
ENST00000418032	44.50936	2.6787548	0.9010562	-1.7776986	0.19477777	0.8093544299533921	-0.7104606066059976	ENSG00000167491.18	GATAD2A	False
ENST00000553110	2063.0835	8.335177	6.556484	-1.7786932	0.086483374	0.8093544299533921	-1.0630673742771959	ENSG00000241343.10	RPL36A	False
ENST00000467011	134.62657	4.992701	3.207659	-1.785042	0.23699147	0.8093544299533921	-0.6252672942022177	ENSG00000109689.20	STIM2	False
ENST00000438650	33.501057	2.0406408	0.24873377	-1.7919071	0.09646924	0.8093544299533921	-1.0156111501041534	ENSG00000100744.15	GSKIP	False
ENST00000635608	42.518173	2.6441867	0.8518593	-1.7923274	0.16960487	0.8093544299533921	-0.7705616875539115	ENSG00000139597.18	N4BP2L1	False
ENST00000456711	35.3	1.7931557	0.0	-1.7931557	0.10619857	0.8093544299533921	-0.9738813245040208	ENSG00000148444.16	COMMD3	False
ENST00000423026	19.620037	1.7939463	0.0	-1.7939463	0.03973225	0.8093544299533921	-1.4008568261716896	ENSG00000167208.16	SNX20	False
ENST00000304361	63.850445	1.7976933	0.0	-1.7976933	0.1552584	0.8093544299533921	-0.808944887494894	ENSG00000172322.14	CLEC12A	False
ENST00000503857	48.890476	2.5910237	0.7923608	-1.7986629	0.15306577	0.8093544299533921	-0.8151219169875114	ENSG00000047188.16	YTHDC2	True
ENST00000456234	30.0	2.1314623	0.33124772	-1.8002146	0.06303021	0.8093544299533921	-1.2004512244364827	ENSG00000139546.12	TARBP2	False
ENST00000037869	62.45289	3.2959516	1.4938886	-1.802063	0.08562893	0.8093544299533921	-1.0673794992543766	ENSG00000035141.10	FAM136A	True
ENST00000381571	32.9	2.7142808	0.9032424	-1.8110385	0.08882118	0.8093544299533921	-1.051483460664016	ENSG00000169019.11	COMMD8	False
ENST00000648511	104.67778	4.21208	2.398531	-1.813549	0.27293214	0.8093544299533921	-0.5639453163651944	ENSG00000130844.19	ZNF331	False
ENST00000700157	17.07228	1.8152148	0.0	-1.8152148	0.034043327	0.8093544299533921	-1.4679680039397471	ENSG00000198821.12	CD247	True
ENST00000523499	26.620218	2.6534283	0.83720887	-1.8162194	0.098613895	0.8093544299533921	-1.0060618852281504	ENSG00000197265.9	GTF2E2	True
ENST00000706885	29.306269	1.8180181	0.00053878326	-1.8174793	0.09918465	0.8093544299533921	-1.0035555471125028	ENSG00000067208.17	EVI5	False
ENST00000656873	324.675	4.936588	3.1181407	-1.8184471	0.29477876	0.8111088466013822	-0.5305038060984199	ENSG00000131051.24	RBM39	True
ENST00000379704	84.695816	2.9623725	1.1432451	-1.8191274	0.33205324	0.8147910346358502	-0.4787922724078426	ENSG00000107262.26	BAG1	False
ENST00000429670	12.888013	2.0651262	0.24590133	-1.8192248	0.056989957	0.8093544299533921	-1.2442016733982937	ENSG00000250361.10	GYPB	True
ENST00000532567	67.30916	3.66269	1.8416075	-1.8210825	0.22176903	0.8093544299533921	-0.6540990935662678	ENSG00000118181.11	RPS25	False
ENST00000687912	189.65971	4.8152037	2.9903877	-1.824816	0.28018183	0.8093544299533921	-0.552560039957808	ENSG00000134313.17	KIDINS220	False
ENST00000587489	90.88905	4.067832	2.2429655	-1.8248665	0.26959115	0.8093544299533921	-0.5692943644012396	ENSG00000184922.15	FMNL1	False
ENST00000399489	40.85954	1.8273555	0.0	-1.8273555	0.1041159	0.8093544299533921	-0.9824829283032275	ENSG00000189403.15	HMGB1	False
ENST00000394668	432.1297	5.544913	3.7173784	-1.8275344	0.13065189	0.8093544299533921	-0.8838842993275797	ENSG00000109475.17	RPL34	False
ENST00000503997	18.07377	1.8284162	0.0	-1.8284162	0.08358628	0.8093544299533921	-1.0778649868429435	ENSG00000109390.13	NDUFC1	False
ENST00000683030	212.97754	5.3520284	3.5231752	-1.8288531	0.2284558	0.8093544299533921	-0.6411978176794878	ENSG00000099246.18	RAB18	True
ENST00000383775	41.854927	2.8326929	1.0026491	-1.8300438	0.079109825	0.8093544299533921	-1.101769575130644	ENSG00000154813.10	DPH3	False
ENST00000703908	212.10962	4.807488	2.9728026	-1.8346853	0.4029901	0.8303139210724039	-0.3947056197796093	ENSG00000114573.12	ATP6V1A	False
ENST00000265149	440.11636	6.150833	4.314428	-1.8364053	0.3247797	0.8142173533113395	-0.48841113797623625	ENSG00000168769.14	TET2	False
ENST00000338338	108.94358	4.296059	2.4575393	-1.8385198	0.29581162	0.8111088466013822	-0.5289847652579033	ENSG00000175756.14	AURKAIP1	False
ENST00000681216	106.95125	3.1120307	1.2733223	-1.8387084	0.29833305	0.8111088466013822	-0.5252986335794411	ENSG00000127914.19	AKAP9	False
ENST00000639189	20.554462	1.8430243	0.0	-1.8430243	0.061018497	0.8093544299533921	-1.2145384958159706	ENSG00000042429.12	MED17	False
ENST00000679729	32.418304	1.8462591	0.001494096	-1.8447651	0.095701724	0.8093544299533921	-1.0190802373197687	ENSG00000037749.13	MFAP3	False
ENST00000531101	12.609647	1.8449012	1.2382538e-05	-1.8448888	0.028846504	0.8093544299533921	-1.5399068103450986	ENSG00000167333.13	TRIM68	False
ENST00000314100	700.5801	6.90898	5.063556	-1.8454237	0.3548349	0.8173803121090482	-0.44997365405557077	ENSG00000183826.19	BTBD9	False
ENST00000679897	189.0614	4.63115	2.7851205	-1.8460293	0.3712472	0.8199748637125035	-0.4303368106496313	ENSG00000119917.15	IFIT3	False
ENST00000559722	83.77713	3.981739	2.1343331	-1.8474059	0.14867495	0.8093544299533921	-0.8277621988731032	ENSG00000136371.11	MTHFS	False
ENST00000302182	248.0607	4.8311543	2.9822655	-1.8488889	0.40863174	0.8323007445595858	-0.38866790094325016	ENSG00000170315.14	UBB	False
ENST00000324489	370.37454	6.225266	4.3751125	-1.8501534	0.30152422	0.8118754707110037	-0.5206777945894011	ENSG00000180354.16	MTURN	True
ENST00000367846	145.51123	3.8776352	2.0246718	-1.8529634	0.31784165	0.8118754707110037	-0.4977891946999945	ENSG00000143158.11	MPC2	False
ENST00000425929	43.426414	2.7683601	0.9144538	-1.8539064	0.14579998	0.8093544299533921	-0.8362425368802565	ENSG00000151470.13	C4orf33	False
ENST00000684171	32.288544	1.8597794	0.0	-1.8597794	0.058697052	0.8093544299533921	-1.2313837079857481	ENSG00000184752.14	NDUFA12	False
ENST00000343550	49.78815	3.5581396	1.6977068	-1.8604327	0.15832996	0.8093544299533921	-0.8004368878462585	ENSG00000105698.16	USF2	False
ENST00000426727	35.483936	2.2952244	0.4345567	-1.8606677	0.059639953	0.8093544299533921	-1.224462706910487	ENSG00000140367.12	UBE2Q2	True
ENST00000355683	149.95804	4.164035	2.3030517	-1.8609831	0.2658431	0.8093544299533921	-0.5753746181758402	ENSG00000196792.12	STRN3	False
ENST00000599848	62.703217	3.6874983	1.8263583	-1.86114	0.17924128	0.8093544299533921	-0.7465619519030282	ENSG00000005007.14	UPF1	False
ENST00000431196	46.608665	2.4590719	0.59664893	-1.862423	0.11334584	0.8093544299533921	-0.945594418160987	ENSG00000147050.18	KDM6A	False
ENST00000382873	44.971992	2.4944544	0.63145435	-1.863	0.1799309	0.8093544299533921	-0.7448942584320907	ENSG00000066926.13	FECH	False
ENST00000411912	28.455555	1.8656286	0.0	-1.8656286	0.0800112	0.8093544299533921	-1.0968492353895436	ENSG00000115464.15	USP34	False
ENST00000336415	26.736694	1.8665663	2.8419014e-05	-1.8665379	0.08220107	0.8093544299533921	-1.085122523547018	ENSG00000143702.17	CEP170	False
ENST00000343986	609.9083	6.247908	4.3765078	-1.8714004	0.075240284	0.8093544299533921	-1.1235495726617226	ENSG00000171858.18	RPS21	False
ENST00000535617	34.94332	1.8739572	0.0	-1.8739572	0.10839568	0.8093544299533921	-0.9649880226734145	ENSG00000155368.18	DBI	True
ENST00000676581	183.76482	2.747738	0.873014	-1.8747239	0.27976272	0.8093544299533921	-0.5532101658440598	ENSG00000108654.16	DDX5	False
ENST00000459772	21.897615	1.8755885	0.0	-1.8755885	0.030193487	0.8093544299533921	-1.5200867254481443	ENSG00000000460.17	FIRRM	True
ENST00000378156	21.1	2.2461598	0.36564317	-1.8805166	0.0048248726	0.8093544299533921	-2.316514150156748	ENSG00000131697.18	NPHP4	False
ENST00000413197	57.58706	3.6877325	1.8063328	-1.8813996	0.17449374	0.8093544299533921	-0.7582201364639779	ENSG00000144524.18	COPS7B	True
ENST00000540872	89.59674	2.994477	1.1122422	-1.8822348	0.24790214	0.8093544299533921	-0.6057197241581943	ENSG00000172661.20	WASHC2C	False
ENST00000507875	223.99829	5.4592514	3.571085	-1.8881664	0.21763352	0.8093544299533921	-0.6622742224034216	ENSG00000109572.16	CLCN3	False
ENST00000561366	28.87918	2.5145392	0.6247405	-1.8897988	0.022999866	0.8093544299533921	-1.6382746954686653	ENSG00000166411.14	IDH3A	True
ENST00000333957	43.27946	2.7060463	0.81360185	-1.8924445	0.1244797	0.8093544299533921	-0.9049014544384978	ENSG00000111731.13	C2CD5	False
ENST00000472651	315.8804	4.9425583	3.042244	-1.9003143	0.37941793	0.8231329589941108	-0.42088215417823427	ENSG00000141367.14	CLTC	False
ENST00000714115	46.105797	2.1742308	0.27316138	-1.9010694	0.1261043	0.8093544299533921	-0.8992701206177642	ENSG00000146433.11	TMEM181	False
ENST00000222190	70.4605	3.2754917	1.371572	-1.9039197	0.12210076	0.8093544299533921	-0.913281622086244	ENSG00000105583.11	WDR83OS	True
ENST00000374293	173.02919	4.5507894	2.646554	-1.9042354	0.089910984	0.8093544299533921	-1.0461872491314652	ENSG00000242616.4	GNG10	True
ENST00000229266	141.18578	4.2440658	2.3395648	-1.904501	0.2915635	0.8109740254625081	-0.5352668288061635	ENSG00000111666.11	CHPT1	False
ENST00000680717	168.36914	5.147227	3.240206	-1.9070208	0.1802815	0.8093544299533921	-0.7440488250988042	ENSG00000167986.15	DDB1	False
ENST00000369489	114.58296	4.025694	2.116883	-1.9088109	0.08425142	0.8093544299533921	-1.0744227773096755	ENSG00000116815.16	CD58	False
ENST00000286639	23.6	2.5745833	0.66500497	-1.9095783	0.008769168	0.8093544299533921	-2.0570416300615926	ENSG00000156127.8	BATF	False
ENST00000488958	152.37076	4.336337	2.4244137	-1.9119234	0.21571013	0.8093544299533921	-0.6661294527693074	ENSG00000136147.18	PHF11	False
ENST00000426464	40.8139	3.233567	1.3212279	-1.9123391	0.0367091	0.8093544299533921	-1.435226262903966	ENSG00000167536.14	DHRS13	False
ENST00000612991	28.887573	2.086665	0.17420234	-1.9124626	0.09953632	0.8093544299533921	-1.002018410806712	ENSG00000173039.20	RELA	False
ENST00000582022	128.12016	3.018074	1.1052377	-1.9128363	0.23996022	0.8093544299533921	-0.6198607423458049	ENSG00000161526.15	SAP30BP	False
ENST00000432763	43.929005	2.9942303	1.0802292	-1.9140011	0.11672647	0.8093544299533921	-0.9328306369913539	ENSG00000196235.14	SUPT5H	False
ENST00000393232	31.92194	1.9161543	0.0	-1.9161543	0.043915216	0.8093544299533921	-1.357384977989325	ENSG00000106459.15	NRF1	False
ENST00000368733	12435.25	11.018978	9.098495	-1.9204836	0.044854946	0.8093544299533921	-1.348189657619779	ENSG00000143546.10	S100A8	True
ENST00000467636	78.34317	3.251624	1.3309748	-1.9206493	0.21602347	0.8093544299533921	-0.6654990521854186	ENSG00000150459.13	SAP18	True
ENST00000381995	356.96793	4.3672757	2.4450932	-1.9221826	0.37193835	0.8205267334844837	-0.4295290424355766	ENSG00000159128.16	IFNGR2	False
ENST00000563065	197.72952	3.9855778	2.0631323	-1.9224455	0.33512717	0.8158433703746901	-0.474790354585648	ENSG00000166946.14	CCNDBP1	False
ENST00000397806	49.2398	2.8874466	0.96337676	-1.9240699	0.21512428	0.8093544299533921	-0.6673105716958919	ENSG00000188536.13	HBA2	True
ENST00000301328	46.21084	2.7030556	0.7777511	-1.9253045	0.10135141	0.8093544299533921	-0.9941702043825908	ENSG00000167699.14	GLOD4	False
ENST00000379152	35.69101	1.9304014	0.0	-1.9304014	0.08935328	0.8093544299533921	-1.0488895090509613	ENSG00000103064.15	SLC7A6	False
ENST00000602269	37.61106	1.9323901	0.0	-1.9323901	0.10487312	0.8093544299533921	-0.9793358081906218	ENSG00000167378.10	IRGQ	False
ENST00000555219	13.771016	1.9337988	0.0	-1.9337988	0.022212427	0.8093544299533921	-1.6534039843302595	ENSG00000092020.11	PPP2R3C	True
ENST00000509849	26.14719	1.9368664	0.0	-1.9368664	0.026071576	0.8093544299533921	-1.5838327086930324	ENSG00000197603.16	CPLANE1	False
ENST00000258975	25.4	1.9391614	0.0	-1.9391614	0.02927042	0.8093544299533921	-1.5335710480601912	ENSG00000136463.9	TACO1	False
ENST00000504387	58.05949	2.9489481	1.0094423	-1.9395058	0.08933031	0.8093544299533921	-1.0490011679368936	ENSG00000111859.17	NEDD9	False
ENST00000706849	185.0643	5.1946054	3.246737	-1.9478683	0.18744664	0.8093544299533921	-0.7271223423970395	ENSG00000164506.16	STXBP5	False
ENST00000693041	23.573528	1.9491116	0.0	-1.9491116	0.028977655	0.8093544299533921	-1.537936764356596	ENSG00000115295.21	CLIP4	False
ENST00000296028	959.9632	7.2553716	5.305469	-1.9499025	0.022662926	0.8093544299533921	-1.6446840103747757	ENSG00000163736.4	PPBP	False
ENST00000253003	28.0	1.9583192	9.459038e-07	-1.9583182	0.07985306	0.8093544299533921	-1.097708448506416	ENSG00000130706.13	ADRM1	False
ENST00000615259	36.72855	2.8348837	0.8762506	-1.9586331	0.109937474	0.8093544299533921	-0.9588542453884494	ENSG00000171408.14	PDE7B	False
ENST00000374616	124.69584	4.1692615	2.2099497	-1.9593117	0.27745357	0.8093544299533921	-0.5568096803003573	ENSG00000125944.22	HNRNPR	False
ENST00000469379	32.113976	2.471162	0.5061237	-1.9650383	0.08309321	0.8093544299533921	-1.0804344578269656	ENSG00000182108.11	DEXI	False
ENST00000449683	19.72977	1.9685478	0.0	-1.9685478	0.02868277	0.8093544299533921	-1.542378906430245	ENSG00000241468.8	ATP5MF	False
ENST00000676874	122.325294	3.1813517	1.2125727	-1.968779	0.25827622	0.8093544299533921	-0.5879155713785306	ENSG00000170144.22	HNRNPA3	False
ENST00000344417	16.965872	1.9689088	0.0	-1.9689088	0.0053807064	0.8093544299533921	-2.2691607050536553	ENSG00000146576.13	INTS15	False
ENST00000698410	386.26288	6.3241444	4.353956	-1.9701881	0.2819389	0.8101601987651417	-0.5498449828638331	ENSG00000072756.18	TRNT1	False
ENST00000677765	509.39844	4.3147473	2.3421388	-1.9726086	0.36685002	0.818999162668339	-0.43551145468651026	ENSG00000070756.17	PABPC1	False
ENST00000540550	74.75557	3.830208	1.8534929	-1.9767152	0.13610592	0.8093544299533921	-0.8661229690555109	ENSG00000123297.20	TSFM	False
ENST00000684354	732.0846	7.2660136	5.2884445	-1.9775691	0.3464898	0.81719736681995	-0.46030956183348176	ENSG00000005810.20	MYCBP2	False
ENST00000263574	453.65796	5.483179	3.4988062	-1.9843729	0.43121693	0.8410214692507391	-0.3653042013092236	ENSG00000084234.18	APLP2	False
ENST00000572583	65.40277	2.5880172	0.6021413	-1.9858758	0.10848827	0.8093544299533921	-0.9646172195918908	ENSG00000141580.16	WDR45B	False
ENST00000435926	39.19918	2.2002933	0.21387069	-1.9864227	0.07069997	0.8093544299533921	-1.1505807861878128	ENSG00000168067.12	MAP4K2	False
ENST00000417700	32.642242	2.2629142	0.27342266	-1.9894915	0.036137965	0.8093544299533921	-1.4420363121540498	ENSG00000115841.21	RMDN2	False
ENST00000689345	34.408733	2.002873	0.008575695	-1.9942973	0.07807949	0.8093544299533921	-1.1074630217482053	ENSG00000165671.22	NSD1	False
ENST00000298818	72.54342	3.1355736	1.1384046	-1.997169	0.085839026	0.8093544299533921	-1.0663152205135578	ENSG00000165898.14	ISCA2	False
ENST00000607388	36.088177	2.8307273	0.8289275	-2.0017998	0.1252008	0.8093544299533921	-0.9023929198611148	ENSG00000197498.13	RPF2	False
ENST00000566403	25.99625	2.4962254	0.49315763	-2.0030677	0.03365645	0.8093544299533921	-1.4729316703773532	ENSG00000172775.18	PSME3IP1	True
ENST00000400919	46.297737	2.6851451	0.6820201	-2.003125	0.07995418	0.8093544299533921	-1.097158841961779	ENSG00000162585.17	FAAP20	False
ENST00000467076	19.945349	2.0088217	0.0	-2.0088217	0.009988268	0.8093544299533921	-2.000509817487942	ENSG00000160752.15	FDPS	False
ENST00000568704	43.34887	2.0097766	0.0	-2.0097766	0.10635114	0.8093544299533921	-0.9732578620356509	ENSG00000083799.18	CYLD	False
ENST00000647835	91.9365	3.5367	1.5210981	-2.0156019	0.16336681	0.8093544299533921	-0.7868361725322454	ENSG00000131174.7	COX7B	True
ENST00000527220	31.854065	2.5815518	0.5638878	-2.017664	0.035560705	0.8093544299533921	-1.449029640455147	ENSG00000130303.14	BST2	False
ENST00000446419	22.58631	2.0187633	0.0	-2.0187633	0.030660832	0.8093544299533921	-1.5134160602210138	ENSG00000149600.12	COMMD7	False
ENST00000587079	116.20555	3.5087373	1.489924	-2.0188134	0.23339115	0.8093544299533921	-0.6319156145186349	ENSG00000071626.17	DAZAP1	False
ENST00000259119	73.35372	3.5119126	1.4892511	-2.0226614	0.14823276	0.8093544299533921	-0.8290558107549743	ENSG00000136603.15	SKIL	False
ENST00000549017	571.4635	6.845576	4.822615	-2.0229607	0.1935764	0.8093544299533921	-0.7131476011807192	ENSG00000092841.19	MYL6	True
ENST00000454778	114.72616	4.326013	2.2982588	-2.0277543	0.12369853	0.8093544299533921	-0.9076354523159994	ENSG00000128294.16	TPST2	False
ENST00000528592	33.196636	2.427106	0.39639068	-2.0307152	0.07021118	0.8093544299533921	-1.1535937307156314	ENSG00000149269.10	PAK1	False
ENST00000409411	106.63619	4.282861	2.2462184	-2.0366428	0.22015022	0.8093544299533921	-0.6572808813077422	ENSG00000138078.16	PREPL	False
ENST00000413456	36.45053	2.0370796	0.0	-2.0370796	0.077777624	0.8093544299533921	-1.1091453273608656	ENSG00000143977.14	SNRPG	True
ENST00000587279	29.3	2.5264463	0.48832428	-2.0381222	0.014963859	0.8093544299533921	-1.8249563996220637	ENSG00000142409.6	ZNF787	True
ENST00000492095	45.9085	2.040389	0.0	-2.040389	0.08029572	0.8093544299533921	-1.095307607580901	ENSG00000157191.20	NECAP2	False
ENST00000593027	25.213692	2.225184	0.18195176	-2.0432322	0.021949872	0.8093544299533921	-1.658568000578876	ENSG00000105677.12	TMEM147	True
ENST00000490716	51.464558	2.0441294	1.4231284e-05	-2.044115	0.101103455	0.8093544299533921	-0.995234003783732	ENSG00000102710.21	SUPT20H	False
ENST00000627920	14.788846	2.0456183	0.0	-2.0456183	0.013537286	0.8093544299533921	-1.8684684005521754	ENSG00000149182.15	ARFGAP2	False
ENST00000686086	131.15788	3.2160466	1.163583	-2.0524635	0.2584381	0.8093544299533921	-0.5876434430957652	ENSG00000102081.16	FMR1	False
ENST00000312123	40.707745	2.7320893	0.67427117	-2.0578182	0.09638142	0.8093544299533921	-1.0160066866487916	ENSG00000165219.23	GAPVD1	False
ENST00000313546	67.139	3.4994524	1.4416153	-2.057837	0.12445583	0.8093544299533921	-0.9049847477322555	ENSG00000139323.14	POC1B	False
ENST00000579197	49.654644	3.154569	1.0959648	-2.0586042	0.1606994	0.8093544299533921	-0.7939857519777488	ENSG00000225190.12	PLEKHM1	True
ENST00000620633	164.71855	2.973567	0.91431856	-2.0592484	0.24597074	0.8093544299533921	-0.6091165506819475	ENSG00000139679.16	LPAR6	False
ENST00000486593	37.950016	2.7577732	0.69058764	-2.0671854	0.025282666	0.8093544299533921	-1.5971771311061715	ENSG00000005893.17	LAMP2	False
ENST00000441089	28.128946	2.0709534	0.0	-2.0709534	0.052227017	0.8093544299533921	-1.282104782470981	ENSG00000088179.9	PTPN4	True
ENST00000259043	35.117012	2.0716426	0.0	-2.0716426	0.030624572	0.8093544299533921	-1.5139299694955048	ENSG00000136527.19	TRA2B	False
ENST00000350274	46.505287	2.0735495	0.0	-2.0735495	0.07552767	0.8093544299533921	-1.121893924420865	ENSG00000134539.17	KLRD1	True
ENST00000435891	38.81599	2.073899	0.00026638873	-2.0736327	0.075427815	0.8093544299533921	-1.1224684709534294	ENSG00000171603.18	CLSTN1	False
ENST00000481767	26.15328	2.5288994	0.4524038	-2.0764956	0.036461253	0.8093544299533921	-1.4381684141321107	ENSG00000070087.15	PFN2	False
ENST00000439160	26.429499	2.2965157	0.21846737	-2.0780482	0.041036356	0.8093544299533921	-1.3868312086879957	ENSG00000070814.22	TCOF1	False
ENST00000392632	100.76291	4.293509	2.210177	-2.083332	0.20224169	0.8093544299533921	-0.6941293164896924	ENSG00000144357.18	UBR3	False
ENST00000622999	121.52716	3.300955	1.2164776	-2.0844774	0.2384588	0.8093544299533921	-0.6225866507355028	ENSG00000124226.11	RNF114	True
ENST00000680197	138.23836	4.0025063	1.9121867	-2.0903196	0.18833345	0.8093544299533921	-0.7250725338377059	ENSG00000185201.18	IFITM2	False
ENST00000274364	54.62794	2.1047585	0.0	-2.1047585	0.08407349	0.8093544299533921	-1.0753409168758141	ENSG00000145703.17	IQGAP2	False
ENST00000374975	119.77467	3.5648556	1.457502	-2.1073537	0.29561928	0.8111088466013822	-0.5292672463469669	ENSG00000198502.7	HLA-DRB5	False
ENST00000504102	688.05005	6.9684124	4.860985	-2.1074276	0.30295703	0.8118754707110037	-0.5186189680672665	ENSG00000121067.19	SPOP	False
ENST00000325805	353.7188	5.2657795	3.1540744	-2.111705	0.36520666	0.8185742609699567	-0.43746131254195125	ENSG00000114439.19	BBX	False
ENST00000705716	209.13106	3.574375	1.4620275	-2.1123474	0.30352718	0.8118754707110037	-0.5178024181849261	ENSG00000204267.19	TAP2	False
ENST00000681985	61.336212	2.1185083	0.0	-2.1185083	0.08623936	0.8093544299533921	-1.064294473759687	ENSG00000155096.15	AZIN1	False
ENST00000554563	122.7772	4.1207037	2.0019813	-2.1187224	0.1685138	0.8093544299533921	-0.7733645158713794	ENSG00000092020.11	PPP2R3C	False
ENST00000589210	23.826962	2.126221	0.0	-2.126221	0.079417326	0.8093544299533921	-1.1000847422495657	ENSG00000182473.22	EXOC7	False
ENST00000369622	195.99751	4.995249	2.8569107	-2.138338	0.109341286	0.8093544299533921	-0.9612158220417764	ENSG00000135316.20	SYNCRIP	False
ENST00000370491	79.9401	2.9703007	0.82422656	-2.146074	0.13527948	0.8093544299533921	-0.8687680855675204	ENSG00000137944.18	KYAT3	False
ENST00000714322	52.353523	3.3094718	1.1595783	-2.1498935	0.047434848	0.8093544299533921	-1.3239024885457362	ENSG00000118046.18	STK11	False
ENST00000663148	75.15353	3.8285885	1.6754503	-2.1531382	0.021514373	0.8093544299533921	-1.6672713081909065	ENSG00000075711.21	DLG1	False
ENST00000513960	423.2232	5.9060154	3.749459	-2.1565564	0.3603908	0.8185482386998197	-0.44322628950121695	ENSG00000038427.16	VCAN	False
ENST00000681282	40.633533	2.3123276	0.15276785	-2.1595597	0.099430114	0.8093544299533921	-1.0024820625169324	ENSG00000182173.14	TSEN54	False
ENST00000263246	52.84118	2.1613169	0.0	-2.1613169	0.07571714	0.8093544299533921	-1.1208057773344897	ENSG00000100266.19	PACSIN2	False
ENST00000449909	30.107752	2.163409	0.0	-2.163409	0.04693382	0.8093544299533921	-1.3285141094750617	ENSG00000104093.14	DMXL2	False
ENST00000313386	127.85105	3.4277546	1.2626469	-2.1651077	0.15372093	0.8093544299533921	-0.8132669961331082	ENSG00000145916.19	RMND5B	False
ENST00000372969	79.58952	3.9581444	1.7930189	-2.1651254	0.13051285	0.8093544299533921	-0.8843467315714636	ENSG00000168653.11	NDUFS5	False
ENST00000599164	39.08247	2.16563	0.0	-2.16563	0.07605394	0.8093544299533921	-1.1188782836281639	ENSG00000167483.19	NIBAN3	False
ENST00000682424	39.1352	2.1712363	0.0	-2.1712363	0.08925424	0.8093544299533921	-1.0493711548124252	ENSG00000166340.18	TPP1	False
ENST00000404526	65.195175	3.1009796	0.9276125	-2.173367	0.12148605	0.8093544299533921	-0.9154735781064299	ENSG00000003756.17	RBM5	True
ENST00000535010	165.37918	3.1137788	0.93466085	-2.179118	0.24168025	0.8093544299533921	-0.6167588392591068	ENSG00000097033.15	SH3GLB1	False
ENST00000544547	215.14871	3.5857055	1.4007932	-2.1849122	0.2703978	0.8093544299533921	-0.5679968267265249	ENSG00000169756.17	LIMS1	False
ENST00000395822	68.58476	4.000041	1.8148508	-2.1851902	0.031869933	0.8093544299533921	-1.4966188494157588	ENSG00000124256.15	ZBP1	False
ENST00000616533	197.33643	4.53433	2.3405538	-2.1937761	0.24072553	0.8093544299533921	-0.6184778445223728	ENSG00000086666.19	ZFAND6	True
ENST00000457444	285.41547	5.5754304	3.3778124	-2.197618	0.15245992	0.8093544299533921	-0.8168443140115557	ENSG00000106588.12	PSMA2	True
ENST00000394997	72.72992	3.199783	0.99809444	-2.2016888	0.12728699	0.8093544299533921	-0.8952159986031325	ENSG00000100644.17	HIF1A	False
ENST00000545251	55.119164	2.2041285	0.0	-2.2041285	0.091865435	0.8093544299533921	-1.0368478630106177	ENSG00000235750.10	KIAA0040	False
ENST00000368716	168.40402	5.102772	2.889537	-2.2132351	0.17163663	0.8093544299533921	-0.7653900310186756	ENSG00000196154.12	S100A4	False
ENST00000301776	103.47268	4.3024507	2.0887456	-2.213705	0.14438038	0.8093544299533921	-0.8404918322909212	ENSG00000162174.12	ASRGL1	False
ENST00000418390	52.980682	3.407611	1.1926948	-2.2149162	0.16940822	0.8093544299533921	-0.7710655282279232	ENSG00000011007.13	ELOA	False
ENST00000360472	47.0	2.8262708	0.60721016	-2.2190607	0.038861368	0.8093544299533921	-1.410481917068666	ENSG00000162734.13	PEA15	False
ENST00000530996	34.33296	3.1019523	0.8723453	-2.229607	0.08149394	0.8093544299533921	-1.0888747035500326	ENSG00000254505.11	CHMP4A	False
ENST00000437707	35.546894	3.1081707	0.87458277	-2.233588	0.07637092	0.8093544299533921	-1.1170719932281583	ENSG00000214654.9	B3GALT9	False
ENST00000409836	32.83996	2.7281196	0.49133903	-2.2367806	0.050937206	0.8093544299533921	-1.2929648843857025	ENSG00000136732.16	GYPC	False
ENST00000511132	30.52209	2.563298	0.32523778	-2.2380602	0.0093458	0.8093544299533921	-2.02938353176858	ENSG00000123737.13	EXOSC9	False
ENST00000281708	37.639618	2.837692	0.59604025	-2.2416518	0.029612837	0.8093544299533921	-1.5285199786135657	ENSG00000109670.17	FBXW7	False
ENST00000679059	24.731613	2.2457645	0.0	-2.2457645	0.022732707	0.8093544299533921	-1.6433488505717269	ENSG00000107371.14	EXOSC3	False
ENST00000394672	25.658411	2.25315	4.815482e-06	-2.2531452	0.079059	0.8093544299533921	-1.1020486979045707	ENSG00000180376.17	CCDC66	False
ENST00000650315	87.15837	4.2737203	2.0155394	-2.2581809	0.071829826	0.8093544299533921	-1.1436951877752117	ENSG00000119900.9	OGFRL1	False
ENST00000520013	43.711708	2.2598665	0.0	-2.2598665	0.07631349	0.8093544299533921	-1.1173986949837347	ENSG00000113643.9	RARS1	False
ENST00000647408	29.602947	2.2627254	0.0	-2.2627254	0.07866436	0.8093544299533921	-1.104221972914942	ENSG00000074800.16	ENO1	False
ENST00000458104	61.667137	2.265376	0.0	-2.265376	0.08537149	0.8093544299533921	-1.0686871547745598	ENSG00000026751.17	SLAMF7	False
ENST00000338380	178.5	4.31412	2.0476708	-2.266449	0.011082147	0.8093544299533921	-1.955376083682719	ENSG00000124107.5	SLPI	False
ENST00000515594	190.75302	4.490643	2.215228	-2.275415	0.2023948	0.8093544299533921	-0.6938006531764404	ENSG00000118482.12	PHF3	False
ENST00000538149	53.82003	2.8364556	0.55110276	-2.2853527	0.07252624	0.8093544299533921	-1.1395048440502624	ENSG00000099968.18	BCL2L13	False
ENST00000557140	18.776028	2.2900624	1.2898697e-07	-2.2900622	0.07873818	0.8093544299533921	-1.103814612613703	ENSG00000100906.12	NFKBIA	False
ENST00000615793	239.01877	3.5764475	1.2826569	-2.2937906	0.28944358	0.8109740254625081	-0.538436075408532	ENSG00000072401.15	UBE2D1	False
ENST00000346833	82.66609	4.2612624	1.9630588	-2.2982035	0.10909829	0.8093544299533921	-0.9621820449704549	ENSG00000108788.12	MLX	False
ENST00000537056	43.68862	3.2366745	0.93842274	-2.2982519	0.086140774	0.8093544299533921	-1.064791229333124	ENSG00000140853.17	NLRC5	False
ENST00000647188	363.5901	5.929094	3.6283002	-2.3007936	0.18968828	0.8093544299533921	-0.7219595009032792	ENSG00000157540.22	DYRK1A	False
ENST00000336066	78.06282	2.3051612	0.0	-2.3051612	0.10128208	0.8093544299533921	-0.9944673775466665	ENSG00000125779.24	PANK2	False
ENST00000539065	47.626442	2.644397	0.3354103	-2.3089867	0.042549968	0.8093544299533921	-1.3711007645837874	ENSG00000136536.15	MARCHF7	False
ENST00000390547	179.30258	4.5222607	2.2115157	-2.310745	0.11957089	0.8093544299533921	-0.9223745433282369	ENSG00000211895.5	IGHA1	True
ENST00000375225	26.58728	2.3386362	0.0	-2.3386362	0.0034864831	0.8093544299533921	-2.4576124324897894	ENSG00000127481.15	UBR4	False
ENST00000642637	42.453743	2.345359	0.0	-2.345359	0.060500514	0.8093544299533921	-1.218240937361472	ENSG00000111642.16	CHD4	False
ENST00000569956	80.89296	2.9429808	0.59345543	-2.3495255	0.06686518	0.8093544299533921	-1.1747999597742695	ENSG00000103502.14	CDIPT	False
ENST00000379757	49.07506	3.1077201	0.7572297	-2.3504906	0.05484221	0.8093544299533921	-1.2608850422364046	ENSG00000239264.9	TXNDC5	False
ENST00000265433	58.580498	2.4674602	0.09013321	-2.377327	0.042755798	0.8093544299533921	-1.3690049884472966	ENSG00000104320.15	NBN	False
ENST00000423894	60.221794	3.1492374	0.77028114	-2.3789563	0.030683536	0.8093544299533921	-1.513094592160257	ENSG00000187118.14	CMC1	True
ENST00000695119	326.44492	4.184528	1.8043028	-2.3802252	0.32177463	0.8129256085759431	-0.49244819805612206	ENSG00000173230.17	GOLGB1	False
ENST00000394805	522.7091	6.184936	3.8047047	-2.3802314	0.2216131	0.8093544299533921	-0.6544045825022149	ENSG00000015479.20	MATR3	False
ENST00000592224	62.133583	2.3889663	0.0	-2.3889663	0.076390594	0.8093544299533921	-1.1169601115734755	ENSG00000160633.13	SAFB	False
ENST00000283351	142.52106	4.832049	2.4343174	-2.3977315	0.058973134	0.8093544299533921	-1.2293457951763143	ENSG00000153339.15	TRAPPC8	False
ENST00000538098	1078.599	6.4732804	4.0589705	-2.41431	0.038483772	0.8093544299533921	-1.414722362209629	ENSG00000133316.16	WDR74	True
ENST00000690648	30.19289	2.419515	0.0	-2.419515	0.028283903	0.8093544299533921	-1.5484606550816933	ENSG00000099219.15	ERMP1	False
ENST00000539140	81.275894	2.4274552	0.0	-2.4274552	0.09672609	0.8093544299533921	-1.0144563688182824	ENSG00000156171.15	DRAM2	False
ENST00000620084	77.4315	2.4386845	0.0	-2.4386845	0.07624281	0.8093544299533921	-1.1178010944795354	ENSG00000122986.14	HVCN1	False
ENST00000556768	41.00013	2.7335417	0.29473186	-2.4388099	0.02521056	0.8093544299533921	-1.5984175181554192	ENSG00000092108.22	SCFD1	True
ENST00000620863	82.56398	3.6823921	1.2403729	-2.4420192	0.040477697	0.8093544299533921	-1.392784206959229	ENSG00000273611.5	ZNHIT3	True
ENST00000642937	55.86025	2.540103	0.09677337	-2.4433296	0.052309215	0.8093544299533921	-1.281421796773157	ENSG00000159023.23	EPB41	False
ENST00000645538	104.765625	4.144852	1.6984916	-2.4463606	0.115877904	0.8093544299533921	-0.9359993689254683	ENSG00000133657.17	ATP13A3	False
ENST00000405805	848.0919	5.9549813	3.5074484	-2.447533	0.27843407	0.8093544299533921	-0.5552776274529243	ENSG00000189403.15	HMGB1	False
ENST00000606977	110.80342	4.387447	1.9371073	-2.4503396	0.11542292	0.8093544299533921	-0.9377079452755265	ENSG00000182923.20	CEP63	False
ENST00000430559	320.67792	5.030851	2.5767102	-2.4541407	0.23831509	0.8093544299533921	-0.6228484564807473	ENSG00000102524.12	TNFSF13B	False
ENST00000509736	311.16888	4.205232	1.7390541	-2.466178	0.21356006	0.8093544299533921	-0.6704799664763964	ENSG00000145425.10	RPS3A	False
ENST00000353364	858.6625	7.268088	4.7918806	-2.4762073	0.20113795	0.8093544299533921	-0.6965059911939415	ENSG00000135655.16	USP15	False
ENST00000394806	78.67297	2.4773116	0.0001250527	-2.4771864	0.07615741	0.8093544299533921	-1.11828781456013	ENSG00000155330.10	C16orf87	False
ENST00000359208	53.287586	2.7891986	0.3046337	-2.484565	0.052619837	0.8093544299533921	-1.2788504997056171	ENSG00000067334.14	DNTTIP2	False
ENST00000570971	1012.2028	7.555454	5.070752	-2.4847016	0.345553	0.81719736681995	-0.46148531879795834	ENSG00000167978.19	SRRM2	False
ENST00000680918	201.9802	4.601627	2.1134884	-2.4881384	0.1470086	0.8093544299533921	-0.8326572646398225	ENSG00000158290.19	CUL4B	False
ENST00000356825	43.609947	2.4980562	0.0	-2.4980562	0.075687625	0.8093544299533921	-1.1209751250521842	ENSG00000175387.16	SMAD2	False
ENST00000296122	125.02293	2.5713758	0.06387278	-2.507503	0.10953441	0.8093544299533921	-0.9604494163114361	ENSG00000213639.11	PPP1CB	False
ENST00000678460	101.4664	2.51174	0.0	-2.51174	0.079576865	0.8093544299533921	-1.099213175143353	ENSG00000173692.14	PSMD1	False
ENST00000678170	68.31172	2.5122547	0.0	-2.5122547	0.08537112	0.8093544299533921	-1.0686890119742039	ENSG00000144381.18	HSPD1	False
ENST00000621333	232.95093	3.985062	1.4636823	-2.5213795	0.23609187	0.8093544299533921	-0.626918973273188	ENSG00000113916.18	BCL6	False
ENST00000543086	63.758625	3.624398	1.0971005	-2.5272975	0.10471666	0.8093544299533921	-0.9799842241550765	ENSG00000082805.21	ERC1	False
ENST00000651915	103.39848	2.5455582	0.0	-2.5455582	0.07629224	0.8093544299533921	-1.117519638645925	ENSG00000170581.15	STAT2	False
ENST00000698099	93.49663	2.5493085	0.0	-2.5493085	0.076085046	0.8093544299533921	-1.1187006928568755	ENSG00000135899.20	SP110	False
ENST00000537561	115.8999	2.570208	0.020615641	-2.5495925	0.082631625	0.8093544299533921	-1.0828537052650247	ENSG00000198585.12	NUDT16	False
ENST00000678357	76.20069	2.5501385	0.0	-2.5501385	0.077838846	0.8093544299533921	-1.108803613830946	ENSG00000164733.23	CTSB	False
ENST00000679973	47.2487	2.5560858	4.299566e-08	-2.5560858	0.07576874	0.8093544299533921	-1.120509940629502	ENSG00000125875.15	TBC1D20	False
ENST00000698904	42.71043	2.5591466	0.0	-2.5591466	0.07690715	0.8093544299533921	-1.114033279763348	ENSG00000100385.15	IL2RB	False
ENST00000679683	173.61844	2.5627556	0.0	-2.5627556	0.10961197	0.8093544299533921	-0.9601420042812185	ENSG00000188906.17	LRRK2	False
ENST00000400907	37.85401	2.5638363	0.0	-2.5638363	0.014453002	0.8093544299533921	-1.8400419296611927	ENSG00000142599.20	RERE	False
ENST00000700132	37.623817	2.5651639	0.0	-2.5651639	0.009018542	0.8093544299533921	-2.04486365603934	ENSG00000225190.12	PLEKHM1	False
ENST00000433216	375.81415	4.1910863	1.6166354	-2.574451	0.2623902	0.8093544299533921	-0.5810523955242388	ENSG00000106052.14	TAX1BP1	False
ENST00000256797	36.485756	2.5811694	0.0	-2.5811694	0.010310402	0.8093544299533921	-1.9867243954549647	ENSG00000134398.15	ERN2	False
ENST00000398947	89.70142	3.5176322	0.9361584	-2.5814738	0.08369197	0.8093544299533921	-1.0773162118170185	ENSG00000164134.14	NAA15	False
ENST00000321301	43.853832	2.9079237	0.31586346	-2.5920603	0.007276219	0.8093544299533921	-2.138094246938143	ENSG00000175768.13	TOMM5	False
ENST00000258317	100.22806	2.5961697	0.0	-2.5961697	0.04309073	0.8093544299533921	-1.3656161393405584	ENSG00000135838.14	NPL	False
ENST00000460088	97.34166	2.6105232	0.0	-2.6105232	0.06917459	0.8093544299533921	-1.1600534205296087	ENSG00000090266.13	NDUFB2	False
ENST00000472750	91.9	2.6141987	2.1497824e-07	-2.6141984	0.0780216	0.8093544299533921	-1.1077851431049603	ENSG00000162735.19	PEX19	True
ENST00000409824	81.1682	3.6626816	1.0332489	-2.6294327	0.0850277	0.8093544299533921	-1.0704395574384973	ENSG00000067066.17	SP100	False
ENST00000677147	197.59193	4.1256194	1.4815559	-2.6440635	0.10119346	0.8093544299533921	-0.9948475637315438	ENSG00000137876.11	RSL24D1	False
ENST00000442551	298.72266	4.9541125	2.304655	-2.6494575	0.16420576	0.8093544299533921	-0.7846116134179888	ENSG00000101182.15	PSMA7	False
ENST00000483723	132.82988	4.979902	2.3218215	-2.6580803	0.14829962	0.8093544299533921	-0.828859963099538	ENSG00000179335.20	CLK3	True
ENST00000703559	62.103027	2.6979177	0.0	-2.6979177	0.030773915	0.8093544299533921	-1.511817245159318	ENSG00000187239.19	FNBP1	False
ENST00000563270	66.95067	3.129239	0.4241321	-2.705107	0.0447803	0.8093544299533921	-1.3489130102895912	ENSG00000167526.14	RPL13	False
ENST00000621089	96.345985	4.4156175	1.7074983	-2.7081192	0.05142352	0.8093544299533921	-1.288838199979867	ENSG00000186184.20	POLR1D	False
ENST00000264424	35.187458	2.721283	0.0	-2.721283	0.008081309	0.8093544299533921	-2.092518310389525	ENSG00000061918.14	GUCY1B1	False
ENST00000598441	84.28784	3.6814854	0.9599961	-2.7214894	0.06584806	0.8093544299533921	-1.1814570159100977	ENSG00000104852.15	SNRNP70	False
ENST00000389869	146.1646	2.7257032	0.0	-2.7257032	0.07622269	0.8093544299533921	-1.1179157400893156	ENSG00000100503.27	NIN	False
ENST00000636541	96.01153	3.3052914	0.57285744	-2.732434	0.031434555	0.8093544299533921	-1.50259268874892	ENSG00000081189.17	MEF2C	False
ENST00000489597	70.83356	3.5065033	0.77312356	-2.7333798	0.038529277	0.8093544299533921	-1.4142091421403917	ENSG00000135899.20	SP110	False
ENST00000436146	248.36479	3.5314522	0.78728557	-2.7441666	0.16741417	0.8093544299533921	-0.7762077768968038	ENSG00000174748.22	RPL15	False
ENST00000544599	579.758	6.3948274	3.6230874	-2.77174	0.103566095	0.8093544299533921	-0.984782397710475	ENSG00000155957.19	TMBIM4	False
ENST00000366543	115.614746	3.5980537	0.8035552	-2.7944984	0.049919337	0.8093544299533921	-1.3017311910397644	ENSG00000143702.17	CEP170	False
ENST00000366603	166.01962	3.676328	0.8486826	-2.8276453	0.09337462	0.8093544299533921	-1.0297711646932364	ENSG00000054267.22	ARID4B	False
ENST00000342992	455.84894	6.1713986	3.337555	-2.8338437	0.23856527	0.8093544299533921	-0.6223927870911978	ENSG00000155657.29	TTN	False
ENST00000265198	63.02726	2.8389342	0.0	-2.8389342	0.037111495	0.8093544299533921	-1.430491553799293	ENSG00000074706.14	IPCEF1	False
ENST00000633080	83.82019	2.894943	0.0	-2.894943	0.07638648	0.8093544299533921	-1.116983493770126	ENSG00000147251.16	DOCK11	False
ENST00000612738	307.5626	3.3327339	0.42915803	-2.903576	0.11614848	0.8093544299533921	-0.9349864719884783	ENSG00000198625.14	MDM4	False
ENST00000637161	71.30705	3.740731	0.8270911	-2.91364	0.03021859	0.8093544299533921	-1.5197258029812215	ENSG00000181090.21	EHMT1	False
ENST00000588732	87.53561	4.2613425	1.3457795	-2.915563	0.11405348	0.8093544299533921	-0.9428914577454576	ENSG00000140632.17	GLYR1	False
ENST00000302907	289.68002	4.3429303	1.4210454	-2.921885	0.18117748	0.8093544299533921	-0.7418957804283366	ENSG00000170889.14	RPS9	False
ENST00000601645	76.8405	4.104713	1.1747223	-2.9299908	0.029996127	0.8093544299533921	-1.5229348179073912	ENSG00000099783.13	HNRNPM	False
ENST00000698356	183.80936	5.063261	2.131955	-2.9313061	0.105232425	0.8093544299533921	-0.9778504213647026	ENSG00000135604.11	STX11	False
ENST00000444946	102.3583	2.952984	0.0	-2.952984	0.04411722	0.8093544299533921	-1.3553918644767977	ENSG00000291237.1	SOD2	False
ENST00000367295	69.97587	3.2394888	0.27228713	-2.9672017	0.012747563	0.8093544299533921	-1.8945728186515487	ENSG00000134369.16	NAV1	False
ENST00000417956	135.43442	3.0052435	0.032486893	-2.9727566	0.07594704	0.8093544299533921	-1.1194891545879495	ENSG00000048740.19	CELF2	False
ENST00000377669	79.97026	4.122831	1.1345301	-2.9883008	0.07175005	0.8093544299533921	-1.1441777781899847	ENSG00000118922.19	KLF12	False
ENST00000613570	352.1627	4.370413	1.3800815	-2.9903312	0.1703163	0.8093544299533921	-0.7687438019234383	ENSG00000116161.18	CACYBP	False
ENST00000612871	149.99365	3.8604085	0.8621931	-2.9982154	0.07286374	0.8093544299533921	-1.137488524609492	ENSG00000136250.12	AOAH	False
ENST00000457309	300.6247	4.6196923	1.5949467	-3.0247455	0.16654052	0.8093544299533921	-0.7784800878148951	ENSG00000164924.18	YWHAZ	False
ENST00000372351	49.262486	3.0439422	0.0	-3.0439422	0.001602472	0.8093544299533921	-2.795209539618932	ENSG00000130713.17	EXOSC2	False
ENST00000458705	677.38513	7.221725	4.176691	-3.045034	0.14596792	0.8093544299533921	-0.8357425934320901	ENSG00000189180.16	ZNF33A	False
ENST00000401000	60.13513	3.0608952	0.0	-3.0608952	0.028688952	0.8093544299533921	-1.5422853111826678	ENSG00000163125.16	RPRD2	False
ENST00000468206	121.04661	3.079665	0.0	-3.079665	0.03447379	0.8093544299533921	-1.462510946593487	ENSG00000127084.19	FGD3	False
ENST00000341533	60.554543	3.1084626	2.5797388e-07	-3.1084623	0.0067899874	0.8093544299533921	-2.1681310289953872	ENSG00000161048.12	NAPEPLD	False
ENST00000370994	201.16234	3.113205	0.0	-3.113205	0.08731646	0.8093544299533921	-1.0589038753393278	ENSG00000142864.15	SERBP1	False
ENST00000679525	698.01483	6.7201304	3.5977466	-3.1223838	0.17720735	0.8093544299533921	-0.7515182671236089	ENSG00000132424.17	PNISR	True
ENST00000230048	237.28207	4.0354667	0.86242175	-3.173045	0.0776115	0.8093544299533921	-1.1100739310585854	ENSG00000112304.11	ACOT13	False
ENST00000393047	122.96016	4.299051	1.1254634	-3.1735873	0.068114586	0.8093544299533921	-1.1667598775617731	ENSG00000150776.18	NKAPD1	False
ENST00000336906	454.9502	4.80331	1.6183288	-3.184981	0.1978165	0.8093544299533921	-0.7037374732147061	ENSG00000196565.15	HBG2	False
ENST00000409440	155.22253	4.298675	1.1133215	-3.1853535	0.011170528	0.8093544299533921	-1.9519263024731632	ENSG00000188452.15	CERKL	False
ENST00000075120	836.84393	6.9968715	3.7237911	-3.2730803	0.07549866	0.8093544299533921	-1.1220607398286866	ENSG00000059804.17	SLC2A3	False
ENST00000380550	110.60408	3.2781143	0.0	-3.2781143	0.03625172	0.8093544299533921	-1.4406713825658441	ENSG00000046651.16	OFD1	False
ENST00000257430	213.48164	4.632117	1.341664	-3.290453	0.093308434	0.8093544299533921	-1.0300790998065865	ENSG00000134982.19	APC	False
ENST00000697001	303.8244	5.105868	1.7611392	-3.3447287	0.10299336	0.8093544299533921	-0.987190766468211	ENSG00000142687.19	KIAA0319L	False
ENST00000624776	145.56677	3.3727405	0.001436209	-3.3713043	0.029512974	0.8093544299533921	-1.5299870320935804	ENSG00000177853.15	ZNF518A	False
ENST00000677066	103.10189	3.5014286	0.0	-3.5014286	0.027949048	0.8093544299533921	-1.5536329772526618	ENSG00000113013.16	HSPA9	False
ENST00000360121	215.00818	4.622565	1.1198525	-3.5027122	0.09497858	0.8093544299533921	-1.0223743350968877	ENSG00000197471.12	SPN	False
ENST00000672442	154.58032	4.834646	1.3086709	-3.5259752	0.032013092	0.8093544299533921	-1.4946723747091506	ENSG00000117020.19	AKT3	False
ENST00000357266	378.1791	5.1900144	1.6288708	-3.5611434	0.12105182	0.8093544299533921	-0.9170286833066006	ENSG00000096060.15	FKBP5	False
ENST00000359617	360.77072	5.657946	2.0607867	-3.5971594	0.13373555	0.8093544299533921	-0.8737531239891204	ENSG00000124222.23	STX16	False
ENST00000463374	988.167	5.590725	1.9227079	-3.668017	0.17101263	0.8093544299533921	-0.7669718264026062	ENSG00000152601.18	MBNL1	False
ENST00000382692	826.2648	6.934769	3.239313	-3.6954563	0.14834258	0.8093544299533921	-0.8287341730949381	ENSG00000206047.4	DEFA1	False
ENST00000514508	64.70718	3.7292893	0.0	-3.7292893	0.00034137547	0.8093544299533921	-3.466767682792991	ENSG00000184432.11	COPB2	False
ENST00000432907	121.81847	4.8313203	1.081561	-3.7497592	0.03830868	0.8093544299533921	-1.416702811567134	ENSG00000160199.15	PKNOX1	False
ENST00000422945	149.40302	4.552588	0.6593094	-3.8932786	0.009959158	0.8093544299533921	-2.001777396930335	ENSG00000078304.20	PPP2R5C	False
ENST00000289816	99.15226	4.0100284	0.058200922	-3.9518275	0.027217753	0.8093544299533921	-1.5651477277521901	ENSG00000158805.12	ZNF276	False
ENST00000324953	300.46637	4.881992	0.0071332185	-4.874859	0.0071542677	0.8093544299533921	-2.1454348105039003	ENSG00000135535.17	CD164	True
